-16.328047	0ba0
5

G 0.000000 0.000000 0.000000
N 2.687006 2.687006 0.000000
L 0.000000 2.687006 -2.687006
V -2.687006 2.687006 0.000000
S 0.000000 5.374012 0.000000


-16.237250	62a0
5

G 0.000000 0.000000 0.000000
N 2.687006 2.687006 0.000000
L 0.000000 2.687006 -2.687006
V 0.000000 5.374012 0.000000
S -2.687006 2.687006 0.000000


-16.008793	a910
5

G 0.000000 0.000000 0.000000
N 2.687006 2.687006 0.000000
L 0.000000 5.374012 0.000000
V 0.000000 2.687006 2.687006
S -2.687006 2.687006 0.000000


-16.008793	b810
5

G 0.000000 0.000000 0.000000
N 2.687006 2.687006 0.000000
L 0.000000 5.374012 0.000000
V 0.000000 2.687006 -2.687006
S -2.687006 2.687006 0.000000


-15.712971	4ba0
5

G 0.000000 0.000000 0.000000
N 2.687006 2.687006 0.000000
L 0.000000 2.687006 -2.687006
V -2.687006 2.687006 0.000000
S 0.000000 2.687006 2.687006


-15.642676	4610
5

G 0.000000 0.000000 0.000000
N 2.687006 2.687006 0.000000
L 0.000000 5.374012 0.000000
V -2.687006 2.687006 0.000000
S 0.000000 2.687006 2.687006


-15.642676	5610
5

G 0.000000 0.000000 0.000000
N 2.687006 2.687006 0.000000
L 0.000000 5.374012 0.000000
V -2.687006 2.687006 0.000000
S 0.000000 2.687006 -2.687006


-15.576934	a7a0
5

G 0.000000 0.000000 0.000000
N 2.687006 2.687006 0.000000
L 0.000000 2.687006 -2.687006
V 2.687006 0.000000 -2.687006
S 0.000000 0.000000 -5.374012


-15.551880	92a0
5

G 0.000000 0.000000 0.000000
N 2.687006 2.687006 0.000000
L 0.000000 2.687006 -2.687006
V 0.000000 5.374012 0.000000
S 0.000000 2.687006 2.687006


-15.407229	37a0
5

G 0.000000 0.000000 0.000000
N 2.687006 2.687006 0.000000
L 0.000000 2.687006 -2.687006
V 2.687006 0.000000 -2.687006
S 2.687006 2.687006 -5.374012


-15.281112	8ba0
5

G 0.000000 0.000000 0.000000
N 2.687006 2.687006 0.000000
L 0.000000 2.687006 -2.687006
V -2.687006 2.687006 0.000000
S -2.687006 0.000000 -2.687006


-14.961859	67a0
5

G 0.000000 0.000000 0.000000
N 2.687006 2.687006 0.000000
L 0.000000 2.687006 -2.687006
V 2.687006 0.000000 -2.687006
S 0.000000 -2.687006 -2.687006


-14.880021	52a0
5

G 0.000000 0.000000 0.000000
N 2.687006 2.687006 0.000000
L 0.000000 2.687006 -2.687006
V 0.000000 5.374012 0.000000
S 2.687006 5.374012 -2.687006


-14.721859	07a0
5

G 0.000000 0.000000 0.000000
N 2.687006 2.687006 0.000000
L 0.000000 2.687006 -2.687006
V 2.687006 0.000000 -2.687006
S 5.374012 2.687006 -2.687006


-14.651564	0910
5

G 0.000000 0.000000 0.000000
N 2.687006 2.687006 0.000000
L 0.000000 5.374012 0.000000
V 0.000000 2.687006 2.687006
S 2.687006 5.374012 2.687006


-14.651564	0810
5

G 0.000000 0.000000 0.000000
N 2.687006 2.687006 0.000000
L 0.000000 5.374012 0.000000
V 0.000000 2.687006 -2.687006
S 2.687006 5.374012 -2.687006


-14.397229	26a0
5

G 0.000000 0.000000 0.000000
N 2.687006 2.687006 0.000000
L 0.000000 2.687006 -2.687006
V -2.687006 0.000000 -2.687006
S -2.687006 2.687006 0.000000


-13.870021	48a0
5

G 0.000000 0.000000 0.000000
N 2.687006 2.687006 0.000000
L 0.000000 2.687006 -2.687006
V 0.000000 0.000000 -5.374012
S 2.687006 0.000000 -2.687006


-13.776934	b0a0
5

G 0.000000 0.000000 0.000000
N 2.687006 2.687006 0.000000
L 0.000000 2.687006 -2.687006
V 2.687006 5.374012 -2.687006
S 0.000000 5.374012 0.000000


-13.481112	95a0
5

G 0.000000 0.000000 0.000000
N 2.687006 2.687006 0.000000
L 0.000000 2.687006 -2.687006
V 2.687006 2.687006 -5.374012
S 2.687006 0.000000 -2.687006


-13.461112	3ba0
5

G 0.000000 0.000000 0.000000
N 2.687006 2.687006 0.000000
L 0.000000 2.687006 -2.687006
V -2.687006 2.687006 0.000000
S -2.687006 5.374012 -2.687006


-13.307229	97a0
5

G 0.000000 0.000000 0.000000
N 2.687006 2.687006 0.000000
L 0.000000 2.687006 -2.687006
V 2.687006 0.000000 -2.687006
S 2.687006 -2.687006 0.000000


-13.300021	a2a0
5

G 0.000000 0.000000 0.000000
N 2.687006 2.687006 0.000000
L 0.000000 2.687006 -2.687006
V 0.000000 5.374012 0.000000
S -2.687006 5.374012 -2.687006


-13.236934	47a0
5

G 0.000000 0.000000 0.000000
N 2.687006 2.687006 0.000000
L 0.000000 2.687006 -2.687006
V 2.687006 0.000000 -2.687006
S 5.374012 0.000000 0.000000


-13.091564	6510
5

G 0.000000 0.000000 0.000000
N 2.687006 2.687006 0.000000
L 0.000000 5.374012 0.000000
V 2.687006 5.374012 -2.687006
S 0.000000 2.687006 -2.687006


-13.091564	6410
5

G 0.000000 0.000000 0.000000
N 2.687006 2.687006 0.000000
L 0.000000 5.374012 0.000000
V 2.687006 5.374012 2.687006
S 0.000000 2.687006 2.687006


-13.071564	1910
5

G 0.000000 0.000000 0.000000
N 2.687006 2.687006 0.000000
L 0.000000 5.374012 0.000000
V 0.000000 2.687006 2.687006
S -2.687006 5.374012 2.687006


-13.071564	1810
5

G 0.000000 0.000000 0.000000
N 2.687006 2.687006 0.000000
L 0.000000 5.374012 0.000000
V 0.000000 2.687006 -2.687006
S -2.687006 5.374012 -2.687006


-12.996934	5640
5

G 0.000000 0.000000 0.000000
N 2.687006 2.687006 0.000000
L 5.374012 2.687006 2.687006
V 2.687006 0.000000 2.687006
S 5.374012 0.000000 0.000000


-12.746934	56a0
5

G 0.000000 0.000000 0.000000
N 2.687006 2.687006 0.000000
L 0.000000 2.687006 -2.687006
V -2.687006 0.000000 -2.687006
S 0.000000 0.000000 -5.374012


-12.551564	7910
5

G 0.000000 0.000000 0.000000
N 2.687006 2.687006 0.000000
L 0.000000 5.374012 0.000000
V 0.000000 2.687006 2.687006
S 2.687006 0.000000 2.687006


-12.551564	7810
5

G 0.000000 0.000000 0.000000
N 2.687006 2.687006 0.000000
L 0.000000 5.374012 0.000000
V 0.000000 2.687006 -2.687006
S 2.687006 0.000000 -2.687006


-12.540021	b840
5

G 0.000000 0.000000 0.000000
N 2.687006 2.687006 0.000000
L 5.374012 2.687006 2.687006
V 5.374012 0.000000 0.000000
S 2.687006 0.000000 2.687006


-12.381859	1640
5

G 0.000000 0.000000 0.000000
N 2.687006 2.687006 0.000000
L 5.374012 2.687006 2.687006
V 2.687006 0.000000 2.687006
S 0.000000 2.687006 2.687006


-12.312971	aba0
5

G 0.000000 0.000000 0.000000
N 2.687006 2.687006 0.000000
L 0.000000 2.687006 -2.687006
V -2.687006 2.687006 0.000000
S -5.374012 2.687006 -2.687006


-12.290021	b8a0
5

G 0.000000 0.000000 0.000000
N 2.687006 2.687006 0.000000
L 0.000000 2.687006 -2.687006
V 0.000000 0.000000 -5.374012
S -2.687006 0.000000 -2.687006


-12.242676	2610
5

G 0.000000 0.000000 0.000000
N 2.687006 2.687006 0.000000
L 0.000000 5.374012 0.000000
V -2.687006 2.687006 0.000000
S -2.687006 5.374012 2.687006


-12.242676	3610
5

G 0.000000 0.000000 0.000000
N 2.687006 2.687006 0.000000
L 0.000000 5.374012 0.000000
V -2.687006 2.687006 0.000000
S -2.687006 5.374012 -2.687006


-12.151880	32a0
5

G 0.000000 0.000000 0.000000
N 2.687006 2.687006 0.000000
L 0.000000 2.687006 -2.687006
V 0.000000 5.374012 0.000000
S 0.000000 8.061017 -2.687006


-12.131859	76a0
5

G 0.000000 0.000000 0.000000
N 2.687006 2.687006 0.000000
L 0.000000 2.687006 -2.687006
V -2.687006 0.000000 -2.687006
S 0.000000 -2.687006 -2.687006


-12.027229	80a0
5

G 0.000000 0.000000 0.000000
N 2.687006 2.687006 0.000000
L 0.000000 2.687006 -2.687006
V 2.687006 5.374012 -2.687006
S 2.687006 2.687006 -5.374012


-11.923423	3810
5

G 0.000000 0.000000 0.000000
N 2.687006 2.687006 0.000000
L 0.000000 5.374012 0.000000
V 0.000000 2.687006 -2.687006
S 0.000000 5.374012 -5.374012


-11.923423	2910
5

G 0.000000 0.000000 0.000000
N 2.687006 2.687006 0.000000
L 0.000000 5.374012 0.000000
V 0.000000 2.687006 2.687006
S 0.000000 5.374012 5.374012


-11.661112	25a0
5

G 0.000000 0.000000 0.000000
N 2.687006 2.687006 0.000000
L 0.000000 2.687006 -2.687006
V 2.687006 2.687006 -5.374012
S 2.687006 5.374012 -2.687006


-11.587250	08a0
5

G 0.000000 0.000000 0.000000
N 2.687006 2.687006 0.000000
L 0.000000 2.687006 -2.687006
V 0.000000 0.000000 -5.374012
S 2.687006 2.687006 -5.374012


-11.460000	36a0
5

G 0.000000 0.000000 0.000000
N 2.687006 2.687006 0.000000
L 0.000000 2.687006 -2.687006
V -2.687006 0.000000 -2.687006
S -2.687006 2.687006 -5.374012


-11.368047	65a0
5

G 0.000000 0.000000 0.000000
N 2.687006 2.687006 0.000000
L 0.000000 2.687006 -2.687006
V 2.687006 2.687006 -5.374012
S 0.000000 0.000000 -5.374012


-11.361112	9ba0
5

G 0.000000 0.000000 0.000000
N 2.687006 2.687006 0.000000
L 0.000000 2.687006 -2.687006
V -2.687006 2.687006 0.000000
S -2.687006 0.000000 2.687006


-11.341859	70a0
5

G 0.000000 0.000000 0.000000
N 2.687006 2.687006 0.000000
L 0.000000 2.687006 -2.687006
V 2.687006 5.374012 -2.687006
S 5.374012 2.687006 -2.687006


-11.247229	2640
5

G 0.000000 0.000000 0.000000
N 2.687006 2.687006 0.000000
L 5.374012 2.687006 2.687006
V 2.687006 0.000000 2.687006
S 2.687006 2.687006 5.374012


-11.141880	98a0
5

G 0.000000 0.000000 0.000000
N 2.687006 2.687006 0.000000
L 0.000000 2.687006 -2.687006
V 0.000000 0.000000 -5.374012
S 0.000000 -2.687006 -2.687006


-11.094535	1610
5

G 0.000000 0.000000 0.000000
N 2.687006 2.687006 0.000000
L 0.000000 5.374012 0.000000
V -2.687006 2.687006 0.000000
S -5.374012 5.374012 0.000000


-11.017229	91a0
5

G 0.000000 0.000000 0.000000
N 2.687006 2.687006 0.000000
L 0.000000 2.687006 -2.687006
V -2.687006 5.374012 -2.687006
S -2.687006 2.687006 0.000000


-10.971564	6910
5

G 0.000000 0.000000 0.000000
N 2.687006 2.687006 0.000000
L 0.000000 5.374012 0.000000
V 0.000000 2.687006 2.687006
S -2.687006 0.000000 2.687006


-10.971564	6810
5

G 0.000000 0.000000 0.000000
N 2.687006 2.687006 0.000000
L 0.000000 5.374012 0.000000
V 0.000000 2.687006 -2.687006
S -2.687006 0.000000 -2.687006


-10.960021	42a0
5

G 0.000000 0.000000 0.000000
N 2.687006 2.687006 0.000000
L 0.000000 2.687006 -2.687006
V 0.000000 5.374012 0.000000
S 2.687006 5.374012 2.687006


-10.946934	41a0
5

G 0.000000 0.000000 0.000000
N 2.687006 2.687006 0.000000
L 0.000000 2.687006 -2.687006
V -2.687006 5.374012 -2.687006
S 0.000000 5.374012 0.000000


-10.910000	a0a0
5

G 0.000000 0.000000 0.000000
N 2.687006 2.687006 0.000000
L 0.000000 2.687006 -2.687006
V 2.687006 5.374012 -2.687006
S 0.000000 5.374012 -5.374012


-10.828047	6ba0
5

G 0.000000 0.000000 0.000000
N 2.687006 2.687006 0.000000
L 0.000000 2.687006 -2.687006
V -2.687006 2.687006 0.000000
S -5.374012 0.000000 0.000000


-10.808793	2510
5

G 0.000000 0.000000 0.000000
N 2.687006 2.687006 0.000000
L 0.000000 5.374012 0.000000
V 2.687006 5.374012 -2.687006
S 2.687006 8.061017 0.000000


-10.808793	3410
5

G 0.000000 0.000000 0.000000
N 2.687006 2.687006 0.000000
L 0.000000 5.374012 0.000000
V 2.687006 5.374012 2.687006
S 2.687006 8.061017 0.000000


-10.512971	45a0
5

G 0.000000 0.000000 0.000000
N 2.687006 2.687006 0.000000
L 0.000000 2.687006 -2.687006
V 2.687006 2.687006 -5.374012
S 5.374012 2.687006 -2.687006


-10.497250	02a0
5

G 0.000000 0.000000 0.000000
N 2.687006 2.687006 0.000000
L 0.000000 2.687006 -2.687006
V 0.000000 5.374012 0.000000
S 2.687006 8.061017 0.000000


-10.470021	18a0
5

G 0.000000 0.000000 0.000000
N 2.687006 2.687006 0.000000
L 0.000000 2.687006 -2.687006
V 0.000000 0.000000 -5.374012
S -2.687006 2.687006 -5.374012


-10.442676	8010
5

G 0.000000 0.000000 0.000000
N 2.687006 2.687006 0.000000
L 0.000000 5.374012 0.000000
V 2.687006 8.061017 0.000000
S 2.687006 5.374012 -2.687006


-10.442676	9010
5

G 0.000000 0.000000 0.000000
N 2.687006 2.687006 0.000000
L 0.000000 5.374012 0.000000
V 2.687006 8.061017 0.000000
S 2.687006 5.374012 2.687006


-10.438499	8810
5

G 0.000000 0.000000 0.000000
N 2.687006 2.687006 0.000000
L 0.000000 5.374012 0.000000
V 0.000000 2.687006 -2.687006
S 0.000000 0.000000 -5.374012


-10.438499	9910
5

G 0.000000 0.000000 0.000000
N 2.687006 2.687006 0.000000
L 0.000000 5.374012 0.000000
V 0.000000 2.687006 2.687006
S 0.000000 0.000000 5.374012


-10.370000	57a0
5

G 0.000000 0.000000 0.000000
N 2.687006 2.687006 0.000000
L 0.000000 2.687006 -2.687006
V 2.687006 0.000000 -2.687006
S 5.374012 0.000000 -5.374012


-10.370000	77a0
5

G 0.000000 0.000000 0.000000
N 2.687006 2.687006 0.000000
L 0.000000 2.687006 -2.687006
V 2.687006 0.000000 -2.687006
S 5.374012 -2.687006 -2.687006


-10.370000	87a0
5

G 0.000000 0.000000 0.000000
N 2.687006 2.687006 0.000000
L 0.000000 2.687006 -2.687006
V 2.687006 0.000000 -2.687006
S 2.687006 -2.687006 -5.374012


-10.311859	16a0
5

G 0.000000 0.000000 0.000000
N 2.687006 2.687006 0.000000
L 0.000000 2.687006 -2.687006
V -2.687006 0.000000 -2.687006
S -5.374012 2.687006 -2.687006


-10.268793	4910
5

G 0.000000 0.000000 0.000000
N 2.687006 2.687006 0.000000
L 0.000000 5.374012 0.000000
V 0.000000 2.687006 2.687006
S 2.687006 2.687006 5.374012


-10.268793	5810
5

G 0.000000 0.000000 0.000000
N 2.687006 2.687006 0.000000
L 0.000000 5.374012 0.000000
V 0.000000 2.687006 -2.687006
S 2.687006 2.687006 -5.374012


-10.261564	7b10
5

G 0.000000 0.000000 0.000000
N 2.687006 2.687006 0.000000
L 0.000000 5.374012 0.000000
V -2.687006 5.374012 2.687006
S 0.000000 2.687006 2.687006


-10.261564	7a10
5

G 0.000000 0.000000 0.000000
N 2.687006 2.687006 0.000000
L 0.000000 5.374012 0.000000
V -2.687006 5.374012 -2.687006
S 0.000000 2.687006 -2.687006


-10.257250	0840
5

G 0.000000 0.000000 0.000000
N 2.687006 2.687006 0.000000
L 5.374012 2.687006 2.687006
V 5.374012 0.000000 0.000000
S 8.061017 2.687006 0.000000


-10.142676	8610
5

G 0.000000 0.000000 0.000000
N 2.687006 2.687006 0.000000
L 0.000000 5.374012 0.000000
V -2.687006 2.687006 0.000000
S -2.687006 0.000000 -2.687006


-10.142676	9610
5

G 0.000000 0.000000 0.000000
N 2.687006 2.687006 0.000000
L 0.000000 5.374012 0.000000
V -2.687006 2.687006 0.000000
S -2.687006 0.000000 2.687006


-10.130000	4640
5

G 0.000000 0.000000 0.000000
N 2.687006 2.687006 0.000000
L 5.374012 2.687006 2.687006
V 2.687006 0.000000 2.687006
S 5.374012 0.000000 5.374012


-10.123423	4510
5

G 0.000000 0.000000 0.000000
N 2.687006 2.687006 0.000000
L 0.000000 5.374012 0.000000
V 2.687006 5.374012 -2.687006
S 5.374012 5.374012 0.000000


-10.123423	5410
5

G 0.000000 0.000000 0.000000
N 2.687006 2.687006 0.000000
L 0.000000 5.374012 0.000000
V 2.687006 5.374012 2.687006
S 5.374012 5.374012 0.000000


-10.081112	15a0
5

G 0.000000 0.000000 0.000000
N 2.687006 2.687006 0.000000
L 0.000000 2.687006 -2.687006
V 2.687006 2.687006 -5.374012
S 0.000000 5.374012 -5.374012


-9.900000	9aa0
5

G 0.000000 0.000000 0.000000
N 2.687006 2.687006 0.000000
L 0.000000 2.687006 -2.687006
V -2.687006 2.687006 -5.374012
S -2.687006 0.000000 -2.687006


-9.798793	8b10
5

G 0.000000 0.000000 0.000000
N 2.687006 2.687006 0.000000
L 0.000000 5.374012 0.000000
V -2.687006 5.374012 2.687006
S -2.687006 2.687006 0.000000


-9.798793	9a10
5

G 0.000000 0.000000 0.000000
N 2.687006 2.687006 0.000000
L 0.000000 5.374012 0.000000
V -2.687006 5.374012 -2.687006
S -2.687006 2.687006 0.000000


-9.761859	10a0
5

G 0.000000 0.000000 0.000000
N 2.687006 2.687006 0.000000
L 0.000000 2.687006 -2.687006
V 2.687006 5.374012 -2.687006
S 0.000000 8.061017 -2.687006


-9.691564	1510
5

G 0.000000 0.000000 0.000000
N 2.687006 2.687006 0.000000
L 0.000000 5.374012 0.000000
V 2.687006 5.374012 -2.687006
S 0.000000 8.061017 -2.687006


-9.691564	1410
5

G 0.000000 0.000000 0.000000
N 2.687006 2.687006 0.000000
L 0.000000 5.374012 0.000000
V 2.687006 5.374012 2.687006
S 0.000000 8.061017 2.687006


-9.660000	43a0
5

G 0.000000 0.000000 0.000000
N 2.687006 2.687006 0.000000
L 0.000000 2.687006 -2.687006
V 0.000000 5.374012 -5.374012
S 2.687006 5.374012 -2.687006


-9.609611	6610
5

G 0.000000 0.000000 0.000000
N 2.687006 2.687006 0.000000
L 0.000000 5.374012 0.000000
V -2.687006 2.687006 0.000000
S -5.374012 0.000000 0.000000


-9.571880	3840
5

G 0.000000 0.000000 0.000000
N 2.687006 2.687006 0.000000
L 5.374012 2.687006 2.687006
V 5.374012 0.000000 0.000000
S 5.374012 2.687006 -2.687006


-9.541112	bba0
5

G 0.000000 0.000000 0.000000
N 2.687006 2.687006 0.000000
L 0.000000 2.687006 -2.687006
V -2.687006 2.687006 0.000000
S -5.374012 2.687006 2.687006


-9.541112	1ba0
5

G 0.000000 0.000000 0.000000
N 2.687006 2.687006 0.000000
L 0.000000 2.687006 -2.687006
V -2.687006 2.687006 0.000000
S -5.374012 5.374012 0.000000


-9.541112	2ba0
5

G 0.000000 0.000000 0.000000
N 2.687006 2.687006 0.000000
L 0.000000 2.687006 -2.687006
V -2.687006 2.687006 0.000000
S -2.687006 5.374012 2.687006


-9.380021	b2a0
5

G 0.000000 0.000000 0.000000
N 2.687006 2.687006 0.000000
L 0.000000 2.687006 -2.687006
V 0.000000 5.374012 0.000000
S -2.687006 5.374012 2.687006


-9.380021	12a0
5

G 0.000000 0.000000 0.000000
N 2.687006 2.687006 0.000000
L 0.000000 2.687006 -2.687006
V 0.000000 5.374012 0.000000
S -2.687006 8.061017 0.000000


-9.380021	22a0
5

G 0.000000 0.000000 0.000000
N 2.687006 2.687006 0.000000
L 0.000000 2.687006 -2.687006
V 0.000000 5.374012 0.000000
S 0.000000 8.061017 2.687006


-9.366934	7aa0
5

G 0.000000 0.000000 0.000000
N 2.687006 2.687006 0.000000
L 0.000000 2.687006 -2.687006
V -2.687006 2.687006 -5.374012
S 0.000000 0.000000 -5.374012


-9.360000	96a0
5

G 0.000000 0.000000 0.000000
N 2.687006 2.687006 0.000000
L 0.000000 2.687006 -2.687006
V -2.687006 0.000000 -2.687006
S -2.687006 -2.687006 0.000000


