-109.527653	60753653610
12

V 0.000000 0.000000 0.000000
R 2.193931 2.193931 -2.193931
R 4.387862 0.000000 -4.387862
F 6.581793 -2.193931 -2.193931
D 4.387862 -4.387862 -4.387862
L 2.193931 -2.193931 -2.193931
L 4.387862 -4.387862 0.000000
K 2.193931 -6.581793 -2.193931
R 0.000000 -4.387862 0.000000
I 2.193931 -2.193931 2.193931
L 4.387862 -0.000000 0.000000
K 6.581793 -2.193931 2.193931


-109.527653	30256356310
12

V 0.000000 0.000000 0.000000
R 2.193931 2.193931 -2.193931
R 4.387862 0.000000 -4.387862
F 2.193931 -2.193931 -6.581793
D 4.387862 -4.387862 -4.387862
L 2.193931 -2.193931 -2.193931
L 0.000000 -4.387862 -4.387862
K 2.193931 -6.581793 -2.193931
R 0.000000 -4.387862 -0.000000
I -2.193931 -2.193931 -2.193931
L 0.000000 -0.000000 -4.387862
K -2.193931 -2.193931 -6.581793


-109.071146	60753471410
12

V 0.000000 0.000000 0.000000
R 2.193931 2.193931 -2.193931
R 4.387862 0.000000 -4.387862
F 2.193931 -2.193931 -2.193931
D 4.387862 -4.387862 -4.387862
L 6.581793 -2.193931 -2.193931
L 4.387862 -4.387862 0.000000
K 2.193931 -6.581793 -2.193931
R 0.000000 -4.387862 0.000000
I 2.193931 -2.193931 2.193931
L 4.387862 -0.000000 0.000000
K 6.581793 -2.193931 2.193931


-109.071146	30256421410
12

V 0.000000 0.000000 0.000000
R 2.193931 2.193931 -2.193931
R 4.387862 0.000000 -4.387862
F 2.193931 -2.193931 -2.193931
D 4.387862 -4.387862 -4.387862
L 2.193931 -2.193931 -6.581793
L 0.000000 -4.387862 -4.387862
K 2.193931 -6.581793 -2.193931
R 0.000000 -4.387862 -0.000000
I -2.193931 -2.193931 -2.193931
L 0.000000 -0.000000 -4.387862
K -2.193931 -2.193931 -6.581793


-107.949333	35206124410
12

V 0.000000 0.000000 0.000000
R 2.193931 2.193931 -2.193931
R 4.387862 0.000000 -4.387862
F 2.193931 -2.193931 -2.193931
D 0.000000 -4.387862 0.000000
L -2.193931 -2.193931 -2.193931
L 0.000000 -4.387862 -4.387862
K 2.193931 -6.581793 -2.193931
R 4.387862 -4.387862 -4.387862
I 2.193931 -2.193931 -6.581793
L 0.000000 -0.000000 -4.387862
K -2.193931 -2.193931 -6.581793


-107.949333	65703174410
12

V 0.000000 0.000000 0.000000
R 2.193931 2.193931 -2.193931
R 4.387862 0.000000 -4.387862
F 2.193931 -2.193931 -2.193931
D 0.000000 -4.387862 0.000000
L 2.193931 -2.193931 2.193931
L 4.387862 -4.387862 0.000000
K 2.193931 -6.581793 -2.193931
R 4.387862 -4.387862 -4.387862
I 6.581793 -2.193931 -2.193931
L 4.387862 -0.000000 0.000000
K 6.581793 -2.193931 2.193931


-107.535884	60724653610
12

V 0.000000 0.000000 0.000000
R 2.193931 2.193931 -2.193931
R 4.387862 0.000000 -4.387862
F 6.581793 -2.193931 -2.193931
D 4.387862 -4.387862 -4.387862
L 2.193931 -2.193931 -2.193931
L 4.387862 -4.387862 0.000000
K 2.193931 -6.581793 2.193931
R 0.000000 -4.387862 0.000000
I 2.193931 -2.193931 2.193931
L 4.387862 -0.000000 0.000000
K 6.581793 -2.193931 2.193931


-107.535884	30274356310
12

V 0.000000 0.000000 0.000000
R 2.193931 2.193931 -2.193931
R 4.387862 0.000000 -4.387862
F 2.193931 -2.193931 -6.581793
D 4.387862 -4.387862 -4.387862
L 2.193931 -2.193931 -2.193931
L 0.000000 -4.387862 -4.387862
K -2.193931 -6.581793 -2.193931
R 0.000000 -4.387862 -0.000000
I -2.193931 -2.193931 -2.193931
L 0.000000 -0.000000 -4.387862
K -2.193931 -2.193931 -6.581793


-107.088037	60724471410
12

V 0.000000 0.000000 0.000000
R 2.193931 2.193931 -2.193931
R 4.387862 0.000000 -4.387862
F 2.193931 -2.193931 -2.193931
D 4.387862 -4.387862 -4.387862
L 6.581793 -2.193931 -2.193931
L 4.387862 -4.387862 0.000000
K 2.193931 -6.581793 2.193931
R 0.000000 -4.387862 0.000000
I 2.193931 -2.193931 2.193931
L 4.387862 -0.000000 0.000000
K 6.581793 -2.193931 2.193931


-107.088037	30274421410
12

V 0.000000 0.000000 0.000000
R 2.193931 2.193931 -2.193931
R 4.387862 0.000000 -4.387862
F 2.193931 -2.193931 -2.193931
D 4.387862 -4.387862 -4.387862
L 2.193931 -2.193931 -6.581793
L 0.000000 -4.387862 -4.387862
K -2.193931 -6.581793 -2.193931
R 0.000000 -4.387862 -0.000000
I -2.193931 -2.193931 -2.193931
L 0.000000 -0.000000 -4.387862
K -2.193931 -2.193931 -6.581793


-106.248762	50256356310
12

V 0.000000 0.000000 0.000000
R 2.193931 2.193931 -2.193931
R 4.387862 0.000000 -4.387862
F 2.193931 -2.193931 -6.581793
D 4.387862 -4.387862 -4.387862
L 2.193931 -2.193931 -2.193931
L 0.000000 -4.387862 -4.387862
K 2.193931 -6.581793 -2.193931
R 0.000000 -4.387862 -0.000000
I -2.193931 -2.193931 -2.193931
L 0.000000 -0.000000 -4.387862
K -2.193931 2.193931 -2.193931


-106.248762	50753653610
12

V 0.000000 0.000000 0.000000
R 2.193931 2.193931 -2.193931
R 4.387862 0.000000 -4.387862
F 6.581793 -2.193931 -2.193931
D 4.387862 -4.387862 -4.387862
L 2.193931 -2.193931 -2.193931
L 4.387862 -4.387862 0.000000
K 2.193931 -6.581793 -2.193931
R 0.000000 -4.387862 0.000000
I 2.193931 -2.193931 2.193931
L 4.387862 -0.000000 0.000000
K 2.193931 2.193931 2.193931


-105.966224	35271124410
12

V 0.000000 0.000000 0.000000
R 2.193931 2.193931 -2.193931
R 4.387862 0.000000 -4.387862
F 2.193931 -2.193931 -2.193931
D 0.000000 -4.387862 0.000000
L -2.193931 -2.193931 -2.193931
L 0.000000 -4.387862 -4.387862
K 2.193931 -6.581793 -6.581793
R 4.387862 -4.387862 -4.387862
I 2.193931 -2.193931 -6.581793
L 0.000000 -0.000000 -4.387862
K -2.193931 -2.193931 -6.581793


-105.966224	65721174410
12

V 0.000000 0.000000 0.000000
R 2.193931 2.193931 -2.193931
R 4.387862 0.000000 -4.387862
F 2.193931 -2.193931 -2.193931
D 0.000000 -4.387862 0.000000
L 2.193931 -2.193931 2.193931
L 4.387862 -4.387862 0.000000
K 6.581793 -6.581793 -2.193931
R 4.387862 -4.387862 -4.387862
I 6.581793 -2.193931 -2.193931
L 4.387862 -0.000000 0.000000
K 6.581793 -2.193931 2.193931


-105.783596	50256421410
12

V 0.000000 0.000000 0.000000
R 2.193931 2.193931 -2.193931
R 4.387862 0.000000 -4.387862
F 2.193931 -2.193931 -2.193931
D 4.387862 -4.387862 -4.387862
L 2.193931 -2.193931 -6.581793
L 0.000000 -4.387862 -4.387862
K 2.193931 -6.581793 -2.193931
R 0.000000 -4.387862 -0.000000
I -2.193931 -2.193931 -2.193931
L 0.000000 -0.000000 -4.387862
K -2.193931 2.193931 -2.193931


-105.783596	50753471410
12

V 0.000000 0.000000 0.000000
R 2.193931 2.193931 -2.193931
R 4.387862 0.000000 -4.387862
F 2.193931 -2.193931 -2.193931
D 4.387862 -4.387862 -4.387862
L 6.581793 -2.193931 -2.193931
L 4.387862 -4.387862 0.000000
K 2.193931 -6.581793 -2.193931
R 0.000000 -4.387862 0.000000
I 2.193931 -2.193931 2.193931
L 4.387862 -0.000000 0.000000
K 2.193931 2.193931 2.193931


-105.206890	53541771430
12

V 0.000000 0.000000 0.000000
R 2.193931 2.193931 -2.193931
R 0.000000 0.000000 -4.387862
F -2.193931 -2.193931 -2.193931
D 0.000000 -4.387862 -4.387862
L 2.193931 -2.193931 -2.193931
L 4.387862 0.000000 0.000000
K 6.581793 -2.193931 -2.193931
R 4.387862 -4.387862 0.000000
I 2.193931 -2.193931 2.193931
L 0.000000 -4.387862 0.000000
K -2.193931 -2.193931 2.193931


-105.206890	63642772430
12

V 0.000000 0.000000 0.000000
R 2.193931 2.193931 -2.193931
R 0.000000 0.000000 -4.387862
F -2.193931 -2.193931 -2.193931
D -4.387862 0.000000 -4.387862
L -2.193931 2.193931 -2.193931
L 0.000000 4.387862 0.000000
K -2.193931 6.581793 -2.193931
R -4.387862 4.387862 0.000000
I -2.193931 2.193931 2.193931
L -4.387862 0.000000 0.000000
K -2.193931 -2.193931 2.193931


-105.197948	56523147630
12

V 0.000000 0.000000 0.000000
R 2.193931 2.193931 -2.193931
R 0.000000 0.000000 -4.387862
F 2.193931 -2.193931 -2.193931
D 4.387862 0.000000 0.000000
L 2.193931 -2.193931 2.193931
L 4.387862 -4.387862 0.000000
K 2.193931 -6.581793 -2.193931
R 0.000000 -4.387862 -4.387862
I -2.193931 -2.193931 -2.193931
L 0.000000 -4.387862 0.000000
K -2.193931 -2.193931 2.193931


-105.197948	65613247530
12

V 0.000000 0.000000 0.000000
R 2.193931 2.193931 -2.193931
R 0.000000 0.000000 -4.387862
F -2.193931 2.193931 -2.193931
D 0.000000 4.387862 0.000000
L -2.193931 2.193931 2.193931
L -4.387862 4.387862 0.000000
K -6.581793 2.193931 -2.193931
R -4.387862 0.000000 -4.387862
I -2.193931 -2.193931 -2.193931
L -4.387862 0.000000 0.000000
K -2.193931 -2.193931 2.193931


-105.131057	11257174410
12

V 0.000000 0.000000 0.000000
R 2.193931 2.193931 -2.193931
R 4.387862 0.000000 -4.387862
F 2.193931 -2.193931 -2.193931
D 0.000000 -4.387862 0.000000
L 2.193931 -2.193931 2.193931
L 4.387862 -4.387862 0.000000
K 6.581793 -2.193931 2.193931
R 4.387862 0.000000 4.387862
I 2.193931 2.193931 2.193931
L 4.387862 0.000000 0.000000
K 6.581793 -2.193931 -2.193931


-105.131057	11752124410
12

V 0.000000 0.000000 0.000000
R 2.193931 2.193931 -2.193931
R 4.387862 0.000000 -4.387862
F 2.193931 -2.193931 -2.193931
D 0.000000 -4.387862 0.000000
L -2.193931 -2.193931 -2.193931
L 0.000000 -4.387862 -4.387862
K -2.193931 -2.193931 -6.581793
R -4.387862 0.000000 -4.387862
I -2.193931 2.193931 -2.193931
L 0.000000 0.000000 -4.387862
K 2.193931 -2.193931 -6.581793


-105.111153	03165074410
12

V 0.000000 0.000000 0.000000
R 2.193931 2.193931 -2.193931
R 4.387862 0.000000 -4.387862
F 2.193931 -2.193931 -2.193931
D 0.000000 -4.387862 0.000000
L 2.193931 -2.193931 2.193931
L 4.387862 0.000000 0.000000
K 2.193931 2.193931 2.193931
R 4.387862 0.000000 4.387862
I 6.581793 -2.193931 2.193931
L 4.387862 -4.387862 0.000000
K 6.581793 -2.193931 -2.193931


-105.111153	06135024410
12

V 0.000000 0.000000 0.000000
R 2.193931 2.193931 -2.193931
R 4.387862 0.000000 -4.387862
F 2.193931 -2.193931 -2.193931
D 0.000000 -4.387862 0.000000
L -2.193931 -2.193931 -2.193931
L 0.000000 0.000000 -4.387862
K -2.193931 2.193931 -2.193931
R -4.387862 0.000000 -4.387862
I -2.193931 -2.193931 -6.581793
L 0.000000 -4.387862 -4.387862
K 2.193931 -2.193931 -6.581793


-104.973551	55703174410
12

V 0.000000 0.000000 0.000000
R 2.193931 2.193931 -2.193931
R 4.387862 0.000000 -4.387862
F 2.193931 -2.193931 -2.193931
D 0.000000 -4.387862 0.000000
L 2.193931 -2.193931 2.193931
L 4.387862 -4.387862 0.000000
K 2.193931 -6.581793 -2.193931
R 4.387862 -4.387862 -4.387862
I 6.581793 -2.193931 -2.193931
L 4.387862 -0.000000 0.000000
K 2.193931 2.193931 2.193931


-104.973551	55206124410
12

V 0.000000 0.000000 0.000000
R 2.193931 2.193931 -2.193931
R 4.387862 0.000000 -4.387862
F 2.193931 -2.193931 -2.193931
D 0.000000 -4.387862 0.000000
L -2.193931 -2.193931 -2.193931
L 0.000000 -4.387862 -4.387862
K 2.193931 -6.581793 -2.193931
R 4.387862 -4.387862 -4.387862
I 2.193931 -2.193931 -6.581793
L 0.000000 -0.000000 -4.387862
K -2.193931 2.193931 -2.193931


-104.895121	53536771430
12

V 0.000000 0.000000 0.000000
R 2.193931 2.193931 -2.193931
R 0.000000 0.000000 -4.387862
F -2.193931 -2.193931 -2.193931
D 0.000000 -4.387862 -4.387862
L 2.193931 -2.193931 -2.193931
L 4.387862 0.000000 0.000000
K 6.581793 -2.193931 2.193931
R 4.387862 -4.387862 0.000000
I 2.193931 -2.193931 2.193931
L 0.000000 -4.387862 0.000000
K -2.193931 -2.193931 2.193931


-104.895121	63635772430
12

V 0.000000 0.000000 0.000000
R 2.193931 2.193931 -2.193931
R 0.000000 0.000000 -4.387862
F -2.193931 -2.193931 -2.193931
D -4.387862 0.000000 -4.387862
L -2.193931 2.193931 -2.193931
L 0.000000 4.387862 0.000000
K -2.193931 6.581793 2.193931
R -4.387862 4.387862 0.000000
I -2.193931 2.193931 2.193931
L -4.387862 0.000000 0.000000
K -2.193931 -2.193931 2.193931


-104.819762	50763450530
12

V 0.000000 0.000000 0.000000
R 2.193931 2.193931 -2.193931
R 0.000000 0.000000 -4.387862
F -2.193931 2.193931 -2.193931
D 0.000000 4.387862 -4.387862
L -2.193931 6.581793 -2.193931
L -4.387862 4.387862 0.000000
K -6.581793 2.193931 -2.193931
R -4.387862 0.000000 0.000000
I -2.193931 2.193931 2.193931
L -0.000000 4.387862 0.000000
K -2.193931 6.581793 2.193931


-104.819762	60753460630
12

V 0.000000 0.000000 0.000000
R 2.193931 2.193931 -2.193931
R 0.000000 0.000000 -4.387862
F 2.193931 -2.193931 -2.193931
D 4.387862 0.000000 -4.387862
L 6.581793 -2.193931 -2.193931
L 4.387862 -4.387862 0.000000
K 2.193931 -6.581793 -2.193931
R 0.000000 -4.387862 0.000000
I 2.193931 -2.193931 2.193931
L 4.387862 -0.000000 0.000000
K 6.581793 -2.193931 2.193931


-104.651871	00256356310
12

V 0.000000 0.000000 0.000000
R 2.193931 2.193931 -2.193931
R 4.387862 0.000000 -4.387862
F 2.193931 -2.193931 -6.581793
D 4.387862 -4.387862 -4.387862
L 2.193931 -2.193931 -2.193931
L 0.000000 -4.387862 -4.387862
K 2.193931 -6.581793 -2.193931
R 0.000000 -4.387862 -0.000000
I -2.193931 -2.193931 -2.193931
L 0.000000 -0.000000 -4.387862
K 2.193931 2.193931 -6.581793


-104.651871	00753653610
12

V 0.000000 0.000000 0.000000
R 2.193931 2.193931 -2.193931
R 4.387862 0.000000 -4.387862
F 6.581793 -2.193931 -2.193931
D 4.387862 -4.387862 -4.387862
L 2.193931 -2.193931 -2.193931
L 4.387862 -4.387862 0.000000
K 2.193931 -6.581793 -2.193931
R 0.000000 -4.387862 0.000000
I 2.193931 -2.193931 2.193931
L 4.387862 -0.000000 0.000000
K 6.581793 2.193931 -2.193931


-104.516653	50714450530
12

V 0.000000 0.000000 0.000000
R 2.193931 2.193931 -2.193931
R 0.000000 0.000000 -4.387862
F -2.193931 2.193931 -2.193931
D 0.000000 4.387862 -4.387862
L -2.193931 6.581793 -2.193931
L -4.387862 4.387862 0.000000
K -6.581793 2.193931 2.193931
R -4.387862 0.000000 0.000000
I -2.193931 2.193931 2.193931
L -0.000000 4.387862 0.000000
K -2.193931 6.581793 2.193931


-104.516653	60724460630
12

V 0.000000 0.000000 0.000000
R 2.193931 2.193931 -2.193931
R 0.000000 0.000000 -4.387862
F 2.193931 -2.193931 -2.193931
D 4.387862 0.000000 -4.387862
L 6.581793 -2.193931 -2.193931
L 4.387862 -4.387862 0.000000
K 2.193931 -6.581793 2.193931
R 0.000000 -4.387862 0.000000
I 2.193931 -2.193931 2.193931
L 4.387862 -0.000000 0.000000
K 6.581793 -2.193931 2.193931


-104.488000	50571471430
12

V 0.000000 0.000000 0.000000
R 2.193931 2.193931 -2.193931
R 0.000000 0.000000 -4.387862
F -2.193931 -2.193931 -2.193931
D 0.000000 -4.387862 -4.387862
L 2.193931 -2.193931 -2.193931
L 0.000000 -4.387862 0.000000
K 2.193931 -6.581793 -2.193931
R 4.387862 -4.387862 0.000000
I 2.193931 -2.193931 2.193931
L 4.387862 -0.000000 0.000000
K 2.193931 2.193931 2.193931


-104.488000	60672472430
12

V 0.000000 0.000000 0.000000
R 2.193931 2.193931 -2.193931
R 0.000000 0.000000 -4.387862
F -2.193931 -2.193931 -2.193931
D -4.387862 0.000000 -4.387862
L -2.193931 2.193931 -2.193931
L -4.387862 0.000000 0.000000
K -6.581793 2.193931 -2.193931
R -4.387862 4.387862 0.000000
I -2.193931 2.193931 2.193931
L -0.000000 4.387862 0.000000
K 2.193931 2.193931 2.193931


-104.438141	50357653610
12

V 0.000000 0.000000 0.000000
R 2.193931 2.193931 -2.193931
R 4.387862 0.000000 -4.387862
F 6.581793 -2.193931 -2.193931
D 4.387862 -4.387862 -4.387862
L 2.193931 -2.193931 -2.193931
L 4.387862 -4.387862 0.000000
K 6.581793 -2.193931 2.193931
R 4.387862 0.000000 4.387862
I 2.193931 -2.193931 2.193931
L 4.387862 0.000000 0.000000
K 2.193931 2.193931 2.193931


-104.438141	50652356310
12

V 0.000000 0.000000 0.000000
R 2.193931 2.193931 -2.193931
R 4.387862 0.000000 -4.387862
F 2.193931 -2.193931 -6.581793
D 4.387862 -4.387862 -4.387862
L 2.193931 -2.193931 -2.193931
L 0.000000 -4.387862 -4.387862
K -2.193931 -2.193931 -6.581793
R -4.387862 0.000000 -4.387862
I -2.193931 -2.193931 -2.193931
L 0.000000 0.000000 -4.387862
K -2.193931 2.193931 -2.193931


-104.438141	71365753610
12

V 0.000000 0.000000 0.000000
R 2.193931 2.193931 -2.193931
R 4.387862 0.000000 -4.387862
F 6.581793 -2.193931 -2.193931
D 4.387862 -4.387862 -4.387862
L 2.193931 -2.193931 -2.193931
L 4.387862 0.000000 0.000000
K 2.193931 2.193931 2.193931
R 4.387862 0.000000 4.387862
I 2.193931 -2.193931 2.193931
L 4.387862 -4.387862 0.000000
K 6.581793 -2.193931 2.193931


-104.438141	21635256310
12

V 0.000000 0.000000 0.000000
R 2.193931 2.193931 -2.193931
R 4.387862 0.000000 -4.387862
F 2.193931 -2.193931 -6.581793
D 4.387862 -4.387862 -4.387862
L 2.193931 -2.193931 -2.193931
L 0.000000 0.000000 -4.387862
K -2.193931 2.193931 -2.193931
R -4.387862 0.000000 -4.387862
I -2.193931 -2.193931 -2.193931
L 0.000000 -4.387862 -4.387862
K -2.193931 -2.193931 -6.581793


-104.256993	50274356310
12

V 0.000000 0.000000 0.000000
R 2.193931 2.193931 -2.193931
R 4.387862 0.000000 -4.387862
F 2.193931 -2.193931 -6.581793
D 4.387862 -4.387862 -4.387862
L 2.193931 -2.193931 -2.193931
L 0.000000 -4.387862 -4.387862
K -2.193931 -6.581793 -2.193931
R 0.000000 -4.387862 -0.000000
I -2.193931 -2.193931 -2.193931
L 0.000000 -0.000000 -4.387862
K -2.193931 2.193931 -2.193931


-104.256993	50724653610
12

V 0.000000 0.000000 0.000000
R 2.193931 2.193931 -2.193931
R 4.387862 0.000000 -4.387862
F 6.581793 -2.193931 -2.193931
D 4.387862 -4.387862 -4.387862
L 2.193931 -2.193931 -2.193931
L 4.387862 -4.387862 0.000000
K 2.193931 -6.581793 2.193931
R 0.000000 -4.387862 0.000000
I 2.193931 -2.193931 2.193931
L 4.387862 -0.000000 0.000000
K 2.193931 2.193931 2.193931


-104.195365	00256421410
12

V 0.000000 0.000000 0.000000
R 2.193931 2.193931 -2.193931
R 4.387862 0.000000 -4.387862
F 2.193931 -2.193931 -2.193931
D 4.387862 -4.387862 -4.387862
L 2.193931 -2.193931 -6.581793
L 0.000000 -4.387862 -4.387862
K 2.193931 -6.581793 -2.193931
R 0.000000 -4.387862 -0.000000
I -2.193931 -2.193931 -2.193931
L 0.000000 -0.000000 -4.387862
K 2.193931 2.193931 -6.581793


-104.195365	00753471410
12

V 0.000000 0.000000 0.000000
R 2.193931 2.193931 -2.193931
R 4.387862 0.000000 -4.387862
F 2.193931 -2.193931 -2.193931
D 4.387862 -4.387862 -4.387862
L 6.581793 -2.193931 -2.193931
L 4.387862 -4.387862 0.000000
K 2.193931 -6.581793 -2.193931
R 0.000000 -4.387862 0.000000
I 2.193931 -2.193931 2.193931
L 4.387862 -0.000000 0.000000
K 6.581793 2.193931 -2.193931


-104.122833	50571653630
12

V 0.000000 0.000000 0.000000
R 2.193931 2.193931 -2.193931
R 0.000000 0.000000 -4.387862
F 2.193931 -2.193931 -2.193931
D 0.000000 -4.387862 -4.387862
L -2.193931 -2.193931 -2.193931
L 0.000000 -4.387862 0.000000
K 2.193931 -6.581793 -2.193931
R 4.387862 -4.387862 0.000000
I 2.193931 -2.193931 2.193931
L 4.387862 -0.000000 0.000000
K 2.193931 2.193931 2.193931


-104.122833	60672563530
12

V 0.000000 0.000000 0.000000
R 2.193931 2.193931 -2.193931
R 0.000000 0.000000 -4.387862
F -2.193931 2.193931 -2.193931
D -4.387862 0.000000 -4.387862
L -2.193931 -2.193931 -2.193931
L -4.387862 0.000000 0.000000
K -6.581793 2.193931 -2.193931
R -4.387862 4.387862 0.000000
I -2.193931 2.193931 2.193931
L -0.000000 4.387862 0.000000
K 2.193931 2.193931 2.193931


-104.040294	71365571410
12

V 0.000000 0.000000 0.000000
R 2.193931 2.193931 -2.193931
R 4.387862 0.000000 -4.387862
F 2.193931 -2.193931 -2.193931
D 4.387862 -4.387862 -4.387862
L 6.581793 -2.193931 -2.193931
L 4.387862 0.000000 0.000000
K 2.193931 2.193931 2.193931
R 4.387862 0.000000 4.387862
I 2.193931 -2.193931 2.193931
L 4.387862 -4.387862 0.000000
K 6.581793 -2.193931 2.193931


-104.040294	21635521410
12

V 0.000000 0.000000 0.000000
R 2.193931 2.193931 -2.193931
R 4.387862 0.000000 -4.387862
F 2.193931 -2.193931 -2.193931
D 4.387862 -4.387862 -4.387862
L 2.193931 -2.193931 -6.581793
L 0.000000 0.000000 -4.387862
K -2.193931 2.193931 -2.193931
R -4.387862 0.000000 -4.387862
I -2.193931 -2.193931 -2.193931
L 0.000000 -4.387862 -4.387862
K -2.193931 -2.193931 -6.581793


-104.040294	50357471410
12

V 0.000000 0.000000 0.000000
R 2.193931 2.193931 -2.193931
R 4.387862 0.000000 -4.387862
F 2.193931 -2.193931 -2.193931
D 4.387862 -4.387862 -4.387862
L 6.581793 -2.193931 -2.193931
L 4.387862 -4.387862 0.000000
K 6.581793 -2.193931 2.193931
R 4.387862 0.000000 4.387862
I 2.193931 -2.193931 2.193931
L 4.387862 0.000000 0.000000
K 2.193931 2.193931 2.193931


-104.040294	50652421410
12

V 0.000000 0.000000 0.000000
R 2.193931 2.193931 -2.193931
R 4.387862 0.000000 -4.387862
F 2.193931 -2.193931 -2.193931
D 4.387862 -4.387862 -4.387862
L 2.193931 -2.193931 -6.581793
L 0.000000 -4.387862 -4.387862
K -2.193931 -2.193931 -6.581793
R -4.387862 0.000000 -4.387862
I -2.193931 -2.193931 -2.193931
L 0.000000 0.000000 -4.387862
K -2.193931 2.193931 -2.193931


