-10.960000	310312301	1110001110011
10

D 0.000000 0.000000 0.000000
L 2.193931 2.193931 -2.193931
D 4.387862 0.000000 -4.387862
A 6.581793 -2.193931 -2.193931
L 8.775724 0.000000 0.000000
L 10.969655 2.193931 -2.193931
A 8.775724 4.387862 -4.387862
D 6.581793 6.581793 -2.193931
L 4.387862 4.387862 0.000000
E 6.581793 2.193931 2.193931


-10.960000	130132101	1011001011010
10

D 0.000000 0.000000 0.000000
L 2.193931 2.193931 -2.193931
D 4.387862 0.000000 -4.387862
A 6.581793 2.193931 -6.581793
L 8.775724 4.387862 -4.387862
L 10.969655 2.193931 -2.193931
A 8.775724 0.000000 -0.000000
D 6.581793 2.193931 2.193931
L 4.387862 4.387862 -0.000000
E 6.581793 6.581793 -2.193931


-10.960000	120123101	1001001001110
10

D 0.000000 0.000000 0.000000
L 2.193931 2.193931 -2.193931
D 4.387862 0.000000 -4.387862
A 6.581793 2.193931 -6.581793
L 4.387862 4.387862 -8.775724
L 2.193931 2.193931 -10.969655
A 0.000000 0.000000 -8.775724
D -2.193931 2.193931 -6.581793
L 0.000000 4.387862 -4.387862
E 2.193931 6.581793 -6.581793


-10.770000	031201301	0011100100101
10

D 0.000000 0.000000 0.000000
L 2.193931 2.193931 -2.193931
D 4.387862 0.000000 -4.387862
A 6.581793 -2.193931 -2.193931
L 4.387862 -4.387862 0.000000
L 2.193931 -2.193931 2.193931
A 4.387862 0.000000 4.387862
D 6.581793 2.193931 2.193931
L 4.387862 4.387862 0.000000
E 2.193931 6.581793 2.193931


-10.770000	131201301	1011100100101
10

D 0.000000 0.000000 0.000000
L 2.193931 2.193931 -2.193931
D 4.387862 0.000000 -4.387862
A 6.581793 -2.193931 -2.193931
L 4.387862 -4.387862 0.000000
L 2.193931 -2.193931 2.193931
A 4.387862 0.000000 4.387862
D 6.581793 2.193931 2.193931
L 4.387862 4.387862 0.000000
E 6.581793 6.581793 -2.193931


-8.500000	103102101	1000111000010
10

D 0.000000 0.000000 0.000000
L 2.193931 2.193931 -2.193931
D 4.387862 0.000000 -4.387862
A 6.581793 2.193931 -6.581793
L 8.775724 4.387862 -4.387862
L 6.581793 6.581793 -2.193931
A 4.387862 4.387862 -0.000000
D 6.581793 2.193931 2.193931
L 8.775724 0.000000 -0.000000
E 10.969655 2.193931 -2.193931


-8.500000	102103101	1000011000110
10

D 0.000000 0.000000 0.000000
L 2.193931 2.193931 -2.193931
D 4.387862 0.000000 -4.387862
A 6.581793 2.193931 -6.581793
L 4.387862 4.387862 -8.775724
L 2.193931 6.581793 -6.581793
A 0.000000 4.387862 -4.387862
D -2.193931 2.193931 -6.581793
L 0.000000 0.000000 -8.775724
E 2.193931 2.193931 -10.969655


-8.500000	301302301	1100101100011
10

D 0.000000 0.000000 0.000000
L 2.193931 2.193931 -2.193931
D 4.387862 0.000000 -4.387862
A 6.581793 -2.193931 -2.193931
L 8.775724 0.000000 0.000000
L 6.581793 2.193931 2.193931
A 4.387862 4.387862 0.000000
D 6.581793 6.581793 -2.193931
L 8.775724 4.387862 -4.387862
E 10.969655 2.193931 -2.193931


-8.310000	301201301	1100100100101
10

D 0.000000 0.000000 0.000000
L 2.193931 2.193931 -2.193931
D 4.387862 0.000000 -4.387862
A 6.581793 -2.193931 -2.193931
L 4.387862 -4.387862 0.000000
L 2.193931 -2.193931 2.193931
A 4.387862 0.000000 4.387862
D 6.581793 2.193931 2.193931
L 8.775724 0.000000 0.000000
E 10.969655 -2.193931 2.193931


-8.310000	101201301	1000100100101
10

D 0.000000 0.000000 0.000000
L 2.193931 2.193931 -2.193931
D 4.387862 0.000000 -4.387862
A 6.581793 -2.193931 -2.193931
L 4.387862 -4.387862 0.000000
L 2.193931 -2.193931 2.193931
A 4.387862 0.000000 4.387862
D 6.581793 2.193931 2.193931
L 8.775724 0.000000 0.000000
E 10.969655 2.193931 -2.193931


-7.370000	030132101	0011001011010
10

D 0.000000 0.000000 0.000000
L 2.193931 2.193931 -2.193931
D 4.387862 0.000000 -4.387862
A 6.581793 2.193931 -6.581793
L 8.775724 4.387862 -4.387862
L 10.969655 2.193931 -2.193931
A 8.775724 0.000000 -0.000000
D 6.581793 2.193931 2.193931
L 4.387862 4.387862 -0.000000
E 2.193931 6.581793 2.193931


-7.370000	313203101	1110110100110
10

D 0.000000 0.000000 0.000000
L 2.193931 2.193931 -2.193931
D 4.387862 0.000000 -4.387862
A 6.581793 2.193931 -6.581793
L 4.387862 4.387862 -8.775724
L 2.193931 6.581793 -6.581793
A 4.387862 8.775724 -4.387862
D 6.581793 6.581793 -2.193931
L 4.387862 4.387862 -0.000000
E 6.581793 2.193931 2.193931


-7.370000	020123101	0001001001110
10

D 0.000000 0.000000 0.000000
L 2.193931 2.193931 -2.193931
D 4.387862 0.000000 -4.387862
A 6.581793 2.193931 -6.581793
L 4.387862 4.387862 -8.775724
L 2.193931 2.193931 -10.969655
A 0.000000 0.000000 -8.775724
D -2.193931 2.193931 -6.581793
L 0.000000 4.387862 -4.387862
E -2.193931 6.581793 -2.193931


-7.370000	010312301	0010001110011
10

D 0.000000 0.000000 0.000000
L 2.193931 2.193931 -2.193931
D 4.387862 0.000000 -4.387862
A 6.581793 -2.193931 -2.193931
L 8.775724 0.000000 0.000000
L 10.969655 2.193931 -2.193931
A 8.775724 4.387862 -4.387862
D 6.581793 6.581793 -2.193931
L 4.387862 4.387862 0.000000
E 2.193931 6.581793 2.193931


-7.370000	013203101	0010110100110
10

D 0.000000 0.000000 0.000000
L 2.193931 2.193931 -2.193931
D 4.387862 0.000000 -4.387862
A 6.581793 2.193931 -6.581793
L 4.387862 4.387862 -8.775724
L 2.193931 6.581793 -6.581793
A 4.387862 8.775724 -4.387862
D 6.581793 6.581793 -2.193931
L 4.387862 4.387862 -0.000000
E 2.193931 6.581793 2.193931


-7.370000	012302101	0010011100010
10

D 0.000000 0.000000 0.000000
L 2.193931 2.193931 -2.193931
D 4.387862 0.000000 -4.387862
A 6.581793 2.193931 -6.581793
L 8.775724 4.387862 -4.387862
L 6.581793 6.581793 -2.193931
A 4.387862 8.775724 -4.387862
D 2.193931 6.581793 -6.581793
L 0.000000 4.387862 -4.387862
E -2.193931 6.581793 -2.193931


-7.370000	212302101	0110011100010
10

D 0.000000 0.000000 0.000000
L 2.193931 2.193931 -2.193931
D 4.387862 0.000000 -4.387862
A 6.581793 2.193931 -6.581793
L 8.775724 4.387862 -4.387862
L 6.581793 6.581793 -2.193931
A 4.387862 8.775724 -4.387862
D 2.193931 6.581793 -6.581793
L 0.000000 4.387862 -4.387862
E -2.193931 2.193931 -6.581793


-6.990000	102101301	1000011000101
10

D 0.000000 0.000000 0.000000
L 2.193931 2.193931 -2.193931
D 4.387862 0.000000 -4.387862
A 6.581793 -2.193931 -2.193931
L 4.387862 -4.387862 0.000000
L 2.193931 -2.193931 2.193931
A 0.000000 -4.387862 4.387862
D -2.193931 -6.581793 2.193931
L 0.000000 -8.775724 0.000000
E 2.193931 -6.581793 -2.193931


-6.990000	203201301	0100110100101
10

D 0.000000 0.000000 0.000000
L 2.193931 2.193931 -2.193931
D 4.387862 0.000000 -4.387862
A 6.581793 -2.193931 -2.193931
L 4.387862 -4.387862 0.000000
L 2.193931 -2.193931 2.193931
A 4.387862 0.000000 4.387862
D 6.581793 -2.193931 6.581793
L 8.775724 -4.387862 4.387862
E 6.581793 -6.581793 2.193931


-6.990000	103101301	1000111000101
10

D 0.000000 0.000000 0.000000
L 2.193931 2.193931 -2.193931
D 4.387862 0.000000 -4.387862
A 6.581793 -2.193931 -2.193931
L 4.387862 -4.387862 0.000000
L 2.193931 -2.193931 2.193931
A 0.000000 -4.387862 4.387862
D 2.193931 -6.581793 6.581793
L 4.387862 -8.775724 4.387862
E 6.581793 -6.581793 2.193931


-6.120000	202102301	0100011000011
10

D 0.000000 0.000000 0.000000
L 2.193931 2.193931 -2.193931
D 4.387862 0.000000 -4.387862
A 6.581793 -2.193931 -2.193931
L 8.775724 0.000000 0.000000
L 6.581793 2.193931 2.193931
A 4.387862 0.000000 4.387862
D 2.193931 -2.193931 2.193931
L 4.387862 -4.387862 0.000000
E 2.193931 -6.581793 -2.193931


-6.120000	302102301	1100011000011
10

D 0.000000 0.000000 0.000000
L 2.193931 2.193931 -2.193931
D 4.387862 0.000000 -4.387862
A 6.581793 -2.193931 -2.193931
L 8.775724 0.000000 0.000000
L 6.581793 2.193931 2.193931
A 4.387862 0.000000 4.387862
D 2.193931 -2.193931 2.193931
L 4.387862 -4.387862 0.000000
E 6.581793 -6.581793 2.193931


-5.930000	032132301	0011011011011
10

D 0.000000 0.000000 0.000000
L 2.193931 2.193931 -2.193931
D 4.387862 0.000000 -4.387862
A 6.581793 -2.193931 -2.193931
L 8.775724 0.000000 0.000000
L 10.969655 -2.193931 2.193931
A 8.775724 -4.387862 4.387862
D 6.581793 -6.581793 2.193931
L 4.387862 -4.387862 0.000000
E 2.193931 -2.193931 2.193931


-5.930000	210302301	0110001100011
10

D 0.000000 0.000000 0.000000
L 2.193931 2.193931 -2.193931
D 4.387862 0.000000 -4.387862
A 6.581793 -2.193931 -2.193931
L 8.775724 0.000000 0.000000
L 6.581793 2.193931 2.193931
A 4.387862 4.387862 0.000000
D 2.193931 6.581793 2.193931
L 0.000000 4.387862 4.387862
E -2.193931 2.193931 2.193931


-5.930000	213102101	0110111000010
10

D 0.000000 0.000000 0.000000
L 2.193931 2.193931 -2.193931
D 4.387862 0.000000 -4.387862
A 6.581793 2.193931 -6.581793
L 8.775724 4.387862 -4.387862
L 6.581793 6.581793 -2.193931
A 4.387862 4.387862 -0.000000
D 6.581793 2.193931 2.193931
L 4.387862 0.000000 4.387862
E 2.193931 -2.193931 2.193931


-5.930000	210102101	0110001000010
10

D 0.000000 0.000000 0.000000
L 2.193931 2.193931 -2.193931
D 4.387862 0.000000 -4.387862
A 6.581793 2.193931 -6.581793
L 8.775724 4.387862 -4.387862
L 6.581793 6.581793 -2.193931
A 4.387862 4.387862 -0.000000
D 2.193931 6.581793 2.193931
L 0.000000 4.387862 4.387862
E -2.193931 2.193931 2.193931


-5.930000	203102101	0100111000010
10

D 0.000000 0.000000 0.000000
L 2.193931 2.193931 -2.193931
D 4.387862 0.000000 -4.387862
A 6.581793 2.193931 -6.581793
L 8.775724 4.387862 -4.387862
L 6.581793 6.581793 -2.193931
A 4.387862 4.387862 -0.000000
D 6.581793 2.193931 2.193931
L 8.775724 0.000000 -0.000000
E 6.581793 -2.193931 -2.193931


-5.930000	310103101	1110001000110
10

D 0.000000 0.000000 0.000000
L 2.193931 2.193931 -2.193931
D 4.387862 0.000000 -4.387862
A 6.581793 2.193931 -6.581793
L 4.387862 4.387862 -8.775724
L 2.193931 6.581793 -6.581793
A 0.000000 4.387862 -4.387862
D -2.193931 6.581793 -2.193931
L -4.387862 4.387862 -0.000000
E -2.193931 2.193931 2.193931


-5.930000	020120301	0001001001001
10

D 0.000000 0.000000 0.000000
L 2.193931 2.193931 -2.193931
D 4.387862 0.000000 -4.387862
A 6.581793 -2.193931 -2.193931
L 8.775724 -4.387862 -4.387862
L 6.581793 -6.581793 -6.581793
A 4.387862 -8.775724 -4.387862
D 2.193931 -6.581793 -2.193931
L 4.387862 -4.387862 -0.000000
E 2.193931 -2.193931 2.193931


-5.930000	312103101	1110011000110
10

D 0.000000 0.000000 0.000000
L 2.193931 2.193931 -2.193931
D 4.387862 0.000000 -4.387862
A 6.581793 2.193931 -6.581793
L 4.387862 4.387862 -8.775724
L 2.193931 6.581793 -6.581793
A 0.000000 4.387862 -4.387862
D -2.193931 2.193931 -6.581793
L -4.387862 0.000000 -4.387862
E -2.193931 -2.193931 -2.193931


-5.930000	201302301	0100101100011
10

D 0.000000 0.000000 0.000000
L 2.193931 2.193931 -2.193931
D 4.387862 0.000000 -4.387862
A 6.581793 -2.193931 -2.193931
L 8.775724 0.000000 0.000000
L 6.581793 2.193931 2.193931
A 4.387862 4.387862 0.000000
D 6.581793 6.581793 -2.193931
L 8.775724 4.387862 -4.387862
E 6.581793 2.193931 -6.581793


-5.930000	302103101	1100011000110
10

D 0.000000 0.000000 0.000000
L 2.193931 2.193931 -2.193931
D 4.387862 0.000000 -4.387862
A 6.581793 2.193931 -6.581793
L 4.387862 4.387862 -8.775724
L 2.193931 6.581793 -6.581793
A 0.000000 4.387862 -4.387862
D -2.193931 2.193931 -6.581793
L 0.000000 0.000000 -8.775724
E 2.193931 -2.193931 -6.581793


-5.930000	030130301	0011001011001
10

D 0.000000 0.000000 0.000000
L 2.193931 2.193931 -2.193931
D 4.387862 0.000000 -4.387862
A 6.581793 -2.193931 -2.193931
L 8.775724 -4.387862 -4.387862
L 10.969655 -6.581793 -2.193931
A 8.775724 -8.775724 0.000000
D 6.581793 -6.581793 2.193931
L 4.387862 -4.387862 0.000000
E 2.193931 -2.193931 2.193931


-4.910000	032103101	0011011000110
10

D 0.000000 0.000000 0.000000
L 2.193931 2.193931 -2.193931
D 4.387862 0.000000 -4.387862
A 6.581793 2.193931 -6.581793
L 4.387862 4.387862 -8.775724
L 2.193931 6.581793 -6.581793
A 0.000000 4.387862 -4.387862
D -2.193931 2.193931 -6.581793
L -4.387862 4.387862 -8.775724
E -6.581793 6.581793 -6.581793


-4.910000	102302101	1000011100010
10

D 0.000000 0.000000 0.000000
L 2.193931 2.193931 -2.193931
D 4.387862 0.000000 -4.387862
A 6.581793 2.193931 -6.581793
L 8.775724 4.387862 -4.387862
L 6.581793 6.581793 -2.193931
A 4.387862 8.775724 -4.387862
D 2.193931 6.581793 -6.581793
L 4.387862 4.387862 -8.775724
E 6.581793 6.581793 -10.969655


-4.910000	320120301	1101001001001
10

D 0.000000 0.000000 0.000000
L 2.193931 2.193931 -2.193931
D 4.387862 0.000000 -4.387862
A 6.581793 -2.193931 -2.193931
L 8.775724 -4.387862 -4.387862
L 6.581793 -6.581793 -6.581793
A 4.387862 -8.775724 -4.387862
D 2.193931 -6.581793 -2.193931
L 4.387862 -4.387862 -0.000000
E 6.581793 -6.581793 2.193931


-4.910000	213013101	0110110010110
10

D 0.000000 0.000000 0.000000
L 2.193931 2.193931 -2.193931
D 4.387862 0.000000 -4.387862
A 6.581793 2.193931 -6.581793
L 4.387862 4.387862 -8.775724
L 6.581793 6.581793 -10.969655
A 8.775724 4.387862 -13.163586
D 10.969655 2.193931 -10.969655
L 8.775724 0.000000 -8.775724
E 6.581793 -2.193931 -10.969655


-4.910000	031231301	0011100111101
10

D 0.000000 0.000000 0.000000
L 2.193931 2.193931 -2.193931
D 4.387862 0.000000 -4.387862
A 6.581793 -2.193931 -2.193931
L 4.387862 -4.387862 0.000000
L 6.581793 -6.581793 2.193931
A 8.775724 -4.387862 4.387862
D 10.969655 -2.193931 2.193931
L 8.775724 -0.000000 0.000000
E 6.581793 2.193931 2.193931


-4.910000	212103101	0110011000110
10

D 0.000000 0.000000 0.000000
L 2.193931 2.193931 -2.193931
D 4.387862 0.000000 -4.387862
A 6.581793 2.193931 -6.581793
L 4.387862 4.387862 -8.775724
L 2.193931 6.581793 -6.581793
A 0.000000 4.387862 -4.387862
D -2.193931 2.193931 -6.581793
L -4.387862 0.000000 -4.387862
E -6.581793 -2.193931 -6.581793


-4.910000	030302301	0011001100011
10

D 0.000000 0.000000 0.000000
L 2.193931 2.193931 -2.193931
D 4.387862 0.000000 -4.387862
A 6.581793 -2.193931 -2.193931
L 8.775724 0.000000 0.000000
L 6.581793 2.193931 2.193931
A 4.387862 4.387862 0.000000
D 2.193931 6.581793 2.193931
L 0.000000 8.775724 0.000000
E -2.193931 10.969655 2.193931


-4.910000	323102101	1101111000010
10

D 0.000000 0.000000 0.000000
L 2.193931 2.193931 -2.193931
D 4.387862 0.000000 -4.387862
A 6.581793 2.193931 -6.581793
L 8.775724 4.387862 -4.387862
L 6.581793 6.581793 -2.193931
A 4.387862 4.387862 -0.000000
D 6.581793 2.193931 2.193931
L 8.775724 4.387862 4.387862
E 10.969655 2.193931 6.581793


-4.910000	101302301	1000101100011
10

D 0.000000 0.000000 0.000000
L 2.193931 2.193931 -2.193931
D 4.387862 0.000000 -4.387862
A 6.581793 -2.193931 -2.193931
L 8.775724 0.000000 0.000000
L 6.581793 2.193931 2.193931
A 4.387862 4.387862 0.000000
D 6.581793 6.581793 -2.193931
L 8.775724 4.387862 -4.387862
E 10.969655 6.581793 -6.581793


-4.910000	212012101	0110010010010
10

D 0.000000 0.000000 0.000000
L 2.193931 2.193931 -2.193931
D 4.387862 0.000000 -4.387862
A 6.581793 2.193931 -6.581793
L 8.775724 4.387862 -4.387862
L 10.969655 6.581793 -6.581793
A 13.163586 4.387862 -8.775724
D 10.969655 2.193931 -10.969655
L 8.775724 0.000000 -8.775724
E 6.581793 -2.193931 -10.969655


-4.910000	030230301	0011000111001
10

D 0.000000 0.000000 0.000000
L 2.193931 2.193931 -2.193931
D 4.387862 0.000000 -4.387862
A 6.581793 -2.193931 -2.193931
L 8.775724 -4.387862 -4.387862
L 10.969655 -6.581793 -2.193931
A 13.163586 -4.387862 0.000000
D 10.969655 -2.193931 2.193931
L 8.775724 -0.000000 0.000000
E 6.581793 2.193931 2.193931


-4.910000	030230101	0011000111000
10

D 0.000000 0.000000 0.000000
L 2.193931 2.193931 -2.193931
D 4.387862 0.000000 -4.387862
A 6.581793 2.193931 -6.581793
L 8.775724 0.000000 -8.775724
L 10.969655 -2.193931 -6.581793
A 13.163586 0.000000 -4.387862
D 10.969655 2.193931 -2.193931
L 8.775724 4.387862 -4.387862
E 6.581793 6.581793 -2.193931


-4.910000	212012301	0110010010011
10

D 0.000000 0.000000 0.000000
L 2.193931 2.193931 -2.193931
D 4.387862 0.000000 -4.387862
A 6.581793 -2.193931 -2.193931
L 8.775724 0.000000 0.000000
L 10.969655 2.193931 -2.193931
A 13.163586 0.000000 -4.387862
D 10.969655 -2.193931 -6.581793
L 8.775724 -4.387862 -4.387862
E 6.581793 -6.581793 -6.581793


-4.910000	030103101	0011001000110
10

D 0.000000 0.000000 0.000000
L 2.193931 2.193931 -2.193931
D 4.387862 0.000000 -4.387862
A 6.581793 2.193931 -6.581793
L 4.387862 4.387862 -8.775724
L 2.193931 6.581793 -6.581793
A 0.000000 4.387862 -4.387862
D -2.193931 6.581793 -2.193931
L -4.387862 8.775724 -4.387862
E -6.581793 10.969655 -2.193931


-4.910000	030102101	0011001000010
10

D 0.000000 0.000000 0.000000
L 2.193931 2.193931 -2.193931
D 4.387862 0.000000 -4.387862
A 6.581793 2.193931 -6.581793
L 8.775724 4.387862 -4.387862
L 6.581793 6.581793 -2.193931
A 4.387862 4.387862 -0.000000
D 2.193931 6.581793 2.193931
L 0.000000 8.775724 -0.000000
E -2.193931 10.969655 2.193931


-4.910000	103203101	1000110100110
10

D 0.000000 0.000000 0.000000
L 2.193931 2.193931 -2.193931
D 4.387862 0.000000 -4.387862
A 6.581793 2.193931 -6.581793
L 4.387862 4.387862 -8.775724
L 2.193931 6.581793 -6.581793
A 4.387862 8.775724 -4.387862
D 6.581793 6.581793 -2.193931
L 8.775724 4.387862 -4.387862
E 10.969655 6.581793 -6.581793


-4.910000	321021301	1101100001101
10

D 0.000000 0.000000 0.000000
L 2.193931 2.193931 -2.193931
D 4.387862 0.000000 -4.387862
A 6.581793 -2.193931 -2.193931
L 4.387862 -4.387862 0.000000
L 2.193931 -6.581793 -2.193931
A 4.387862 -8.775724 -4.387862
D 6.581793 -6.581793 -6.581793
L 8.775724 -4.387862 -4.387862
E 10.969655 -6.581793 -2.193931


