-89.915867	4617206324410
14

R 0.000000 0.000000 0.000000
G 2.193931 2.193931 -2.193931
K 4.387862 0.000000 -4.387862
W 2.193931 -2.193931 -2.193931
T 0.000000 -4.387862 0.000000
Y -2.193931 -2.193931 -2.193931
N -4.387862 -4.387862 -4.387862
G -2.193931 -6.581793 -2.193931
I 0.000000 -4.387862 -4.387862
T -2.193931 -2.193931 -6.581793
Y 0.000000 -0.000000 -4.387862
E 2.193931 -2.193931 -6.581793
G 4.387862 -4.387862 -4.387862
R 2.193931 -6.581793 -2.193931


-89.915867	4312703674410
14

R 0.000000 0.000000 0.000000
G 2.193931 2.193931 -2.193931
K 4.387862 0.000000 -4.387862
W 2.193931 -2.193931 -2.193931
T 0.000000 -4.387862 0.000000
Y 2.193931 -2.193931 2.193931
N 4.387862 -4.387862 4.387862
G 2.193931 -6.581793 2.193931
I 4.387862 -4.387862 0.000000
T 6.581793 -2.193931 2.193931
Y 4.387862 -0.000000 0.000000
E 6.581793 -2.193931 -2.193931
G 4.387862 -4.387862 -4.387862
R 2.193931 -6.581793 -2.193931


-89.808546	1342753671410
14

R 0.000000 0.000000 0.000000
G 2.193931 2.193931 -2.193931
K 4.387862 0.000000 -4.387862
W 2.193931 -2.193931 -2.193931
T 4.387862 -4.387862 -4.387862
Y 6.581793 -2.193931 -2.193931
N 8.775724 -4.387862 0.000000
G 6.581793 -6.581793 -2.193931
I 4.387862 -4.387862 0.000000
T 6.581793 -2.193931 2.193931
Y 4.387862 -0.000000 0.000000
E 2.193931 -2.193931 2.193931
G 0.000000 -4.387862 0.000000
R 2.193931 -6.581793 -2.193931


-89.808546	1647256321410
14

R 0.000000 0.000000 0.000000
G 2.193931 2.193931 -2.193931
K 4.387862 0.000000 -4.387862
W 2.193931 -2.193931 -2.193931
T 4.387862 -4.387862 -4.387862
Y 2.193931 -2.193931 -6.581793
N 0.000000 -4.387862 -8.775724
G 2.193931 -6.581793 -6.581793
I 0.000000 -4.387862 -4.387862
T -2.193931 -2.193931 -6.581793
Y 0.000000 -0.000000 -4.387862
E -2.193931 -2.193931 -2.193931
G 0.000000 -4.387862 -0.000000
R 2.193931 -6.581793 -2.193931


-89.518117	4606317224410
14

R 0.000000 0.000000 0.000000
G 2.193931 2.193931 -2.193931
K 4.387862 0.000000 -4.387862
W 2.193931 -2.193931 -2.193931
T 0.000000 -4.387862 0.000000
Y -2.193931 -2.193931 -2.193931
N -4.387862 0.000000 -4.387862
G -2.193931 2.193931 -2.193931
I 0.000000 0.000000 -4.387862
T -2.193931 -2.193931 -6.581793
Y 0.000000 -4.387862 -4.387862
E 2.193931 -2.193931 -6.581793
G 4.387862 -4.387862 -4.387862
R 2.193931 -6.581793 -2.193931


-89.518117	4303612774410
14

R 0.000000 0.000000 0.000000
G 2.193931 2.193931 -2.193931
K 4.387862 0.000000 -4.387862
W 2.193931 -2.193931 -2.193931
T 0.000000 -4.387862 0.000000
Y 2.193931 -2.193931 2.193931
N 4.387862 0.000000 4.387862
G 2.193931 2.193931 2.193931
I 4.387862 0.000000 0.000000
T 6.581793 -2.193931 2.193931
Y 4.387862 -4.387862 0.000000
E 6.581793 -2.193931 -2.193931
G 4.387862 -4.387862 -4.387862
R 2.193931 -6.581793 -2.193931


-89.019790	0244117224410
14

R 0.000000 0.000000 0.000000
G 2.193931 2.193931 -2.193931
K 4.387862 0.000000 -4.387862
W 2.193931 -2.193931 -2.193931
T 0.000000 -4.387862 0.000000
Y -2.193931 -2.193931 -2.193931
N -4.387862 0.000000 -4.387862
G -2.193931 2.193931 -2.193931
I 0.000000 0.000000 -4.387862
T 2.193931 -2.193931 -6.581793
Y 0.000000 -4.387862 -4.387862
E -2.193931 -6.581793 -2.193931
G -4.387862 -4.387862 -4.387862
R -2.193931 -2.193931 -6.581793


-89.019790	0744112774410
14

R 0.000000 0.000000 0.000000
G 2.193931 2.193931 -2.193931
K 4.387862 0.000000 -4.387862
W 2.193931 -2.193931 -2.193931
T 0.000000 -4.387862 0.000000
Y 2.193931 -2.193931 2.193931
N 4.387862 0.000000 4.387862
G 2.193931 2.193931 2.193931
I 4.387862 0.000000 0.000000
T 6.581793 -2.193931 -2.193931
Y 4.387862 -4.387862 0.000000
E 2.193931 -6.581793 2.193931
G 4.387862 -4.387862 4.387862
R 6.581793 -2.193931 2.193931


-88.840796	1353642771410
14

R 0.000000 0.000000 0.000000
G 2.193931 2.193931 -2.193931
K 4.387862 0.000000 -4.387862
W 2.193931 -2.193931 -2.193931
T 4.387862 -4.387862 -4.387862
Y 6.581793 -2.193931 -2.193931
N 8.775724 0.000000 0.000000
G 6.581793 2.193931 -2.193931
I 4.387862 0.000000 0.000000
T 6.581793 -2.193931 2.193931
Y 4.387862 -4.387862 0.000000
E 2.193931 -2.193931 2.193931
G 0.000000 -4.387862 0.000000
R 2.193931 -6.581793 -2.193931


-88.840796	1656347221410
14

R 0.000000 0.000000 0.000000
G 2.193931 2.193931 -2.193931
K 4.387862 0.000000 -4.387862
W 2.193931 -2.193931 -2.193931
T 4.387862 -4.387862 -4.387862
Y 2.193931 -2.193931 -6.581793
N 0.000000 0.000000 -8.775724
G 2.193931 2.193931 -6.581793
I 0.000000 0.000000 -4.387862
T -2.193931 -2.193931 -6.581793
Y 0.000000 -4.387862 -4.387862
E -2.193931 -2.193931 -2.193931
G 0.000000 -4.387862 -0.000000
R 2.193931 -6.581793 -2.193931


-88.764194	6130521456310
14

R 0.000000 0.000000 0.000000
G 2.193931 2.193931 -2.193931
K 4.387862 0.000000 -4.387862
W 2.193931 -2.193931 -6.581793
T 4.387862 -4.387862 -4.387862
Y 2.193931 -2.193931 -2.193931
N 0.000000 -4.387862 -0.000000
G 2.193931 -6.581793 -2.193931
I 0.000000 -4.387862 -4.387862
T -2.193931 -2.193931 -2.193931
Y 0.000000 -0.000000 -4.387862
E -2.193931 -2.193931 -6.581793
G 0.000000 -4.387862 -8.775724
R 2.193931 -6.581793 -6.581793


-88.764194	3160571453610
14

R 0.000000 0.000000 0.000000
G 2.193931 2.193931 -2.193931
K 4.387862 0.000000 -4.387862
W 6.581793 -2.193931 -2.193931
T 4.387862 -4.387862 -4.387862
Y 2.193931 -2.193931 -2.193931
N 0.000000 -4.387862 0.000000
G 2.193931 -6.581793 -2.193931
I 4.387862 -4.387862 0.000000
T 2.193931 -2.193931 2.193931
Y 4.387862 -0.000000 0.000000
E 6.581793 -2.193931 2.193931
G 8.775724 -4.387862 0.000000
R 6.581793 -6.581793 -2.193931


-88.646681	7033612774410
14

R 0.000000 0.000000 0.000000
G 2.193931 2.193931 -2.193931
K 4.387862 0.000000 -4.387862
W 2.193931 -2.193931 -2.193931
T 0.000000 -4.387862 0.000000
Y 2.193931 -2.193931 2.193931
N 4.387862 0.000000 4.387862
G 2.193931 2.193931 2.193931
I 4.387862 0.000000 0.000000
T 6.581793 -2.193931 2.193931
Y 4.387862 -4.387862 0.000000
E 2.193931 -6.581793 -2.193931
G 4.387862 -4.387862 -4.387862
R 6.581793 -2.193931 -2.193931


-88.646681	2066317224410
14

R 0.000000 0.000000 0.000000
G 2.193931 2.193931 -2.193931
K 4.387862 0.000000 -4.387862
W 2.193931 -2.193931 -2.193931
T 0.000000 -4.387862 0.000000
Y -2.193931 -2.193931 -2.193931
N -4.387862 0.000000 -4.387862
G -2.193931 2.193931 -2.193931
I 0.000000 0.000000 -4.387862
T -2.193931 -2.193931 -6.581793
Y 0.000000 -4.387862 -4.387862
E 2.193931 -6.581793 -2.193931
G 4.387862 -4.387862 -4.387862
R 2.193931 -2.193931 -6.581793


-88.551226	3474112774410
14

R 0.000000 0.000000 0.000000
G 2.193931 2.193931 -2.193931
K 4.387862 0.000000 -4.387862
W 2.193931 -2.193931 -2.193931
T 0.000000 -4.387862 0.000000
Y 2.193931 -2.193931 2.193931
N 4.387862 0.000000 4.387862
G 2.193931 2.193931 2.193931
I 4.387862 0.000000 0.000000
T 6.581793 -2.193931 -2.193931
Y 4.387862 -4.387862 0.000000
E 6.581793 -2.193931 2.193931
G 4.387862 -4.387862 4.387862
R 2.193931 -6.581793 2.193931


-88.551226	6424117224410
14

R 0.000000 0.000000 0.000000
G 2.193931 2.193931 -2.193931
K 4.387862 0.000000 -4.387862
W 2.193931 -2.193931 -2.193931
T 0.000000 -4.387862 0.000000
Y -2.193931 -2.193931 -2.193931
N -4.387862 0.000000 -4.387862
G -2.193931 2.193931 -2.193931
I 0.000000 0.000000 -4.387862
T 2.193931 -2.193931 -6.581793
Y 0.000000 -4.387862 -4.387862
E -2.193931 -2.193931 -6.581793
G -4.387862 -4.387862 -4.387862
R -2.193931 -6.581793 -2.193931


-88.459360	2566347221410
14

R 0.000000 0.000000 0.000000
G 2.193931 2.193931 -2.193931
K 4.387862 0.000000 -4.387862
W 2.193931 -2.193931 -2.193931
T 4.387862 -4.387862 -4.387862
Y 2.193931 -2.193931 -6.581793
N 0.000000 0.000000 -8.775724
G 2.193931 2.193931 -6.581793
I 0.000000 0.000000 -4.387862
T -2.193931 -2.193931 -6.581793
Y 0.000000 -4.387862 -4.387862
E 2.193931 -6.581793 -2.193931
G 0.000000 -4.387862 -0.000000
R -2.193931 -2.193931 -2.193931


-88.459360	7533642771410
14

R 0.000000 0.000000 0.000000
G 2.193931 2.193931 -2.193931
K 4.387862 0.000000 -4.387862
W 2.193931 -2.193931 -2.193931
T 4.387862 -4.387862 -4.387862
Y 6.581793 -2.193931 -2.193931
N 8.775724 0.000000 0.000000
G 6.581793 2.193931 -2.193931
I 4.387862 0.000000 0.000000
T 6.581793 -2.193931 2.193931
Y 4.387862 -4.387862 0.000000
E 2.193931 -6.581793 -2.193931
G 0.000000 -4.387862 0.000000
R 2.193931 -2.193931 2.193931


-88.377687	1355006324410
14

R 0.000000 0.000000 0.000000
G 2.193931 2.193931 -2.193931
K 4.387862 0.000000 -4.387862
W 2.193931 -2.193931 -2.193931
T 0.000000 -4.387862 0.000000
Y -2.193931 -2.193931 -2.193931
N -4.387862 -4.387862 -4.387862
G -2.193931 -6.581793 -2.193931
I 0.000000 -4.387862 -4.387862
T 2.193931 -2.193931 -6.581793
Y 0.000000 -0.000000 -4.387862
E -2.193931 2.193931 -2.193931
G -4.387862 -0.000000 -4.387862
R -2.193931 -2.193931 -6.581793


-88.377687	1655003674410
14

R 0.000000 0.000000 0.000000
G 2.193931 2.193931 -2.193931
K 4.387862 0.000000 -4.387862
W 2.193931 -2.193931 -2.193931
T 0.000000 -4.387862 0.000000
Y 2.193931 -2.193931 2.193931
N 4.387862 -4.387862 4.387862
G 2.193931 -6.581793 2.193931
I 4.387862 -4.387862 0.000000
T 6.581793 -2.193931 -2.193931
Y 4.387862 -0.000000 0.000000
E 2.193931 2.193931 2.193931
G 4.387862 -0.000000 4.387862
R 6.581793 -2.193931 2.193931


-88.289264	7244763072530
14

R 0.000000 0.000000 0.000000
G 2.193931 2.193931 -2.193931
K 0.000000 0.000000 -4.387862
W -2.193931 2.193931 -2.193931
T -4.387862 4.387862 -4.387862
Y -2.193931 6.581793 -2.193931
N 0.000000 8.775724 -4.387862
G -2.193931 6.581793 -6.581793
I 0.000000 4.387862 -4.387862
T 2.193931 6.581793 -2.193931
Y 0.000000 4.387862 -0.000000
E -2.193931 2.193931 2.193931
G -4.387862 4.387862 -0.000000
R -2.193931 6.581793 2.193931


-88.289264	7144753071630
14

R 0.000000 0.000000 0.000000
G 2.193931 2.193931 -2.193931
K 0.000000 0.000000 -4.387862
W 2.193931 -2.193931 -2.193931
T 4.387862 -4.387862 -4.387862
Y 6.581793 -2.193931 -2.193931
N 8.775724 0.000000 -4.387862
G 6.581793 -2.193931 -6.581793
I 4.387862 0.000000 -4.387862
T 6.581793 2.193931 -2.193931
Y 4.387862 0.000000 -0.000000
E 2.193931 -2.193931 2.193931
G 4.387862 -4.387862 -0.000000
R 6.581793 -2.193931 2.193931


-88.240892	5703612774410
14

R 0.000000 0.000000 0.000000
G 2.193931 2.193931 -2.193931
K 4.387862 0.000000 -4.387862
W 2.193931 -2.193931 -2.193931
T 0.000000 -4.387862 0.000000
Y 2.193931 -2.193931 2.193931
N 4.387862 0.000000 4.387862
G 2.193931 2.193931 2.193931
I 4.387862 0.000000 0.000000
T 6.581793 -2.193931 2.193931
Y 4.387862 -4.387862 0.000000
E 6.581793 -2.193931 -2.193931
G 8.775724 0.000000 0.000000
R 6.581793 2.193931 2.193931


-88.240892	5206317224410
14

R 0.000000 0.000000 0.000000
G 2.193931 2.193931 -2.193931
K 4.387862 0.000000 -4.387862
W 2.193931 -2.193931 -2.193931
T 0.000000 -4.387862 0.000000
Y -2.193931 -2.193931 -2.193931
N -4.387862 0.000000 -4.387862
G -2.193931 2.193931 -2.193931
I 0.000000 0.000000 -4.387862
T -2.193931 -2.193931 -6.581793
Y 0.000000 -4.387862 -4.387862
E 2.193931 -2.193931 -6.581793
G 0.000000 0.000000 -8.775724
R -2.193931 2.193931 -6.581793


-88.211988	3610505314410
14

R 0.000000 0.000000 0.000000
G 2.193931 2.193931 -2.193931
K 4.387862 0.000000 -4.387862
W 2.193931 -2.193931 -2.193931
T 0.000000 -4.387862 0.000000
Y 2.193931 -6.581793 -2.193931
N 0.000000 -8.775724 -4.387862
G -2.193931 -6.581793 -2.193931
I 0.000000 -4.387862 -4.387862
T -2.193931 -2.193931 -2.193931
Y 0.000000 -0.000000 -4.387862
E 2.193931 -2.193931 -6.581793
G 4.387862 -4.387862 -4.387862
R 2.193931 -6.581793 -6.581793


-88.211988	6310505614410
14

R 0.000000 0.000000 0.000000
G 2.193931 2.193931 -2.193931
K 4.387862 0.000000 -4.387862
W 2.193931 -2.193931 -2.193931
T 0.000000 -4.387862 0.000000
Y 2.193931 -6.581793 -2.193931
N 4.387862 -8.775724 0.000000
G 2.193931 -6.581793 2.193931
I 4.387862 -4.387862 0.000000
T 2.193931 -2.193931 2.193931
Y 4.387862 -0.000000 0.000000
E 6.581793 -2.193931 -2.193931
G 4.387862 -4.387862 -4.387862
R 6.581793 -6.581793 -2.193931


-88.074668	3645050341410
14

R 0.000000 0.000000 0.000000
G 2.193931 2.193931 -2.193931
K 4.387862 0.000000 -4.387862
W 2.193931 -2.193931 -2.193931
T 4.387862 -4.387862 -4.387862
Y 2.193931 -6.581793 -2.193931
N 0.000000 -8.775724 -4.387862
G 2.193931 -6.581793 -6.581793
I 0.000000 -4.387862 -4.387862
T 2.193931 -2.193931 -6.581793
Y 0.000000 -0.000000 -4.387862
E -2.193931 -2.193931 -2.193931
G 0.000000 -4.387862 -0.000000
R -2.193931 -6.581793 -2.193931


-88.074668	6345050641410
14

R 0.000000 0.000000 0.000000
G 2.193931 2.193931 -2.193931
K 4.387862 0.000000 -4.387862
W 2.193931 -2.193931 -2.193931
T 4.387862 -4.387862 -4.387862
Y 2.193931 -6.581793 -2.193931
N 4.387862 -8.775724 0.000000
G 6.581793 -6.581793 -2.193931
I 4.387862 -4.387862 0.000000
T 6.581793 -2.193931 -2.193931
Y 4.387862 -0.000000 0.000000
E 2.193931 -2.193931 2.193931
G 0.000000 -4.387862 0.000000
R 2.193931 -6.581793 2.193931


-88.020315	4760312465600
14

R 0.000000 0.000000 0.000000
G 2.193931 2.193931 -2.193931
K 4.387862 4.387862 -4.387862
W 6.581793 2.193931 -2.193931
T 4.387862 4.387862 0.000000
Y 6.581793 2.193931 2.193931
N 4.387862 0.000000 4.387862
G 2.193931 2.193931 2.193931
I 4.387862 0.000000 0.000000
T 2.193931 -2.193931 -2.193931
Y 4.387862 0.000000 -4.387862
E 6.581793 -2.193931 -2.193931
G 8.775724 0.000000 0.000000
R 6.581793 -2.193931 2.193931


-88.020315	4750321456500
14

R 0.000000 0.000000 0.000000
G 2.193931 2.193931 -2.193931
K 4.387862 4.387862 -4.387862
W 2.193931 6.581793 -2.193931
T 4.387862 4.387862 0.000000
Y 2.193931 6.581793 2.193931
N 0.000000 4.387862 4.387862
G 2.193931 2.193931 2.193931
I 0.000000 4.387862 0.000000
T -2.193931 2.193931 -2.193931
Y 0.000000 4.387862 -4.387862
E -2.193931 6.581793 -2.193931
G 0.000000 8.775724 0.000000
R -2.193931 6.581793 2.193931


-88.020315	4250671453500
14

R 0.000000 0.000000 0.000000
G 2.193931 2.193931 -2.193931
K 4.387862 4.387862 -4.387862
W 2.193931 6.581793 -2.193931
T 0.000000 4.387862 -4.387862
Y -2.193931 6.581793 -2.193931
N -4.387862 4.387862 0.000000
G -2.193931 2.193931 -2.193931
I 0.000000 4.387862 0.000000
T 2.193931 2.193931 2.193931
Y 4.387862 4.387862 0.000000
E 2.193931 6.581793 2.193931
G 0.000000 8.775724 0.000000
R -2.193931 6.581793 2.193931


-88.020315	4230617435300
14

R 0.000000 0.000000 0.000000
G 2.193931 2.193931 -2.193931
K 4.387862 4.387862 -4.387862
W 2.193931 2.193931 -6.581793
T 0.000000 4.387862 -4.387862
Y -2.193931 2.193931 -6.581793
N -4.387862 0.000000 -4.387862
G -2.193931 2.193931 -2.193931
I 0.000000 0.000000 -4.387862
T 2.193931 -2.193931 -2.193931
Y 4.387862 0.000000 -4.387862
E 2.193931 -2.193931 -6.581793
G 0.000000 0.000000 -8.775724
R -2.193931 -2.193931 -6.581793


-88.020315	4130527436300
14

R 0.000000 0.000000 0.000000
G 2.193931 2.193931 -2.193931
K 4.387862 4.387862 -4.387862
W 2.193931 2.193931 -6.581793
T 4.387862 0.000000 -4.387862
Y 2.193931 -2.193931 -6.581793
N 0.000000 -4.387862 -4.387862
G 2.193931 -2.193931 -2.193931
I 0.000000 0.000000 -4.387862
T -2.193931 2.193931 -2.193931
Y 0.000000 4.387862 -4.387862
E -2.193931 2.193931 -6.581793
G 0.000000 0.000000 -8.775724
R -2.193931 -2.193931 -6.581793


-88.020315	4160572463600
14

R 0.000000 0.000000 0.000000
G 2.193931 2.193931 -2.193931
K 4.387862 4.387862 -4.387862
W 6.581793 2.193931 -2.193931
T 4.387862 0.000000 -4.387862
Y 6.581793 -2.193931 -2.193931
N 4.387862 -4.387862 0.000000
G 2.193931 -2.193931 -2.193931
I 4.387862 0.000000 0.000000
T 2.193931 2.193931 2.193931
Y 4.387862 4.387862 0.000000
E 6.581793 2.193931 2.193931
G 8.775724 0.000000 0.000000
R 6.581793 -2.193931 2.193931


-87.968835	5711442771410
14

R 0.000000 0.000000 0.000000
G 2.193931 2.193931 -2.193931
K 4.387862 0.000000 -4.387862
W 2.193931 -2.193931 -2.193931
T 4.387862 -4.387862 -4.387862
Y 6.581793 -2.193931 -2.193931
N 8.775724 0.000000 0.000000
G 6.581793 2.193931 -2.193931
I 4.387862 0.000000 0.000000
T 2.193931 -2.193931 2.193931
Y 4.387862 -4.387862 0.000000
E 6.581793 -6.581793 -2.193931
G 8.775724 -4.387862 0.000000
R 6.581793 -2.193931 2.193931


-87.968835	5211447221410
14

R 0.000000 0.000000 0.000000
G 2.193931 2.193931 -2.193931
K 4.387862 0.000000 -4.387862
W 2.193931 -2.193931 -2.193931
T 4.387862 -4.387862 -4.387862
Y 2.193931 -2.193931 -6.581793
N 0.000000 0.000000 -8.775724
G 2.193931 2.193931 -6.581793
I 0.000000 0.000000 -4.387862
T -2.193931 -2.193931 -2.193931
Y 0.000000 -4.387862 -4.387862
E 2.193931 -6.581793 -6.581793
G 0.000000 -4.387862 -8.775724
R -2.193931 -2.193931 -6.581793


-87.871226	0633024706630
14

R 0.000000 0.000000 0.000000
G 2.193931 2.193931 -2.193931
K 0.000000 0.000000 -4.387862
W 2.193931 -2.193931 -2.193931
T 4.387862 -4.387862 0.000000
Y 6.581793 -2.193931 -2.193931
N 8.775724 0.000000 0.000000
G 6.581793 -2.193931 2.193931
I 4.387862 0.000000 0.000000
T 6.581793 2.193931 -2.193931
Y 4.387862 0.000000 -4.387862
E 2.193931 -2.193931 -6.581793
G 4.387862 -4.387862 -4.387862
R 6.581793 -2.193931 -6.581793


-87.871226	0533014705530
14

R 0.000000 0.000000 0.000000
G 2.193931 2.193931 -2.193931
K 0.000000 0.000000 -4.387862
W -2.193931 2.193931 -2.193931
T -4.387862 4.387862 0.000000
Y -2.193931 6.581793 -2.193931
N 0.000000 8.775724 0.000000
G -2.193931 6.581793 2.193931
I 0.000000 4.387862 0.000000
T 2.193931 6.581793 -2.193931
Y 0.000000 4.387862 -4.387862
E -2.193931 2.193931 -6.581793
G -4.387862 4.387862 -4.387862
R -2.193931 6.581793 -6.581793


-87.863476	7463012774630
14

R 0.000000 0.000000 0.000000
G 2.193931 2.193931 -2.193931
K 0.000000 0.000000 -4.387862
W 2.193931 -2.193931 -2.193931
T 0.000000 -4.387862 0.000000
Y 2.193931 -2.193931 2.193931
N 4.387862 0.000000 4.387862
G 2.193931 2.193931 2.193931
I 4.387862 0.000000 0.000000
T 6.581793 2.193931 -2.193931
Y 4.387862 0.000000 -4.387862
E 6.581793 -2.193931 -2.193931
G 4.387862 -4.387862 0.000000
R 6.581793 -2.193931 2.193931


-87.863476	7453021774530
14

R 0.000000 0.000000 0.000000
G 2.193931 2.193931 -2.193931
K 0.000000 0.000000 -4.387862
W -2.193931 2.193931 -2.193931
T -4.387862 0.000000 0.000000
Y -2.193931 2.193931 2.193931
N 0.000000 4.387862 4.387862
G 2.193931 2.193931 2.193931
I 0.000000 4.387862 0.000000
T 2.193931 6.581793 -2.193931
Y 0.000000 4.387862 -4.387862
E -2.193931 6.581793 -2.193931
G -4.387862 4.387862 0.000000
R -2.193931 6.581793 2.193931


-87.851226	0574110574410
14

R 0.000000 0.000000 0.000000
G 2.193931 2.193931 -2.193931
K 4.387862 0.000000 -4.387862
W 2.193931 -2.193931 -2.193931
T 0.000000 -4.387862 0.000000
Y 2.193931 -2.193931 2.193931
N 0.000000 0.000000 4.387862
G 2.193931 2.193931 2.193931
I 4.387862 0.000000 0.000000
T 6.581793 -2.193931 -2.193931
Y 4.387862 -4.387862 0.000000
E 6.581793 -2.193931 2.193931
G 4.387862 0.000000 4.387862
R 6.581793 2.193931 2.193931


-87.851226	0524110524410
14

R 0.000000 0.000000 0.000000
G 2.193931 2.193931 -2.193931
K 4.387862 0.000000 -4.387862
W 2.193931 -2.193931 -2.193931
T 0.000000 -4.387862 0.000000
Y -2.193931 -2.193931 -2.193931
N -4.387862 0.000000 0.000000
G -2.193931 2.193931 -2.193931
I 0.000000 0.000000 -4.387862
T 2.193931 -2.193931 -6.581793
Y 0.000000 -4.387862 -4.387862
E -2.193931 -2.193931 -6.581793
G -4.387862 0.000000 -4.387862
R -2.193931 2.193931 -6.581793


-87.709982	5024117224410
14

R 0.000000 0.000000 0.000000
G 2.193931 2.193931 -2.193931
K 4.387862 0.000000 -4.387862
W 2.193931 -2.193931 -2.193931
T 0.000000 -4.387862 0.000000
Y -2.193931 -2.193931 -2.193931
N -4.387862 0.000000 -4.387862
G -2.193931 2.193931 -2.193931
I 0.000000 0.000000 -4.387862
T 2.193931 -2.193931 -6.581793
Y 0.000000 -4.387862 -4.387862
E -2.193931 -2.193931 -6.581793
G 0.000000 0.000000 -8.775724
R -2.193931 2.193931 -6.581793


-87.709982	5074112774410
14

R 0.000000 0.000000 0.000000
G 2.193931 2.193931 -2.193931
K 4.387862 0.000000 -4.387862
W 2.193931 -2.193931 -2.193931
T 0.000000 -4.387862 0.000000
Y 2.193931 -2.193931 2.193931
N 4.387862 0.000000 4.387862
G 2.193931 2.193931 2.193931
I 4.387862 0.000000 0.000000
T 6.581793 -2.193931 -2.193931
Y 4.387862 -4.387862 0.000000
E 6.581793 -2.193931 2.193931
G 8.775724 0.000000 0.000000
R 6.581793 2.193931 2.193931


-87.612565	5364753071630
14

R 0.000000 0.000000 0.000000
G 2.193931 2.193931 -2.193931
K 0.000000 0.000000 -4.387862
W 2.193931 -2.193931 -2.193931
T 4.387862 -4.387862 -4.387862
Y 6.581793 -2.193931 -2.193931
N 8.775724 0.000000 -4.387862
G 6.581793 -2.193931 -6.581793
I 4.387862 0.000000 -4.387862
T 6.581793 2.193931 -2.193931
Y 4.387862 0.000000 -0.000000
E 6.581793 -2.193931 2.193931
G 4.387862 -4.387862 -0.000000
R 2.193931 -2.193931 2.193931


-87.612565	6354763072530
14

R 0.000000 0.000000 0.000000
G 2.193931 2.193931 -2.193931
K 0.000000 0.000000 -4.387862
W -2.193931 2.193931 -2.193931
T -4.387862 4.387862 -4.387862
Y -2.193931 6.581793 -2.193931
N 0.000000 8.775724 -4.387862
G -2.193931 6.581793 -6.581793
I 0.000000 4.387862 -4.387862
T 2.193931 6.581793 -2.193931
Y 0.000000 4.387862 -0.000000
E -2.193931 6.581793 2.193931
G -4.387862 4.387862 -0.000000
R -2.193931 2.193931 2.193931


-87.601469	7203612774630
14

R 0.000000 0.000000 0.000000
G 2.193931 2.193931 -2.193931
K 0.000000 0.000000 -4.387862
W 2.193931 -2.193931 -2.193931
T 0.000000 -4.387862 0.000000
Y 2.193931 -2.193931 2.193931
N 4.387862 0.000000 4.387862
G 2.193931 2.193931 2.193931
I 4.387862 0.000000 0.000000
T 6.581793 -2.193931 2.193931
Y 4.387862 -4.387862 0.000000
E 6.581793 -2.193931 -2.193931
G 4.387862 0.000000 -4.387862
R 6.581793 2.193931 -2.193931


-87.601469	7103521774530
14

R 0.000000 0.000000 0.000000
G 2.193931 2.193931 -2.193931
K 0.000000 0.000000 -4.387862
W -2.193931 2.193931 -2.193931
T -4.387862 0.000000 0.000000
Y -2.193931 2.193931 2.193931
N 0.000000 4.387862 4.387862
G 2.193931 2.193931 2.193931
I 0.000000 4.387862 0.000000
T -2.193931 6.581793 2.193931
Y -4.387862 4.387862 0.000000
E -2.193931 6.581793 -2.193931
G 0.000000 4.387862 -4.387862
R 2.193931 6.581793 -2.193931


-87.592905	4600571453610
14

R 0.000000 0.000000 0.000000
G 2.193931 2.193931 -2.193931
K 4.387862 0.000000 -4.387862
W 6.581793 -2.193931 -2.193931
T 4.387862 -4.387862 -4.387862
Y 2.193931 -2.193931 -2.193931
N 0.000000 -4.387862 0.000000
G 2.193931 -6.581793 -2.193931
I 4.387862 -4.387862 0.000000
T 2.193931 -2.193931 2.193931
Y 4.387862 -0.000000 0.000000
E 6.581793 2.193931 -2.193931
G 8.775724 -0.000000 0.000000
R 6.581793 -2.193931 2.193931


-87.592905	4300521456310
14

R 0.000000 0.000000 0.000000
G 2.193931 2.193931 -2.193931
K 4.387862 0.000000 -4.387862
W 2.193931 -2.193931 -6.581793
T 4.387862 -4.387862 -4.387862
Y 2.193931 -2.193931 -2.193931
N 0.000000 -4.387862 -0.000000
G 2.193931 -6.581793 -2.193931
I 0.000000 -4.387862 -4.387862
T -2.193931 -2.193931 -2.193931
Y 0.000000 -0.000000 -4.387862
E 2.193931 2.193931 -6.581793
G 0.000000 -0.000000 -8.775724
R -2.193931 -2.193931 -6.581793


