-18.190000	020230210320301	0001000111000110001101001
16

R 0.000000 0.000000 0.000000
H 2.193931 2.193931 -2.193931
Y 4.387862 0.000000 -4.387862
Y 6.581793 -2.193931 -2.193931
K 8.775724 -4.387862 -4.387862
F 6.581793 -6.581793 -6.581793
N 4.387862 -4.387862 -8.775724
S 2.193931 -2.193931 -6.581793
T 0.000000 -4.387862 -4.387862
G -2.193931 -6.581793 -6.581793
R 0.000000 -8.775724 -8.775724
H 2.193931 -10.969655 -6.581793
Y 4.387862 -8.775724 -4.387862
H 2.193931 -6.581793 -2.193931
Y 4.387862 -4.387862 -0.000000
Y 2.193931 -2.193931 2.193931


-18.130000	010123121021301	0010001001111001100001101
16

R 0.000000 0.000000 0.000000
H 2.193931 2.193931 -2.193931
Y 4.387862 0.000000 -4.387862
Y 6.581793 -2.193931 -2.193931
K 4.387862 -4.387862 0.000000
F 2.193931 -6.581793 -2.193931
N 4.387862 -8.775724 -4.387862
S 6.581793 -6.581793 -6.581793
T 8.775724 -4.387862 -4.387862
G 10.969655 -2.193931 -6.581793
R 8.775724 -0.000000 -8.775724
H 6.581793 -2.193931 -10.969655
Y 4.387862 -4.387862 -8.775724
H 2.193931 -2.193931 -6.581793
Y 0.000000 -4.387862 -4.387862
Y -2.193931 -2.193931 -2.193931


-18.120000	301302103101301	1100101100011000111000101
16

R 0.000000 0.000000 0.000000
H 2.193931 2.193931 -2.193931
Y 4.387862 0.000000 -4.387862
Y 6.581793 -2.193931 -2.193931
K 4.387862 -4.387862 0.000000
F 2.193931 -2.193931 2.193931
N 0.000000 -4.387862 4.387862
S 2.193931 -6.581793 6.581793
T 4.387862 -8.775724 4.387862
G 6.581793 -6.581793 2.193931
R 8.775724 -4.387862 4.387862
H 6.581793 -2.193931 6.581793
Y 4.387862 -0.000000 4.387862
H 6.581793 2.193931 2.193931
Y 8.775724 -0.000000 0.000000
Y 10.969655 -2.193931 2.193931


-18.120000	310312103101301	1110001110011000111000101
16

R 0.000000 0.000000 0.000000
H 2.193931 2.193931 -2.193931
Y 4.387862 0.000000 -4.387862
Y 6.581793 -2.193931 -2.193931
K 4.387862 -4.387862 0.000000
F 2.193931 -2.193931 2.193931
N 0.000000 -4.387862 4.387862
S 2.193931 -6.581793 6.581793
T 4.387862 -8.775724 4.387862
G 6.581793 -6.581793 2.193931
R 8.775724 -4.387862 4.387862
H 10.969655 -2.193931 2.193931
Y 8.775724 -0.000000 0.000000
H 6.581793 2.193931 2.193931
Y 4.387862 -0.000000 4.387862
Y 6.581793 -2.193931 6.581793


-18.040000	031032130101301	0011100011011011001000101
16

R 0.000000 0.000000 0.000000
H 2.193931 2.193931 -2.193931
Y 4.387862 0.000000 -4.387862
Y 6.581793 -2.193931 -2.193931
K 4.387862 -4.387862 0.000000
F 2.193931 -2.193931 2.193931
N 0.000000 -4.387862 4.387862
S -2.193931 -2.193931 6.581793
T -4.387862 0.000000 4.387862
G -2.193931 2.193931 2.193931
R 0.000000 4.387862 4.387862
H 2.193931 2.193931 6.581793
Y 4.387862 0.000000 4.387862
H 6.581793 2.193931 2.193931
Y 4.387862 4.387862 0.000000
Y 2.193931 6.581793 2.193931


-18.040000	013012130101301	0010110010011011001000101
16

R 0.000000 0.000000 0.000000
H 2.193931 2.193931 -2.193931
Y 4.387862 0.000000 -4.387862
Y 6.581793 -2.193931 -2.193931
K 4.387862 -4.387862 0.000000
F 2.193931 -2.193931 2.193931
N 0.000000 -4.387862 4.387862
S -2.193931 -2.193931 6.581793
T -4.387862 0.000000 4.387862
G -2.193931 2.193931 2.193931
R 0.000000 4.387862 4.387862
H 2.193931 6.581793 2.193931
Y 4.387862 4.387862 0.000000
H 6.581793 2.193931 2.193931
Y 4.387862 0.000000 4.387862
Y 2.193931 2.193931 6.581793


-17.740000	213013123101301	0110110010111001111000101
16

R 0.000000 0.000000 0.000000
H 2.193931 2.193931 -2.193931
Y 4.387862 0.000000 -4.387862
Y 6.581793 -2.193931 -2.193931
K 4.387862 -4.387862 0.000000
F 2.193931 -2.193931 2.193931
N 0.000000 -4.387862 4.387862
S 2.193931 -6.581793 6.581793
T 4.387862 -4.387862 8.775724
G 6.581793 -2.193931 6.581793
R 4.387862 -0.000000 4.387862
H 6.581793 2.193931 2.193931
Y 8.775724 -0.000000 0.000000
H 10.969655 -2.193931 2.193931
Y 8.775724 -4.387862 4.387862
Y 6.581793 -6.581793 2.193931


-17.650000	210310120101301	0110001110001001001000101
16

R 0.000000 0.000000 0.000000
H 2.193931 2.193931 -2.193931
Y 4.387862 0.000000 -4.387862
Y 6.581793 -2.193931 -2.193931
K 4.387862 -4.387862 0.000000
F 2.193931 -2.193931 2.193931
N 0.000000 -4.387862 4.387862
S -2.193931 -2.193931 6.581793
T 0.000000 0.000000 8.775724
G 2.193931 2.193931 6.581793
R 4.387862 0.000000 4.387862
H 6.581793 2.193931 2.193931
Y 4.387862 4.387862 0.000000
H 2.193931 6.581793 2.193931
Y 0.000000 4.387862 4.387862
Y -2.193931 2.193931 2.193931


-17.580000	010323123021301	0010001101111001110001101
16

R 0.000000 0.000000 0.000000
H 2.193931 2.193931 -2.193931
Y 4.387862 0.000000 -4.387862
Y 6.581793 -2.193931 -2.193931
K 4.387862 -4.387862 0.000000
F 2.193931 -6.581793 -2.193931
N 4.387862 -8.775724 -4.387862
S 6.581793 -10.969655 -2.193931
T 8.775724 -8.775724 0.000000
G 10.969655 -6.581793 -2.193931
R 8.775724 -4.387862 -4.387862
H 6.581793 -6.581793 -6.581793
Y 4.387862 -4.387862 -8.775724
H 2.193931 -2.193931 -6.581793
Y 0.000000 -4.387862 -4.387862
Y -2.193931 -2.193931 -2.193931


-17.300000	032031230232301	0011010011100111000111011
16

R 0.000000 0.000000 0.000000
H 2.193931 2.193931 -2.193931
Y 4.387862 0.000000 -4.387862
Y 6.581793 -2.193931 -2.193931
K 8.775724 0.000000 0.000000
F 10.969655 -2.193931 2.193931
N 13.163586 0.000000 4.387862
S 10.969655 2.193931 6.581793
T 8.775724 4.387862 4.387862
G 6.581793 2.193931 2.193931
R 4.387862 0.000000 4.387862
H 6.581793 -2.193931 6.581793
Y 8.775724 -4.387862 4.387862
H 6.581793 -6.581793 2.193931
Y 4.387862 -4.387862 0.000000
Y 2.193931 -2.193931 2.193931


-17.190000	102012030120101	1000010010010011001001000
16

R 0.000000 0.000000 0.000000
H 2.193931 2.193931 -2.193931
Y 4.387862 0.000000 -4.387862
Y 6.581793 2.193931 -6.581793
K 8.775724 0.000000 -8.775724
F 6.581793 -2.193931 -10.969655
N 4.387862 -4.387862 -8.775724
S 2.193931 -2.193931 -6.581793
T 0.000000 0.000000 -8.775724
G -2.193931 2.193931 -6.581793
R 0.000000 4.387862 -4.387862
H 2.193931 6.581793 -6.581793
Y 4.387862 4.387862 -8.775724
H 2.193931 2.193931 -10.969655
Y 4.387862 0.000000 -13.163586
Y 6.581793 2.193931 -15.357517


-17.190000	301031020310301	1100100011100001001110001
16

R 0.000000 0.000000 0.000000
H 2.193931 2.193931 -2.193931
Y 4.387862 0.000000 -4.387862
Y 6.581793 -2.193931 -2.193931
K 8.775724 -4.387862 -4.387862
F 10.969655 -2.193931 -6.581793
N 8.775724 0.000000 -8.775724
S 6.581793 2.193931 -6.581793
T 8.775724 4.387862 -4.387862
G 6.581793 6.581793 -2.193931
R 4.387862 4.387862 -0.000000
H 6.581793 2.193931 2.193931
Y 8.775724 0.000000 -0.000000
H 10.969655 2.193931 -2.193931
Y 13.163586 0.000000 -4.387862
Y 15.357517 -2.193931 -2.193931


-17.190000	101031020310301	1000100011100001001110001
16

R 0.000000 0.000000 0.000000
H 2.193931 2.193931 -2.193931
Y 4.387862 0.000000 -4.387862
Y 6.581793 -2.193931 -2.193931
K 8.775724 -4.387862 -4.387862
F 10.969655 -2.193931 -6.581793
N 8.775724 0.000000 -8.775724
S 6.581793 2.193931 -6.581793
T 8.775724 4.387862 -4.387862
G 6.581793 6.581793 -2.193931
R 4.387862 4.387862 -0.000000
H 6.581793 2.193931 2.193931
Y 8.775724 0.000000 -0.000000
H 10.969655 2.193931 -2.193931
Y 13.163586 0.000000 -4.387862
Y 15.357517 2.193931 -6.581793


-17.190000	202012030120101	0100010010010011001001000
16

R 0.000000 0.000000 0.000000
H 2.193931 2.193931 -2.193931
Y 4.387862 0.000000 -4.387862
Y 6.581793 2.193931 -6.581793
K 8.775724 0.000000 -8.775724
F 6.581793 -2.193931 -10.969655
N 4.387862 -4.387862 -8.775724
S 2.193931 -2.193931 -6.581793
T 0.000000 0.000000 -8.775724
G -2.193931 2.193931 -6.581793
R 0.000000 4.387862 -4.387862
H 2.193931 6.581793 -6.581793
Y 4.387862 4.387862 -8.775724
H 2.193931 2.193931 -10.969655
Y 4.387862 0.000000 -13.163586
Y 2.193931 -2.193931 -15.357517


-17.190000	303013020130101	1100110010110001001011000
16

R 0.000000 0.000000 0.000000
H 2.193931 2.193931 -2.193931
Y 4.387862 0.000000 -4.387862
Y 6.581793 2.193931 -6.581793
K 8.775724 0.000000 -8.775724
F 10.969655 -2.193931 -6.581793
N 8.775724 -4.387862 -4.387862
S 6.581793 -2.193931 -2.193931
T 8.775724 0.000000 -0.000000
G 6.581793 2.193931 2.193931
R 4.387862 4.387862 -0.000000
H 6.581793 6.581793 -2.193931
Y 8.775724 4.387862 -4.387862
H 10.969655 2.193931 -2.193931
Y 13.163586 0.000000 -4.387862
Y 15.357517 -2.193931 -2.193931


-17.190000	103013020130101	1000110010110001001011000
16

R 0.000000 0.000000 0.000000
H 2.193931 2.193931 -2.193931
Y 4.387862 0.000000 -4.387862
Y 6.581793 2.193931 -6.581793
K 8.775724 0.000000 -8.775724
F 10.969655 -2.193931 -6.581793
N 8.775724 -4.387862 -4.387862
S 6.581793 -2.193931 -2.193931
T 8.775724 0.000000 -0.000000
G 6.581793 2.193931 2.193931
R 4.387862 4.387862 -0.000000
H 6.581793 6.581793 -2.193931
Y 8.775724 4.387862 -4.387862
H 10.969655 2.193931 -2.193931
Y 13.163586 0.000000 -4.387862
Y 15.357517 2.193931 -6.581793


-17.130000	303021020320101	1100110001100001001101000
16

R 0.000000 0.000000 0.000000
H 2.193931 2.193931 -2.193931
Y 4.387862 0.000000 -4.387862
Y 6.581793 2.193931 -6.581793
K 8.775724 0.000000 -8.775724
F 6.581793 -2.193931 -10.969655
N 4.387862 0.000000 -13.163586
S 2.193931 2.193931 -10.969655
T 4.387862 4.387862 -8.775724
G 2.193931 6.581793 -6.581793
R 0.000000 4.387862 -4.387862
H -2.193931 2.193931 -6.581793
Y 0.000000 0.000000 -8.775724
H 2.193931 -2.193931 -6.581793
Y 4.387862 -4.387862 -8.775724
Y 6.581793 -6.581793 -6.581793


-17.130000	202013010210301	0100010010110010000110001
16

R 0.000000 0.000000 0.000000
H 2.193931 2.193931 -2.193931
Y 4.387862 0.000000 -4.387862
Y 6.581793 -2.193931 -2.193931
K 8.775724 -4.387862 -4.387862
F 10.969655 -2.193931 -6.581793
N 13.163586 0.000000 -4.387862
S 10.969655 2.193931 -2.193931
T 8.775724 0.000000 -0.000000
G 6.581793 2.193931 2.193931
R 4.387862 4.387862 -0.000000
H 6.581793 6.581793 -2.193931
Y 8.775724 4.387862 -4.387862
H 6.581793 2.193931 -6.581793
Y 8.775724 0.000000 -8.775724
Y 6.581793 -2.193931 -10.969655


-17.130000	102013010210301	1000010010110010000110001
16

R 0.000000 0.000000 0.000000
H 2.193931 2.193931 -2.193931
Y 4.387862 0.000000 -4.387862
Y 6.581793 -2.193931 -2.193931
K 8.775724 -4.387862 -4.387862
F 10.969655 -2.193931 -6.581793
N 13.163586 0.000000 -4.387862
S 10.969655 2.193931 -2.193931
T 8.775724 0.000000 -0.000000
G 6.581793 2.193931 2.193931
R 4.387862 4.387862 -0.000000
H 6.581793 6.581793 -2.193931
Y 8.775724 4.387862 -4.387862
H 6.581793 2.193931 -6.581793
Y 8.775724 0.000000 -8.775724
Y 10.969655 2.193931 -10.969655


-17.130000	203021020320101	0100110001100001001101000
16

R 0.000000 0.000000 0.000000
H 2.193931 2.193931 -2.193931
Y 4.387862 0.000000 -4.387862
Y 6.581793 2.193931 -6.581793
K 8.775724 0.000000 -8.775724
F 6.581793 -2.193931 -10.969655
N 4.387862 0.000000 -13.163586
S 2.193931 2.193931 -10.969655
T 4.387862 4.387862 -8.775724
G 2.193931 6.581793 -6.581793
R 0.000000 4.387862 -4.387862
H -2.193931 2.193931 -6.581793
Y 0.000000 0.000000 -8.775724
H 2.193931 -2.193931 -6.581793
Y 4.387862 -4.387862 -8.775724
Y 2.193931 -6.581793 -10.969655


-17.130000	302031030230101	1100010011100011000111000
16

R 0.000000 0.000000 0.000000
H 2.193931 2.193931 -2.193931
Y 4.387862 0.000000 -4.387862
Y 6.581793 2.193931 -6.581793
K 8.775724 0.000000 -8.775724
F 10.969655 -2.193931 -6.581793
N 13.163586 0.000000 -4.387862
S 10.969655 2.193931 -2.193931
T 8.775724 4.387862 -4.387862
G 6.581793 6.581793 -2.193931
R 4.387862 4.387862 -0.000000
H 6.581793 2.193931 2.193931
Y 8.775724 0.000000 -0.000000
H 6.581793 -2.193931 -2.193931
Y 8.775724 -4.387862 -4.387862
Y 10.969655 -6.581793 -2.193931


-17.130000	202031030230101	0100010011100011000111000
16

R 0.000000 0.000000 0.000000
H 2.193931 2.193931 -2.193931
Y 4.387862 0.000000 -4.387862
Y 6.581793 2.193931 -6.581793
K 8.775724 0.000000 -8.775724
F 10.969655 -2.193931 -6.581793
N 13.163586 0.000000 -4.387862
S 10.969655 2.193931 -2.193931
T 8.775724 4.387862 -4.387862
G 6.581793 6.581793 -2.193931
R 4.387862 4.387862 -0.000000
H 6.581793 2.193931 2.193931
Y 8.775724 0.000000 -0.000000
H 6.581793 -2.193931 -2.193931
Y 8.775724 -4.387862 -4.387862
Y 6.581793 -6.581793 -6.581793


-17.100000	030230310320301	0011000111001110001101001
16

R 0.000000 0.000000 0.000000
H 2.193931 2.193931 -2.193931
Y 4.387862 0.000000 -4.387862
Y 6.581793 -2.193931 -2.193931
K 8.775724 -4.387862 -4.387862
F 6.581793 -6.581793 -6.581793
N 4.387862 -4.387862 -8.775724
S 2.193931 -2.193931 -6.581793
T 0.000000 -4.387862 -4.387862
G 2.193931 -6.581793 -2.193931
R 4.387862 -8.775724 -4.387862
H 6.581793 -10.969655 -2.193931
Y 8.775724 -8.775724 -0.000000
H 6.581793 -6.581793 2.193931
Y 4.387862 -4.387862 -0.000000
Y 2.193931 -2.193931 2.193931


-16.920000	210310120131301	0110001110001001001011101
16

R 0.000000 0.000000 0.000000
H 2.193931 2.193931 -2.193931
Y 4.387862 0.000000 -4.387862
Y 6.581793 -2.193931 -2.193931
K 4.387862 -4.387862 0.000000
F 6.581793 -6.581793 2.193931
N 4.387862 -8.775724 4.387862
S 2.193931 -6.581793 6.581793
T 4.387862 -4.387862 8.775724
G 6.581793 -2.193931 6.581793
R 8.775724 -4.387862 4.387862
H 10.969655 -2.193931 2.193931
Y 8.775724 -0.000000 0.000000
H 6.581793 2.193931 2.193931
Y 4.387862 -0.000000 4.387862
Y 2.193931 -2.193931 2.193931


-16.910000	201303103201301	0100101100111000110100101
16

R 0.000000 0.000000 0.000000
H 2.193931 2.193931 -2.193931
Y 4.387862 0.000000 -4.387862
Y 6.581793 -2.193931 -2.193931
K 4.387862 -4.387862 0.000000
F 2.193931 -2.193931 2.193931
N 4.387862 0.000000 4.387862
S 6.581793 -2.193931 6.581793
T 8.775724 -4.387862 4.387862
G 10.969655 -2.193931 2.193931
R 8.775724 0.000000 0.000000
H 6.581793 2.193931 2.193931
Y 4.387862 4.387862 0.000000
H 6.581793 6.581793 -2.193931
Y 8.775724 4.387862 -4.387862
Y 6.581793 2.193931 -6.581793


-16.910000	023102132120301	0001111000011011011001001
16

R 0.000000 0.000000 0.000000
H 2.193931 2.193931 -2.193931
Y 4.387862 0.000000 -4.387862
Y 6.581793 -2.193931 -2.193931
K 8.775724 -4.387862 -4.387862
F 6.581793 -6.581793 -6.581793
N 4.387862 -8.775724 -4.387862
S 2.193931 -10.969655 -6.581793
T 0.000000 -8.775724 -8.775724
G 2.193931 -6.581793 -10.969655
R 4.387862 -4.387862 -8.775724
H 2.193931 -2.193931 -6.581793
Y 0.000000 -4.387862 -4.387862
H 2.193931 -6.581793 -2.193931
Y 4.387862 -4.387862 -0.000000
Y 2.193931 -2.193931 2.193931


-16.820000	010310123101301	0010001110001001111000101
16

R 0.000000 0.000000 0.000000
H 2.193931 2.193931 -2.193931
Y 4.387862 0.000000 -4.387862
Y 6.581793 -2.193931 -2.193931
K 4.387862 -4.387862 0.000000
F 2.193931 -2.193931 2.193931
N 0.000000 -4.387862 4.387862
S 2.193931 -6.581793 6.581793
T 4.387862 -4.387862 8.775724
G 6.581793 -2.193931 6.581793
R 8.775724 -4.387862 4.387862
H 10.969655 -2.193931 2.193931
Y 8.775724 -0.000000 0.000000
H 6.581793 2.193931 2.193931
Y 4.387862 -0.000000 4.387862
Y 2.193931 2.193931 6.581793


-16.580000	310313103201301	1110001110111000110100101
16

R 0.000000 0.000000 0.000000
H 2.193931 2.193931 -2.193931
Y 4.387862 0.000000 -4.387862
Y 6.581793 -2.193931 -2.193931
K 4.387862 -4.387862 0.000000
F 2.193931 -2.193931 2.193931
N 4.387862 0.000000 4.387862
S 6.581793 -2.193931 6.581793
T 8.775724 -4.387862 4.387862
G 10.969655 -2.193931 2.193931
R 8.775724 0.000000 0.000000
H 10.969655 2.193931 -2.193931
Y 8.775724 4.387862 -4.387862
H 6.581793 6.581793 -2.193931
Y 4.387862 4.387862 0.000000
Y 6.581793 2.193931 2.193931


-16.560000	231030130201301	0111100011001011000100101
16

R 0.000000 0.000000 0.000000
H 2.193931 2.193931 -2.193931
Y 4.387862 0.000000 -4.387862
Y 6.581793 -2.193931 -2.193931
K 4.387862 -4.387862 0.000000
F 2.193931 -2.193931 2.193931
N 4.387862 0.000000 4.387862
S 2.193931 2.193931 6.581793
T 0.000000 4.387862 4.387862
G 2.193931 6.581793 2.193931
R 4.387862 4.387862 0.000000
H 6.581793 2.193931 2.193931
Y 8.775724 0.000000 0.000000
H 10.969655 2.193931 -2.193931
Y 8.775724 4.387862 -4.387862
Y 6.581793 2.193931 -6.581793


-16.560000	132020310302301	1011010001001110001100011
16

R 0.000000 0.000000 0.000000
H 2.193931 2.193931 -2.193931
Y 4.387862 0.000000 -4.387862
Y 6.581793 -2.193931 -2.193931
K 8.775724 0.000000 0.000000
F 6.581793 2.193931 2.193931
N 4.387862 4.387862 0.000000
S 2.193931 6.581793 2.193931
T 0.000000 4.387862 4.387862
G 2.193931 2.193931 6.581793
R 4.387862 0.000000 4.387862
H 2.193931 -2.193931 2.193931
Y 4.387862 -4.387862 0.000000
H 2.193931 -6.581793 -2.193931
Y 0.000000 -4.387862 -4.387862
Y 2.193931 -2.193931 -6.581793


-16.550000	032030310302301	0011010011001110001100011
16

R 0.000000 0.000000 0.000000
H 2.193931 2.193931 -2.193931
Y 4.387862 0.000000 -4.387862
Y 6.581793 -2.193931 -2.193931
K 8.775724 0.000000 0.000000
F 6.581793 2.193931 2.193931
N 4.387862 4.387862 0.000000
S 2.193931 6.581793 2.193931
T 0.000000 4.387862 4.387862
G 2.193931 2.193931 6.581793
R 4.387862 0.000000 4.387862
H 6.581793 -2.193931 6.581793
Y 8.775724 -4.387862 4.387862
H 6.581793 -6.581793 2.193931
Y 4.387862 -4.387862 0.000000
Y 2.193931 -2.193931 2.193931


-16.450000	210103101201301	0110001000111000100100101
16

R 0.000000 0.000000 0.000000
H 2.193931 2.193931 -2.193931
Y 4.387862 0.000000 -4.387862
Y 6.581793 -2.193931 -2.193931
K 4.387862 -4.387862 0.000000
F 2.193931 -2.193931 2.193931
N 4.387862 0.000000 4.387862
S 6.581793 2.193931 2.193931
T 8.775724 0.000000 0.000000
G 10.969655 2.193931 -2.193931
R 8.775724 4.387862 -4.387862
H 6.581793 6.581793 -2.193931
Y 4.387862 4.387862 0.000000
H 2.193931 6.581793 2.193931
Y 0.000000 4.387862 4.387862
Y -2.193931 2.193931 2.193931


-16.320000	010312102121301	0010001110011000011001101
16

R 0.000000 0.000000 0.000000
H 2.193931 2.193931 -2.193931
Y 4.387862 0.000000 -4.387862
Y 6.581793 -2.193931 -2.193931
K 4.387862 -4.387862 0.000000
F 2.193931 -6.581793 -2.193931
N 0.000000 -8.775724 0.000000
S -2.193931 -10.969655 -2.193931
T 0.000000 -13.163586 -4.387862
G 2.193931 -10.969655 -6.581793
R 4.387862 -8.775724 -4.387862
H 6.581793 -6.581793 -6.581793
Y 4.387862 -4.387862 -8.775724
H 2.193931 -2.193931 -6.581793
Y 0.000000 -4.387862 -4.387862
Y -2.193931 -2.193931 -2.193931


-16.320000	010313103121301	0010001110111000111001101
16

R 0.000000 0.000000 0.000000
H 2.193931 2.193931 -2.193931
Y 4.387862 0.000000 -4.387862
Y 6.581793 -2.193931 -2.193931
K 4.387862 -4.387862 0.000000
F 2.193931 -6.581793 -2.193931
N 0.000000 -8.775724 0.000000
S 2.193931 -10.969655 2.193931
T 4.387862 -13.163586 0.000000
G 6.581793 -10.969655 -2.193931
R 4.387862 -8.775724 -4.387862
H 6.581793 -6.581793 -6.581793
Y 4.387862 -4.387862 -8.775724
H 2.193931 -2.193931 -6.581793
Y 0.000000 -4.387862 -4.387862
Y -2.193931 -2.193931 -2.193931


-16.300000	231010120101301	0111100010001001001000101
16

R 0.000000 0.000000 0.000000
H 2.193931 2.193931 -2.193931
Y 4.387862 0.000000 -4.387862
Y 6.581793 -2.193931 -2.193931
K 4.387862 -4.387862 0.000000
F 2.193931 -2.193931 2.193931
N 0.000000 -4.387862 4.387862
S -2.193931 -2.193931 6.581793
T 0.000000 0.000000 8.775724
G 2.193931 2.193931 6.581793
R 4.387862 0.000000 4.387862
H 6.581793 2.193931 2.193931
Y 8.775724 0.000000 0.000000
H 10.969655 2.193931 -2.193931
Y 8.775724 4.387862 -4.387862
Y 6.581793 2.193931 -6.581793


-16.300000	231013123101301	0111100010111001111000101
16

R 0.000000 0.000000 0.000000
H 2.193931 2.193931 -2.193931
Y 4.387862 0.000000 -4.387862
Y 6.581793 -2.193931 -2.193931
K 4.387862 -4.387862 0.000000
F 2.193931 -2.193931 2.193931
N 0.000000 -4.387862 4.387862
S 2.193931 -6.581793 6.581793
T 4.387862 -4.387862 8.775724
G 6.581793 -2.193931 6.581793
R 4.387862 -0.000000 4.387862
H 6.581793 2.193931 2.193931
Y 8.775724 -0.000000 0.000000
H 10.969655 2.193931 -2.193931
Y 8.775724 4.387862 -4.387862
Y 6.581793 2.193931 -6.581793


-16.300000	302301203202301	1100011100100100110100011
16

R 0.000000 0.000000 0.000000
H 2.193931 2.193931 -2.193931
Y 4.387862 0.000000 -4.387862
Y 6.581793 -2.193931 -2.193931
K 8.775724 0.000000 0.000000
F 6.581793 2.193931 2.193931
N 8.775724 4.387862 4.387862
S 10.969655 2.193931 6.581793
T 13.163586 0.000000 4.387862
G 10.969655 -2.193931 2.193931
R 8.775724 -4.387862 4.387862
H 6.581793 -2.193931 6.581793
Y 4.387862 0.000000 4.387862
H 2.193931 -2.193931 2.193931
Y 4.387862 -4.387862 0.000000
Y 6.581793 -6.581793 2.193931


-16.300000	023021230232301	0001110001100111000111011
16

R 0.000000 0.000000 0.000000
H 2.193931 2.193931 -2.193931
Y 4.387862 0.000000 -4.387862
Y 6.581793 -2.193931 -2.193931
K 8.775724 0.000000 0.000000
F 10.969655 -2.193931 2.193931
N 13.163586 0.000000 4.387862
S 10.969655 2.193931 6.581793
T 8.775724 4.387862 4.387862
G 6.581793 2.193931 2.193931
R 4.387862 0.000000 4.387862
H 2.193931 -2.193931 2.193931
Y 4.387862 -4.387862 0.000000
H 6.581793 -6.581793 2.193931
Y 8.775724 -4.387862 4.387862
Y 6.581793 -2.193931 6.581793


-16.300000	320321203202301	1101001101100100110100011
16

R 0.000000 0.000000 0.000000
H 2.193931 2.193931 -2.193931
Y 4.387862 0.000000 -4.387862
Y 6.581793 -2.193931 -2.193931
K 8.775724 0.000000 0.000000
F 6.581793 2.193931 2.193931
N 8.775724 4.387862 4.387862
S 10.969655 2.193931 6.581793
T 13.163586 0.000000 4.387862
G 10.969655 -2.193931 2.193931
R 8.775724 -4.387862 4.387862
H 6.581793 -6.581793 2.193931
Y 4.387862 -4.387862 0.000000
H 2.193931 -2.193931 2.193931
Y 4.387862 -0.000000 4.387862
Y 6.581793 -2.193931 6.581793


-16.280000	032031030230301	0011010011100011000111001
16

R 0.000000 0.000000 0.000000
H 2.193931 2.193931 -2.193931
Y 4.387862 0.000000 -4.387862
Y 6.581793 -2.193931 -2.193931
K 8.775724 -4.387862 -4.387862
F 10.969655 -6.581793 -2.193931
N 13.163586 -4.387862 0.000000
S 10.969655 -2.193931 2.193931
T 8.775724 -0.000000 0.000000
G 6.581793 2.193931 2.193931
R 4.387862 -0.000000 4.387862
H 6.581793 -2.193931 6.581793
Y 8.775724 -4.387862 4.387862
H 6.581793 -6.581793 2.193931
Y 4.387862 -4.387862 0.000000
Y 2.193931 -2.193931 2.193931


-16.230000	013010130201301	0010110010001011000100101
16

R 0.000000 0.000000 0.000000
H 2.193931 2.193931 -2.193931
Y 4.387862 0.000000 -4.387862
Y 6.581793 -2.193931 -2.193931
K 4.387862 -4.387862 0.000000
F 2.193931 -2.193931 2.193931
N 4.387862 0.000000 4.387862
S 2.193931 2.193931 6.581793
T 0.000000 4.387862 4.387862
G 2.193931 6.581793 2.193931
R 4.387862 4.387862 0.000000
H 6.581793 6.581793 -2.193931
Y 8.775724 4.387862 -4.387862
H 10.969655 2.193931 -2.193931
Y 8.775724 0.000000 0.000000
Y 6.581793 2.193931 2.193931


-16.170000	313013120101301	1110110010111001001000101
16

R 0.000000 0.000000 0.000000
H 2.193931 2.193931 -2.193931
Y 4.387862 0.000000 -4.387862
Y 6.581793 -2.193931 -2.193931
K 4.387862 -4.387862 0.000000
F 2.193931 -2.193931 2.193931
N 0.000000 -4.387862 4.387862
S -2.193931 -2.193931 6.581793
T 0.000000 0.000000 8.775724
G 2.193931 2.193931 6.581793
R 0.000000 4.387862 4.387862
H 2.193931 6.581793 2.193931
Y 4.387862 4.387862 0.000000
H 6.581793 2.193931 2.193931
Y 4.387862 0.000000 4.387862
Y 6.581793 -2.193931 6.581793


-16.110000	013130131201301	0010111011001011100100101
16

R 0.000000 0.000000 0.000000
H 2.193931 2.193931 -2.193931
Y 4.387862 0.000000 -4.387862
Y 6.581793 -2.193931 -2.193931
K 4.387862 -4.387862 0.000000
F 2.193931 -2.193931 2.193931
N 4.387862 0.000000 4.387862
S 6.581793 2.193931 2.193931
T 4.387862 4.387862 0.000000
G 6.581793 6.581793 -2.193931
R 8.775724 4.387862 -4.387862
H 10.969655 2.193931 -2.193931
Y 8.775724 0.000000 0.000000
H 10.969655 -2.193931 2.193931
Y 8.775724 -4.387862 4.387862
Y 6.581793 -2.193931 6.581793


-16.050000	310103101201301	1110001000111000100100101
16

R 0.000000 0.000000 0.000000
H 2.193931 2.193931 -2.193931
Y 4.387862 0.000000 -4.387862
Y 6.581793 -2.193931 -2.193931
K 4.387862 -4.387862 0.000000
F 2.193931 -2.193931 2.193931
N 4.387862 0.000000 4.387862
S 6.581793 2.193931 2.193931
T 8.775724 0.000000 0.000000
G 10.969655 2.193931 -2.193931
R 8.775724 4.387862 -4.387862
H 6.581793 6.581793 -2.193931
Y 4.387862 4.387862 0.000000
H 2.193931 6.581793 2.193931
Y 0.000000 4.387862 4.387862
Y 2.193931 2.193931 6.581793


-15.970000	101303013021301	1000101100110010110001101
16

R 0.000000 0.000000 0.000000
H 2.193931 2.193931 -2.193931
Y 4.387862 0.000000 -4.387862
Y 6.581793 -2.193931 -2.193931
K 4.387862 -4.387862 0.000000
F 2.193931 -6.581793 -2.193931
N 4.387862 -8.775724 -4.387862
S 6.581793 -10.969655 -2.193931
T 4.387862 -13.163586 0.000000
G 2.193931 -10.969655 2.193931
R 0.000000 -8.775724 0.000000
H -2.193931 -6.581793 2.193931
Y -4.387862 -4.387862 0.000000
H -2.193931 -2.193931 -2.193931
Y 0.000000 -4.387862 -4.387862
Y 2.193931 -2.193931 -6.581793


-15.970000	101302012021301	1000101100010010010001101
16

R 0.000000 0.000000 0.000000
H 2.193931 2.193931 -2.193931
Y 4.387862 0.000000 -4.387862
Y 6.581793 -2.193931 -2.193931
K 4.387862 -4.387862 0.000000
F 2.193931 -6.581793 -2.193931
N 4.387862 -8.775724 -4.387862
S 2.193931 -10.969655 -6.581793
T 0.000000 -13.163586 -4.387862
G -2.193931 -10.969655 -2.193931
R 0.000000 -8.775724 -0.000000
H -2.193931 -6.581793 2.193931
Y -4.387862 -4.387862 -0.000000
H -2.193931 -2.193931 -2.193931
Y 0.000000 -4.387862 -4.387862
Y 2.193931 -2.193931 -6.581793


-15.950000	213130131201301	0110111011001011100100101
16

R 0.000000 0.000000 0.000000
H 2.193931 2.193931 -2.193931
Y 4.387862 0.000000 -4.387862
Y 6.581793 -2.193931 -2.193931
K 4.387862 -4.387862 0.000000
F 2.193931 -2.193931 2.193931
N 4.387862 0.000000 4.387862
S 6.581793 2.193931 2.193931
T 4.387862 4.387862 0.000000
G 6.581793 6.581793 -2.193931
R 8.775724 4.387862 -4.387862
H 10.969655 2.193931 -2.193931
Y 8.775724 0.000000 0.000000
H 10.969655 -2.193931 2.193931
Y 8.775724 -4.387862 4.387862
Y 6.581793 -6.581793 2.193931


-15.920000	120320210232301	1001001101000110000111011
16

R 0.000000 0.000000 0.000000
H 2.193931 2.193931 -2.193931
Y 4.387862 0.000000 -4.387862
Y 6.581793 -2.193931 -2.193931
K 8.775724 0.000000 0.000000
F 10.969655 -2.193931 2.193931
N 13.163586 0.000000 4.387862
S 10.969655 2.193931 6.581793
T 8.775724 0.000000 8.775724
G 6.581793 -2.193931 6.581793
R 8.775724 -4.387862 4.387862
H 6.581793 -6.581793 2.193931
Y 4.387862 -4.387862 0.000000
H 2.193931 -2.193931 2.193931
Y 4.387862 -0.000000 4.387862
Y 6.581793 2.193931 2.193931


-15.920000	123023213202301	1001110001110110110100011
16

R 0.000000 0.000000 0.000000
H 2.193931 2.193931 -2.193931
Y 4.387862 0.000000 -4.387862
Y 6.581793 -2.193931 -2.193931
K 8.775724 0.000000 0.000000
F 6.581793 2.193931 2.193931
N 8.775724 4.387862 4.387862
S 10.969655 2.193931 6.581793
T 8.775724 0.000000 8.775724
G 6.581793 -2.193931 6.581793
R 4.387862 0.000000 4.387862
H 2.193931 -2.193931 2.193931
Y 4.387862 -4.387862 0.000000
H 6.581793 -6.581793 2.193931
Y 8.775724 -4.387862 4.387862
Y 10.969655 -2.193931 2.193931


-15.900000	301303103201301	1100101100111000110100101
16

R 0.000000 0.000000 0.000000
H 2.193931 2.193931 -2.193931
Y 4.387862 0.000000 -4.387862
Y 6.581793 -2.193931 -2.193931
K 4.387862 -4.387862 0.000000
F 2.193931 -2.193931 2.193931
N 4.387862 0.000000 4.387862
S 6.581793 -2.193931 6.581793
T 8.775724 -4.387862 4.387862
G 10.969655 -2.193931 2.193931
R 8.775724 0.000000 0.000000
H 6.581793 2.193931 2.193931
Y 4.387862 4.387862 0.000000
H 6.581793 6.581793 -2.193931
Y 8.775724 4.387862 -4.387862
Y 10.969655 2.193931 -2.193931


