-82.828962	03210230310320101	00110110000111001110001101000
18

G 0.000000 0.000000 0.000000
G 2.193931 2.193931 -2.193931
L 4.387862 0.000000 -4.387862
R 6.581793 2.193931 -6.581793
S 8.775724 0.000000 -8.775724
L 6.581793 -2.193931 -10.969655
G 4.387862 0.000000 -13.163586
R 2.193931 2.193931 -10.969655
K 0.000000 0.000000 -8.775724
I 2.193931 -2.193931 -6.581793
L 4.387862 -4.387862 -8.775724
R 6.581793 -6.581793 -6.581793
A 8.775724 -4.387862 -4.387862
W 6.581793 -2.193931 -2.193931
K 4.387862 -4.387862 -0.000000
K 2.193931 -6.581793 -2.193931
Y 0.000000 -4.387862 -4.387862
G -2.193931 -2.193931 -2.193931


-82.828962	02310320210230101	00011110001101000110000111000
18

G 0.000000 0.000000 0.000000
G 2.193931 2.193931 -2.193931
L 4.387862 0.000000 -4.387862
R 6.581793 2.193931 -6.581793
S 8.775724 0.000000 -8.775724
L 10.969655 -2.193931 -6.581793
G 13.163586 0.000000 -4.387862
R 10.969655 2.193931 -2.193931
K 8.775724 0.000000 -0.000000
I 6.581793 -2.193931 -2.193931
L 8.775724 -4.387862 -4.387862
R 6.581793 -6.581793 -6.581793
A 4.387862 -4.387862 -8.775724
W 2.193931 -2.193931 -6.581793
K 0.000000 -4.387862 -4.387862
K 2.193931 -6.581793 -2.193931
Y 4.387862 -4.387862 -0.000000
G 2.193931 -2.193931 2.193931


-79.217248	32310320210230101	11011110001101000110000111000
18

G 0.000000 0.000000 0.000000
G 2.193931 2.193931 -2.193931
L 4.387862 0.000000 -4.387862
R 6.581793 2.193931 -6.581793
S 8.775724 0.000000 -8.775724
L 10.969655 -2.193931 -6.581793
G 13.163586 0.000000 -4.387862
R 10.969655 2.193931 -2.193931
K 8.775724 0.000000 -0.000000
I 6.581793 -2.193931 -2.193931
L 8.775724 -4.387862 -4.387862
R 6.581793 -6.581793 -6.581793
A 4.387862 -4.387862 -8.775724
W 2.193931 -2.193931 -6.581793
K 0.000000 -4.387862 -4.387862
K 2.193931 -6.581793 -2.193931
Y 4.387862 -4.387862 -0.000000
G 6.581793 -6.581793 2.193931


-79.217248	23210230310320101	01110110000111001110001101000
18

G 0.000000 0.000000 0.000000
G 2.193931 2.193931 -2.193931
L 4.387862 0.000000 -4.387862
R 6.581793 2.193931 -6.581793
S 8.775724 0.000000 -8.775724
L 6.581793 -2.193931 -10.969655
G 4.387862 0.000000 -13.163586
R 2.193931 2.193931 -10.969655
K 0.000000 0.000000 -8.775724
I 2.193931 -2.193931 -6.581793
L 4.387862 -4.387862 -8.775724
R 6.581793 -6.581793 -6.581793
A 8.775724 -4.387862 -4.387862
W 6.581793 -2.193931 -2.193931
K 4.387862 -4.387862 -0.000000
K 2.193931 -6.581793 -2.193931
Y 0.000000 -4.387862 -4.387862
G -2.193931 -6.581793 -6.581793


-79.084921	32301321210230101	11011100101101100110000111000
18

G 0.000000 0.000000 0.000000
G 2.193931 2.193931 -2.193931
L 4.387862 0.000000 -4.387862
R 6.581793 2.193931 -6.581793
S 8.775724 0.000000 -8.775724
L 10.969655 -2.193931 -6.581793
G 13.163586 0.000000 -4.387862
R 10.969655 2.193931 -2.193931
K 8.775724 0.000000 -0.000000
I 6.581793 -2.193931 -2.193931
L 4.387862 -4.387862 -0.000000
R 2.193931 -6.581793 -2.193931
A 0.000000 -4.387862 -4.387862
W 2.193931 -2.193931 -6.581793
K 4.387862 -4.387862 -8.775724
K 6.581793 -6.581793 -6.581793
Y 8.775724 -4.387862 -4.387862
G 10.969655 -6.581793 -2.193931


-79.084921	23201231310320101	01110100100111101110001101000
18

G 0.000000 0.000000 0.000000
G 2.193931 2.193931 -2.193931
L 4.387862 0.000000 -4.387862
R 6.581793 2.193931 -6.581793
S 8.775724 0.000000 -8.775724
L 6.581793 -2.193931 -10.969655
G 4.387862 0.000000 -13.163586
R 2.193931 2.193931 -10.969655
K 0.000000 0.000000 -8.775724
I 2.193931 -2.193931 -6.581793
L 0.000000 -4.387862 -4.387862
R 2.193931 -6.581793 -2.193931
A 4.387862 -4.387862 -0.000000
W 6.581793 -2.193931 -2.193931
K 8.775724 -4.387862 -4.387862
K 6.581793 -6.581793 -6.581793
Y 4.387862 -4.387862 -8.775724
G 2.193931 -6.581793 -10.969655


-78.745721	01230210130120301	00100111000110001011001001001
18

G 0.000000 0.000000 0.000000
G 2.193931 2.193931 -2.193931
L 4.387862 0.000000 -4.387862
R 6.581793 -2.193931 -2.193931
S 8.775724 -4.387862 -4.387862
L 6.581793 -6.581793 -6.581793
G 4.387862 -8.775724 -4.387862
R 2.193931 -6.581793 -2.193931
K 0.000000 -4.387862 -4.387862
I 2.193931 -2.193931 -6.581793
L 4.387862 -4.387862 -8.775724
R 6.581793 -2.193931 -10.969655
A 8.775724 -0.000000 -8.775724
W 6.581793 2.193931 -6.581793
K 4.387862 4.387862 -8.775724
K 2.193931 2.193931 -10.969655
Y 0.000000 -0.000000 -8.775724
G -2.193931 2.193931 -6.581793


-78.041492	02130120230210301	00011011001001000111000110001
18

G 0.000000 0.000000 0.000000
G 2.193931 2.193931 -2.193931
L 4.387862 0.000000 -4.387862
R 6.581793 -2.193931 -2.193931
S 8.775724 -4.387862 -4.387862
L 10.969655 -2.193931 -6.581793
G 13.163586 0.000000 -4.387862
R 10.969655 2.193931 -2.193931
K 8.775724 4.387862 -4.387862
I 6.581793 2.193931 -6.581793
L 8.775724 0.000000 -8.775724
R 6.581793 -2.193931 -10.969655
A 4.387862 -4.387862 -8.775724
W 2.193931 -2.193931 -6.581793
K 0.000000 0.000000 -8.775724
K 2.193931 2.193931 -10.969655
Y 4.387862 4.387862 -8.775724
G 2.193931 6.581793 -6.581793


-77.374007	21230210130120301	01100111000110001011001001001
18

G 0.000000 0.000000 0.000000
G 2.193931 2.193931 -2.193931
L 4.387862 0.000000 -4.387862
R 6.581793 -2.193931 -2.193931
S 8.775724 -4.387862 -4.387862
L 6.581793 -6.581793 -6.581793
G 4.387862 -8.775724 -4.387862
R 2.193931 -6.581793 -2.193931
K 0.000000 -4.387862 -4.387862
I 2.193931 -2.193931 -6.581793
L 4.387862 -4.387862 -8.775724
R 6.581793 -2.193931 -10.969655
A 8.775724 -0.000000 -8.775724
W 6.581793 2.193931 -6.581793
K 4.387862 4.387862 -8.775724
K 2.193931 2.193931 -10.969655
Y 0.000000 -0.000000 -8.775724
G -2.193931 -2.193931 -10.969655


-76.669778	12130120230210301	10011011001001000111000110001
18

G 0.000000 0.000000 0.000000
G 2.193931 2.193931 -2.193931
L 4.387862 0.000000 -4.387862
R 6.581793 -2.193931 -2.193931
S 8.775724 -4.387862 -4.387862
L 10.969655 -2.193931 -6.581793
G 13.163586 0.000000 -4.387862
R 10.969655 2.193931 -2.193931
K 8.775724 4.387862 -4.387862
I 6.581793 2.193931 -6.581793
L 8.775724 0.000000 -8.775724
R 6.581793 -2.193931 -10.969655
A 4.387862 -4.387862 -8.775724
W 2.193931 -2.193931 -6.581793
K 0.000000 0.000000 -8.775724
K 2.193931 2.193931 -10.969655
Y 4.387862 4.387862 -8.775724
G 6.581793 6.581793 -10.969655


-76.451861	10321302012032101	10001101101100010010010011010
18

G 0.000000 0.000000 0.000000
G 2.193931 2.193931 -2.193931
L 4.387862 0.000000 -4.387862
R 6.581793 2.193931 -6.581793
S 8.775724 4.387862 -4.387862
L 10.969655 2.193931 -2.193931
G 13.163586 0.000000 -4.387862
R 10.969655 -2.193931 -6.581793
K 8.775724 -4.387862 -4.387862
I 6.581793 -2.193931 -2.193931
L 8.775724 0.000000 -0.000000
R 6.581793 2.193931 2.193931
A 4.387862 4.387862 -0.000000
W 6.581793 6.581793 -2.193931
K 8.775724 8.775724 -0.000000
K 10.969655 6.581793 2.193931
Y 13.163586 4.387862 -0.000000
G 15.357517 6.581793 -2.193931


-76.451861	10231203013023101	10000111100100110010110001110
18

G 0.000000 0.000000 0.000000
G 2.193931 2.193931 -2.193931
L 4.387862 0.000000 -4.387862
R 6.581793 2.193931 -6.581793
S 4.387862 4.387862 -8.775724
L 2.193931 2.193931 -10.969655
G 4.387862 0.000000 -13.163586
R 6.581793 -2.193931 -10.969655
K 4.387862 -4.387862 -8.775724
I 2.193931 -2.193931 -6.581793
L 0.000000 0.000000 -8.775724
R -2.193931 2.193931 -6.581793
A 0.000000 4.387862 -4.387862
W 2.193931 6.581793 -6.581793
K 0.000000 8.775724 -8.775724
K -2.193931 6.581793 -10.969655
Y 0.000000 4.387862 -13.163586
G 2.193931 6.581793 -15.357517


-76.451861	10123102032012301	10001001111000010011010010011
18

G 0.000000 0.000000 0.000000
G 2.193931 2.193931 -2.193931
L 4.387862 0.000000 -4.387862
R 6.581793 -2.193931 -2.193931
S 8.775724 0.000000 0.000000
L 10.969655 2.193931 -2.193931
G 13.163586 0.000000 -4.387862
R 10.969655 -2.193931 -6.581793
K 8.775724 0.000000 -8.775724
I 6.581793 2.193931 -6.581793
L 8.775724 4.387862 -4.387862
R 6.581793 6.581793 -2.193931
A 4.387862 4.387862 -0.000000
W 6.581793 2.193931 2.193931
K 8.775724 4.387862 4.387862
K 10.969655 6.581793 2.193931
Y 13.163586 4.387862 -0.000000
G 15.357517 6.581793 -2.193931


-76.451861	20231203013023101	01000111100100110010110001110
18

G 0.000000 0.000000 0.000000
G 2.193931 2.193931 -2.193931
L 4.387862 0.000000 -4.387862
R 6.581793 2.193931 -6.581793
S 4.387862 4.387862 -8.775724
L 2.193931 2.193931 -10.969655
G 4.387862 0.000000 -13.163586
R 6.581793 -2.193931 -10.969655
K 4.387862 -4.387862 -8.775724
I 2.193931 -2.193931 -6.581793
L 0.000000 0.000000 -8.775724
R -2.193931 2.193931 -6.581793
A 0.000000 4.387862 -4.387862
W 2.193931 6.581793 -6.581793
K 0.000000 8.775724 -8.775724
K -2.193931 6.581793 -10.969655
Y 0.000000 4.387862 -13.163586
G -2.193931 2.193931 -15.357517


-76.451861	30321302012032101	11001101101100010010010011010
18

G 0.000000 0.000000 0.000000
G 2.193931 2.193931 -2.193931
L 4.387862 0.000000 -4.387862
R 6.581793 2.193931 -6.581793
S 8.775724 4.387862 -4.387862
L 10.969655 2.193931 -2.193931
G 13.163586 0.000000 -4.387862
R 10.969655 -2.193931 -6.581793
K 8.775724 -4.387862 -4.387862
I 6.581793 -2.193931 -2.193931
L 8.775724 0.000000 -0.000000
R 6.581793 2.193931 2.193931
A 4.387862 4.387862 -0.000000
W 6.581793 6.581793 -2.193931
K 8.775724 8.775724 -0.000000
K 10.969655 6.581793 2.193931
Y 13.163586 4.387862 -0.000000
G 15.357517 2.193931 2.193931


-76.451861	30123102032012301	11001001111000010011010010011
18

G 0.000000 0.000000 0.000000
G 2.193931 2.193931 -2.193931
L 4.387862 0.000000 -4.387862
R 6.581793 -2.193931 -2.193931
S 8.775724 0.000000 0.000000
L 10.969655 2.193931 -2.193931
G 13.163586 0.000000 -4.387862
R 10.969655 -2.193931 -6.581793
K 8.775724 0.000000 -8.775724
I 6.581793 2.193931 -6.581793
L 8.775724 4.387862 -4.387862
R 6.581793 6.581793 -2.193931
A 4.387862 4.387862 -0.000000
W 6.581793 2.193931 2.193931
K 8.775724 4.387862 4.387862
K 10.969655 6.581793 2.193931
Y 13.163586 4.387862 -0.000000
G 15.357517 2.193931 2.193931


-76.343700	31201301031021301	11100100101100100011100001101
18

G 0.000000 0.000000 0.000000
G 2.193931 2.193931 -2.193931
L 4.387862 0.000000 -4.387862
R 6.581793 -2.193931 -2.193931
S 4.387862 -4.387862 0.000000
L 2.193931 -6.581793 -2.193931
G 4.387862 -8.775724 -4.387862
R 6.581793 -6.581793 -6.581793
K 4.387862 -4.387862 -8.775724
I 2.193931 -2.193931 -6.581793
L 0.000000 -4.387862 -4.387862
R -2.193931 -2.193931 -2.193931
A -4.387862 -0.000000 -4.387862
W -2.193931 2.193931 -6.581793
K 0.000000 -0.000000 -8.775724
K -2.193931 -2.193931 -10.969655
Y -4.387862 -4.387862 -8.775724
G -2.193931 -6.581793 -6.581793


-76.220709	31021321031021301	11100001101101100011100001101
18

G 0.000000 0.000000 0.000000
G 2.193931 2.193931 -2.193931
L 4.387862 0.000000 -4.387862
R 6.581793 -2.193931 -2.193931
S 4.387862 -4.387862 0.000000
L 2.193931 -6.581793 -2.193931
G 4.387862 -8.775724 -4.387862
R 6.581793 -6.581793 -6.581793
K 4.387862 -4.387862 -8.775724
I 2.193931 -2.193931 -6.581793
L 0.000000 -4.387862 -4.387862
R -2.193931 -6.581793 -6.581793
A -4.387862 -4.387862 -8.775724
W -2.193931 -2.193931 -10.969655
K 0.000000 -0.000000 -8.775724
K -2.193931 2.193931 -6.581793
Y -4.387862 -0.000000 -4.387862
G -2.193931 -2.193931 -2.193931


-75.827100	21203213130120301	01100100110110111011001001001
18

G 0.000000 0.000000 0.000000
G 2.193931 2.193931 -2.193931
L 4.387862 0.000000 -4.387862
R 6.581793 -2.193931 -2.193931
S 8.775724 -4.387862 -4.387862
L 6.581793 -6.581793 -6.581793
G 4.387862 -8.775724 -4.387862
R 2.193931 -6.581793 -2.193931
K 0.000000 -4.387862 -4.387862
I 2.193931 -2.193931 -6.581793
L 0.000000 -0.000000 -8.775724
R 2.193931 2.193931 -10.969655
A 4.387862 4.387862 -8.775724
W 6.581793 2.193931 -6.581793
K 8.775724 -0.000000 -8.775724
K 6.581793 -2.193931 -10.969655
Y 4.387862 -4.387862 -8.775724
G 2.193931 -6.581793 -10.969655


-75.527429	13023121031021301	10110001111001100011100001101
18

G 0.000000 0.000000 0.000000
G 2.193931 2.193931 -2.193931
L 4.387862 0.000000 -4.387862
R 6.581793 -2.193931 -2.193931
S 4.387862 -4.387862 0.000000
L 2.193931 -6.581793 -2.193931
G 4.387862 -8.775724 -4.387862
R 6.581793 -6.581793 -6.581793
K 4.387862 -4.387862 -8.775724
I 2.193931 -2.193931 -6.581793
L 0.000000 -4.387862 -4.387862
R -2.193931 -6.581793 -6.581793
A -4.387862 -8.775724 -4.387862
W -2.193931 -10.969655 -2.193931
K 0.000000 -8.775724 -0.000000
K -2.193931 -6.581793 2.193931
Y -4.387862 -4.387862 -0.000000
G -2.193931 -2.193931 -2.193931


-75.122871	12103123230210301	10011000111001110111000110001
18

G 0.000000 0.000000 0.000000
G 2.193931 2.193931 -2.193931
L 4.387862 0.000000 -4.387862
R 6.581793 -2.193931 -2.193931
S 8.775724 -4.387862 -4.387862
L 10.969655 -2.193931 -6.581793
G 13.163586 0.000000 -4.387862
R 10.969655 2.193931 -2.193931
K 8.775724 4.387862 -4.387862
I 6.581793 2.193931 -6.581793
L 4.387862 4.387862 -8.775724
R 2.193931 2.193931 -10.969655
A 0.000000 0.000000 -8.775724
W 2.193931 -2.193931 -6.581793
K 4.387862 -4.387862 -8.775724
K 6.581793 -2.193931 -10.969655
Y 8.775724 0.000000 -8.775724
G 10.969655 2.193931 -10.969655


-75.085942	13203103013023101	10110100111000110010110001110
18

G 0.000000 0.000000 0.000000
G 2.193931 2.193931 -2.193931
L 4.387862 0.000000 -4.387862
R 6.581793 2.193931 -6.581793
S 4.387862 4.387862 -8.775724
L 2.193931 2.193931 -10.969655
G 4.387862 0.000000 -13.163586
R 6.581793 -2.193931 -10.969655
K 4.387862 -4.387862 -8.775724
I 2.193931 -2.193931 -6.581793
L 0.000000 0.000000 -8.775724
R -2.193931 2.193931 -6.581793
A -4.387862 0.000000 -4.387862
W -2.193931 -2.193931 -2.193931
K 0.000000 -4.387862 -4.387862
K -2.193931 -6.581793 -6.581793
Y -4.387862 -4.387862 -8.775724
G -2.193931 -2.193931 -10.969655


-75.085942	12302102012032101	10011100011000010010010011010
18

G 0.000000 0.000000 0.000000
G 2.193931 2.193931 -2.193931
L 4.387862 0.000000 -4.387862
R 6.581793 2.193931 -6.581793
S 8.775724 4.387862 -4.387862
L 10.969655 2.193931 -2.193931
G 13.163586 0.000000 -4.387862
R 10.969655 -2.193931 -6.581793
K 8.775724 -4.387862 -4.387862
I 6.581793 -2.193931 -2.193931
L 8.775724 0.000000 -0.000000
R 6.581793 2.193931 2.193931
A 4.387862 0.000000 4.387862
W 2.193931 -2.193931 2.193931
K 4.387862 -4.387862 -0.000000
K 6.581793 -6.581793 2.193931
Y 8.775724 -4.387862 4.387862
G 10.969655 -2.193931 2.193931


-74.945573	02102301031021301	00011000011100100011100001101
18

G 0.000000 0.000000 0.000000
G 2.193931 2.193931 -2.193931
L 4.387862 0.000000 -4.387862
R 6.581793 -2.193931 -2.193931
S 4.387862 -4.387862 0.000000
L 2.193931 -6.581793 -2.193931
G 4.387862 -8.775724 -4.387862
R 6.581793 -6.581793 -6.581793
K 4.387862 -4.387862 -8.775724
I 2.193931 -2.193931 -6.581793
L 0.000000 -4.387862 -4.387862
R -2.193931 -2.193931 -2.193931
A -4.387862 -0.000000 -4.387862
W -6.581793 -2.193931 -6.581793
K -4.387862 -4.387862 -8.775724
K -2.193931 -2.193931 -10.969655
Y 0.000000 -0.000000 -8.775724
G -2.193931 2.193931 -6.581793


-74.404109	21201230210202101	01100100100111000110000100010
18

G 0.000000 0.000000 0.000000
G 2.193931 2.193931 -2.193931
L 4.387862 0.000000 -4.387862
R 6.581793 2.193931 -6.581793
S 8.775724 4.387862 -4.387862
L 6.581793 6.581793 -2.193931
G 8.775724 8.775724 -0.000000
R 6.581793 10.969655 2.193931
K 4.387862 8.775724 4.387862
I 2.193931 6.581793 2.193931
L 4.387862 4.387862 -0.000000
R 6.581793 2.193931 2.193931
A 8.775724 4.387862 4.387862
W 10.969655 6.581793 2.193931
K 13.163586 4.387862 -0.000000
K 10.969655 2.193931 -2.193931
Y 8.775724 0.000000 -0.000000
G 6.581793 -2.193931 -2.193931


-74.404109	31301320310303101	11101100101101001110001100110
18

G 0.000000 0.000000 0.000000
G 2.193931 2.193931 -2.193931
L 4.387862 0.000000 -4.387862
R 6.581793 2.193931 -6.581793
S 4.387862 4.387862 -8.775724
L 2.193931 6.581793 -6.581793
G 0.000000 8.775724 -8.775724
R -2.193931 10.969655 -6.581793
K -4.387862 8.775724 -4.387862
I -2.193931 6.581793 -2.193931
L 0.000000 4.387862 -4.387862
R -2.193931 2.193931 -6.581793
A -4.387862 4.387862 -8.775724
W -2.193931 6.581793 -10.969655
K 0.000000 4.387862 -13.163586
K 2.193931 2.193931 -10.969655
Y 0.000000 0.000000 -8.775724
G 2.193931 -2.193931 -6.581793


-74.404109	23203210230202301	01110100110110000111000100011
18

G 0.000000 0.000000 0.000000
G 2.193931 2.193931 -2.193931
L 4.387862 0.000000 -4.387862
R 6.581793 -2.193931 -2.193931
S 8.775724 0.000000 0.000000
L 6.581793 2.193931 2.193931
G 8.775724 4.387862 4.387862
R 6.581793 6.581793 6.581793
K 4.387862 8.775724 4.387862
I 2.193931 6.581793 2.193931
L 4.387862 4.387862 0.000000
R 6.581793 6.581793 -2.193931
A 8.775724 8.775724 0.000000
W 10.969655 6.581793 2.193931
K 13.163586 4.387862 0.000000
K 10.969655 2.193931 -2.193931
Y 8.775724 4.387862 -4.387862
G 6.581793 2.193931 -6.581793


-74.272309	02310120230210301	00011110001001000111000110001
18

G 0.000000 0.000000 0.000000
G 2.193931 2.193931 -2.193931
L 4.387862 0.000000 -4.387862
R 6.581793 -2.193931 -2.193931
S 8.775724 -4.387862 -4.387862
L 10.969655 -2.193931 -6.581793
G 13.163586 0.000000 -4.387862
R 10.969655 2.193931 -2.193931
K 8.775724 4.387862 -4.387862
I 6.581793 2.193931 -6.581793
L 8.775724 0.000000 -8.775724
R 6.581793 -2.193931 -10.969655
A 4.387862 -4.387862 -8.775724
W 2.193931 -2.193931 -6.581793
K 0.000000 -4.387862 -4.387862
K 2.193931 -6.581793 -2.193931
Y 4.387862 -4.387862 -0.000000
G 2.193931 -2.193931 2.193931


-74.260334	13203101031021301	10110100111000100011100001101
18

G 0.000000 0.000000 0.000000
G 2.193931 2.193931 -2.193931
L 4.387862 0.000000 -4.387862
R 6.581793 -2.193931 -2.193931
S 4.387862 -4.387862 0.000000
L 2.193931 -6.581793 -2.193931
G 4.387862 -8.775724 -4.387862
R 6.581793 -6.581793 -6.581793
K 4.387862 -4.387862 -8.775724
I 2.193931 -2.193931 -6.581793
L 0.000000 -4.387862 -4.387862
R -2.193931 -2.193931 -2.193931
A -4.387862 -4.387862 -0.000000
W -2.193931 -6.581793 2.193931
K 0.000000 -8.775724 -0.000000
K -2.193931 -10.969655 -2.193931
Y -4.387862 -8.775724 -4.387862
G -2.193931 -6.581793 -6.581793


-74.067837	10310120230210301	10001110001001000111000110001
18

G 0.000000 0.000000 0.000000
G 2.193931 2.193931 -2.193931
L 4.387862 0.000000 -4.387862
R 6.581793 -2.193931 -2.193931
S 8.775724 -4.387862 -4.387862
L 10.969655 -2.193931 -6.581793
G 13.163586 0.000000 -4.387862
R 10.969655 2.193931 -2.193931
K 8.775724 4.387862 -4.387862
I 6.581793 2.193931 -6.581793
L 8.775724 0.000000 -8.775724
R 6.581793 -2.193931 -10.969655
A 4.387862 -4.387862 -8.775724
W 2.193931 -2.193931 -6.581793
K 0.000000 -4.387862 -4.387862
K 2.193931 -6.581793 -2.193931
Y 4.387862 -8.775724 -4.387862
G 6.581793 -6.581793 -6.581793


-74.067837	20320210130120301	01001101000110001011001001001
18

G 0.000000 0.000000 0.000000
G 2.193931 2.193931 -2.193931
L 4.387862 0.000000 -4.387862
R 6.581793 -2.193931 -2.193931
S 8.775724 -4.387862 -4.387862
L 6.581793 -6.581793 -6.581793
G 4.387862 -8.775724 -4.387862
R 2.193931 -6.581793 -2.193931
K 0.000000 -4.387862 -4.387862
I 2.193931 -2.193931 -6.581793
L 4.387862 -4.387862 -8.775724
R 6.581793 -2.193931 -10.969655
A 8.775724 -0.000000 -8.775724
W 6.581793 2.193931 -6.581793
K 8.775724 4.387862 -4.387862
K 10.969655 2.193931 -2.193931
Y 13.163586 -0.000000 -4.387862
G 10.969655 -2.193931 -6.581793


-74.057281	32102031230232101	11011000010011100111000111010
18

G 0.000000 0.000000 0.000000
G 2.193931 2.193931 -2.193931
L 4.387862 0.000000 -4.387862
R 6.581793 2.193931 -6.581793
S 8.775724 4.387862 -4.387862
L 10.969655 2.193931 -2.193931
G 13.163586 4.387862 -0.000000
R 10.969655 6.581793 2.193931
K 8.775724 8.775724 -0.000000
I 6.581793 6.581793 -2.193931
L 4.387862 4.387862 -0.000000
R 6.581793 2.193931 2.193931
A 8.775724 0.000000 -0.000000
W 6.581793 -2.193931 -2.193931
K 8.775724 -4.387862 -4.387862
K 10.969655 -2.193931 -6.581793
Y 13.163586 0.000000 -4.387862
G 15.357517 -2.193931 -2.193931


-74.057281	32302013210212301	11011100010010110110000110011
18

G 0.000000 0.000000 0.000000
G 2.193931 2.193931 -2.193931
L 4.387862 0.000000 -4.387862
R 6.581793 -2.193931 -2.193931
S 8.775724 0.000000 0.000000
L 10.969655 2.193931 -2.193931
G 13.163586 4.387862 0.000000
R 10.969655 6.581793 2.193931
K 8.775724 4.387862 4.387862
I 6.581793 2.193931 2.193931
L 4.387862 4.387862 0.000000
R 6.581793 6.581793 -2.193931
A 8.775724 4.387862 -4.387862
W 6.581793 2.193931 -6.581793
K 8.775724 0.000000 -8.775724
K 10.969655 -2.193931 -6.581793
Y 13.163586 0.000000 -4.387862
G 15.357517 -2.193931 -2.193931


-74.057281	13103021320323101	10111000110001101101001101110
18

G 0.000000 0.000000 0.000000
G 2.193931 2.193931 -2.193931
L 4.387862 0.000000 -4.387862
R 6.581793 2.193931 -6.581793
S 4.387862 4.387862 -8.775724
L 2.193931 2.193931 -10.969655
G 0.000000 4.387862 -13.163586
R -2.193931 6.581793 -10.969655
K 0.000000 8.775724 -8.775724
I 2.193931 6.581793 -6.581793
L 0.000000 4.387862 -4.387862
R -2.193931 2.193931 -6.581793
A 0.000000 0.000000 -8.775724
W 2.193931 -2.193931 -6.581793
K 4.387862 -4.387862 -8.775724
K 6.581793 -2.193931 -10.969655
Y 4.387862 0.000000 -13.163586
G 6.581793 2.193931 -15.357517


-74.057281	12102031230232101	10011000010011100111000111010
18

G 0.000000 0.000000 0.000000
G 2.193931 2.193931 -2.193931
L 4.387862 0.000000 -4.387862
R 6.581793 2.193931 -6.581793
S 8.775724 4.387862 -4.387862
L 10.969655 2.193931 -2.193931
G 13.163586 4.387862 -0.000000
R 10.969655 6.581793 2.193931
K 8.775724 8.775724 -0.000000
I 6.581793 6.581793 -2.193931
L 4.387862 4.387862 -0.000000
R 6.581793 2.193931 2.193931
A 8.775724 0.000000 -0.000000
W 6.581793 -2.193931 -2.193931
K 8.775724 -4.387862 -4.387862
K 10.969655 -2.193931 -6.581793
Y 13.163586 0.000000 -4.387862
G 15.357517 2.193931 -6.581793


-74.057281	23103021320323101	01111000110001101101001101110
18

G 0.000000 0.000000 0.000000
G 2.193931 2.193931 -2.193931
L 4.387862 0.000000 -4.387862
R 6.581793 2.193931 -6.581793
S 4.387862 4.387862 -8.775724
L 2.193931 2.193931 -10.969655
G 0.000000 4.387862 -13.163586
R -2.193931 6.581793 -10.969655
K 0.000000 8.775724 -8.775724
I 2.193931 6.581793 -6.581793
L 0.000000 4.387862 -4.387862
R -2.193931 2.193931 -6.581793
A 0.000000 0.000000 -8.775724
W 2.193931 -2.193931 -6.581793
K 4.387862 -4.387862 -8.775724
K 6.581793 -2.193931 -10.969655
Y 4.387862 0.000000 -13.163586
G 2.193931 -2.193931 -15.357517


-74.057281	12302013210212301	10011100010010110110000110011
18

G 0.000000 0.000000 0.000000
G 2.193931 2.193931 -2.193931
L 4.387862 0.000000 -4.387862
R 6.581793 -2.193931 -2.193931
S 8.775724 0.000000 0.000000
L 10.969655 2.193931 -2.193931
G 13.163586 4.387862 0.000000
R 10.969655 6.581793 2.193931
K 8.775724 4.387862 4.387862
I 6.581793 2.193931 2.193931
L 4.387862 4.387862 0.000000
R 6.581793 6.581793 -2.193931
A 8.775724 4.387862 -4.387862
W 6.581793 2.193931 -6.581793
K 8.775724 0.000000 -8.775724
K 10.969655 -2.193931 -6.581793
Y 13.163586 0.000000 -4.387862
G 15.357517 2.193931 -6.581793


-74.014398	10310210130102301	10001110000110001011001000011
18

G 0.000000 0.000000 0.000000
G 2.193931 2.193931 -2.193931
L 4.387862 0.000000 -4.387862
R 6.581793 -2.193931 -2.193931
S 8.775724 0.000000 0.000000
L 6.581793 2.193931 2.193931
G 4.387862 0.000000 4.387862
R 2.193931 2.193931 6.581793
K 0.000000 4.387862 4.387862
I 2.193931 6.581793 2.193931
L 4.387862 4.387862 0.000000
R 6.581793 6.581793 -2.193931
A 8.775724 8.775724 0.000000
W 6.581793 10.969655 2.193931
K 4.387862 8.775724 4.387862
K 6.581793 6.581793 6.581793
Y 8.775724 4.387862 4.387862
G 10.969655 6.581793 2.193931


-74.011055	13013120230210301	10110010111001000111000110001
18

G 0.000000 0.000000 0.000000
G 2.193931 2.193931 -2.193931
L 4.387862 0.000000 -4.387862
R 6.581793 -2.193931 -2.193931
S 8.775724 -4.387862 -4.387862
L 10.969655 -2.193931 -6.581793
G 13.163586 0.000000 -4.387862
R 10.969655 2.193931 -2.193931
K 8.775724 4.387862 -4.387862
I 6.581793 2.193931 -6.581793
L 8.775724 0.000000 -8.775724
R 6.581793 -2.193931 -10.969655
A 4.387862 -4.387862 -8.775724
W 6.581793 -6.581793 -6.581793
K 4.387862 -8.775724 -4.387862
K 2.193931 -6.581793 -2.193931
Y 0.000000 -4.387862 -4.387862
G 2.193931 -2.193931 -6.581793


-73.802315	02302103031021301	00011100011000110011100001101
18

G 0.000000 0.000000 0.000000
G 2.193931 2.193931 -2.193931
L 4.387862 0.000000 -4.387862
R 6.581793 -2.193931 -2.193931
S 4.387862 -4.387862 0.000000
L 2.193931 -6.581793 -2.193931
G 4.387862 -8.775724 -4.387862
R 6.581793 -6.581793 -6.581793
K 4.387862 -4.387862 -8.775724
I 2.193931 -2.193931 -6.581793
L 0.000000 -0.000000 -8.775724
R -2.193931 2.193931 -6.581793
A -4.387862 -0.000000 -4.387862
W -6.581793 -2.193931 -6.581793
K -4.387862 -4.387862 -8.775724
K -2.193931 -6.581793 -6.581793
Y 0.000000 -4.387862 -4.387862
G -2.193931 -2.193931 -2.193931


-73.796521	13210231032030101	10110110000111100011010011000
18

G 0.000000 0.000000 0.000000
G 2.193931 2.193931 -2.193931
L 4.387862 0.000000 -4.387862
R 6.581793 2.193931 -6.581793
S 8.775724 0.000000 -8.775724
L 10.969655 -2.193931 -6.581793
G 13.163586 -4.387862 -8.775724
R 10.969655 -6.581793 -10.969655
K 8.775724 -4.387862 -13.163586
I 6.581793 -2.193931 -10.969655
L 4.387862 -4.387862 -8.775724
R 6.581793 -6.581793 -6.581793
A 8.775724 -4.387862 -4.387862
W 6.581793 -2.193931 -2.193931
K 4.387862 -4.387862 -0.000000
K 2.193931 -6.581793 -2.193931
Y 0.000000 -4.387862 -4.387862
G 2.193931 -2.193931 -6.581793


-73.796521	12310321023020101	10011110001101100001110001000
18

G 0.000000 0.000000 0.000000
G 2.193931 2.193931 -2.193931
L 4.387862 0.000000 -4.387862
R 6.581793 2.193931 -6.581793
S 8.775724 0.000000 -8.775724
L 6.581793 -2.193931 -10.969655
G 8.775724 -4.387862 -13.163586
R 10.969655 -6.581793 -10.969655
K 13.163586 -4.387862 -8.775724
I 10.969655 -2.193931 -6.581793
L 8.775724 -4.387862 -4.387862
R 6.581793 -6.581793 -6.581793
A 4.387862 -4.387862 -8.775724
W 2.193931 -2.193931 -6.581793
K 0.000000 -4.387862 -4.387862
K 2.193931 -6.581793 -2.193931
Y 4.387862 -4.387862 -0.000000
G 6.581793 -2.193931 -2.193931


-73.695856	13202102012032101	10110100011000010010010011010
18

G 0.000000 0.000000 0.000000
G 2.193931 2.193931 -2.193931
L 4.387862 0.000000 -4.387862
R 6.581793 2.193931 -6.581793
S 8.775724 4.387862 -4.387862
L 10.969655 2.193931 -2.193931
G 13.163586 0.000000 -4.387862
R 10.969655 -2.193931 -6.581793
K 8.775724 -4.387862 -4.387862
I 6.581793 -2.193931 -2.193931
L 8.775724 0.000000 -0.000000
R 6.581793 2.193931 2.193931
A 4.387862 0.000000 4.387862
W 2.193931 -2.193931 2.193931
K 4.387862 -4.387862 -0.000000
K 2.193931 -6.581793 -2.193931
Y 0.000000 -4.387862 -4.387862
G 2.193931 -2.193931 -6.581793


-73.695856	12303103013023101	10011100111000110010110001110
18

G 0.000000 0.000000 0.000000
G 2.193931 2.193931 -2.193931
L 4.387862 0.000000 -4.387862
R 6.581793 2.193931 -6.581793
S 4.387862 4.387862 -8.775724
L 2.193931 2.193931 -10.969655
G 4.387862 0.000000 -13.163586
R 6.581793 -2.193931 -10.969655
K 4.387862 -4.387862 -8.775724
I 2.193931 -2.193931 -6.581793
L 0.000000 0.000000 -8.775724
R -2.193931 2.193931 -6.581793
A -4.387862 0.000000 -4.387862
W -2.193931 -2.193931 -2.193931
K 0.000000 -4.387862 -4.387862
K 2.193931 -6.581793 -2.193931
Y 4.387862 -4.387862 -0.000000
G 6.581793 -2.193931 -2.193931


-73.646827	03203102012032101	00110100111000010010010011010
18

G 0.000000 0.000000 0.000000
G 2.193931 2.193931 -2.193931
L 4.387862 0.000000 -4.387862
R 6.581793 2.193931 -6.581793
S 8.775724 4.387862 -4.387862
L 10.969655 2.193931 -2.193931
G 13.163586 0.000000 -4.387862
R 10.969655 -2.193931 -6.581793
K 8.775724 -4.387862 -4.387862
I 6.581793 -2.193931 -2.193931
L 8.775724 0.000000 -0.000000
R 6.581793 2.193931 2.193931
A 4.387862 0.000000 4.387862
W 6.581793 -2.193931 6.581793
K 8.775724 -4.387862 4.387862
K 6.581793 -6.581793 2.193931
Y 4.387862 -4.387862 -0.000000
G 2.193931 -2.193931 2.193931


-73.646827	02302103013023101	00011100011000110010110001110
18

G 0.000000 0.000000 0.000000
G 2.193931 2.193931 -2.193931
L 4.387862 0.000000 -4.387862
R 6.581793 2.193931 -6.581793
S 4.387862 4.387862 -8.775724
L 2.193931 2.193931 -10.969655
G 4.387862 0.000000 -13.163586
R 6.581793 -2.193931 -10.969655
K 4.387862 -4.387862 -8.775724
I 2.193931 -2.193931 -6.581793
L 0.000000 0.000000 -8.775724
R -2.193931 2.193931 -6.581793
A -4.387862 0.000000 -4.387862
W -6.581793 -2.193931 -6.581793
K -4.387862 -4.387862 -8.775724
K -2.193931 -6.581793 -6.581793
Y 0.000000 -4.387862 -4.387862
G -2.193931 -2.193931 -2.193931


-73.408314	03213010130121301	00110110110010001011001001101
18

G 0.000000 0.000000 0.000000
G 2.193931 2.193931 -2.193931
L 4.387862 0.000000 -4.387862
R 6.581793 -2.193931 -2.193931
S 4.387862 -4.387862 0.000000
L 2.193931 -6.581793 -2.193931
G 0.000000 -8.775724 0.000000
R -2.193931 -6.581793 2.193931
K -4.387862 -4.387862 0.000000
I -2.193931 -2.193931 -2.193931
L 0.000000 -4.387862 -4.387862
R 2.193931 -2.193931 -6.581793
A 4.387862 -4.387862 -8.775724
W 6.581793 -6.581793 -6.581793
K 4.387862 -8.775724 -4.387862
K 2.193931 -10.969655 -6.581793
Y 0.000000 -8.775724 -8.775724
G -2.193931 -6.581793 -6.581793


-73.363609	20120230310320101	01001001000111001110001101000
18

G 0.000000 0.000000 0.000000
G 2.193931 2.193931 -2.193931
L 4.387862 0.000000 -4.387862
R 6.581793 2.193931 -6.581793
S 8.775724 0.000000 -8.775724
L 6.581793 -2.193931 -10.969655
G 4.387862 0.000000 -13.163586
R 2.193931 2.193931 -10.969655
K 0.000000 0.000000 -8.775724
I 2.193931 -2.193931 -6.581793
L 4.387862 -4.387862 -8.775724
R 6.581793 -6.581793 -6.581793
A 8.775724 -4.387862 -4.387862
W 6.581793 -2.193931 -2.193931
K 8.775724 -0.000000 -0.000000
K 10.969655 2.193931 -2.193931
Y 13.163586 -0.000000 -4.387862
G 10.969655 -2.193931 -6.581793


-73.363609	30130320210230101	11001011001101000110000111000
18

G 0.000000 0.000000 0.000000
G 2.193931 2.193931 -2.193931
L 4.387862 0.000000 -4.387862
R 6.581793 2.193931 -6.581793
S 8.775724 0.000000 -8.775724
L 10.969655 -2.193931 -6.581793
G 13.163586 0.000000 -4.387862
R 10.969655 2.193931 -2.193931
K 8.775724 0.000000 -0.000000
I 6.581793 -2.193931 -2.193931
L 8.775724 -4.387862 -4.387862
R 6.581793 -6.581793 -6.581793
A 4.387862 -4.387862 -8.775724
W 2.193931 -2.193931 -6.581793
K 0.000000 -0.000000 -8.775724
K 2.193931 2.193931 -10.969655
Y 4.387862 -0.000000 -13.163586
G 6.581793 -2.193931 -10.969655


-73.352871	13213012132121301	10110110110010011011011001101
18

G 0.000000 0.000000 0.000000
G 2.193931 2.193931 -2.193931
L 4.387862 0.000000 -4.387862
R 6.581793 -2.193931 -2.193931
S 4.387862 -4.387862 0.000000
L 2.193931 -6.581793 -2.193931
G 0.000000 -8.775724 0.000000
R -2.193931 -10.969655 -2.193931
K -4.387862 -8.775724 -4.387862
I -2.193931 -6.581793 -6.581793
L 0.000000 -4.387862 -4.387862
R 2.193931 -2.193931 -6.581793
A 4.387862 -4.387862 -8.775724
W 6.581793 -6.581793 -6.581793
K 4.387862 -8.775724 -4.387862
K 2.193931 -10.969655 -6.581793
Y 0.000000 -8.775724 -8.775724
G 2.193931 -6.581793 -10.969655


-73.262417	13013210130102301	10110010110110001011001000011
18

G 0.000000 0.000000 0.000000
G 2.193931 2.193931 -2.193931
L 4.387862 0.000000 -4.387862
R 6.581793 -2.193931 -2.193931
S 8.775724 0.000000 0.000000
L 6.581793 2.193931 2.193931
G 4.387862 0.000000 4.387862
R 2.193931 2.193931 6.581793
K 0.000000 4.387862 4.387862
I 2.193931 6.581793 2.193931
L 4.387862 4.387862 0.000000
R 6.581793 6.581793 -2.193931
A 8.775724 8.775724 0.000000
W 10.969655 6.581793 2.193931
K 8.775724 4.387862 4.387862
K 6.581793 6.581793 6.581793
Y 4.387862 8.775724 4.387862
G 6.581793 10.969655 2.193931


-73.121595	20230130320303101	01000111001011001101001100110
18

G 0.000000 0.000000 0.000000
G 2.193931 2.193931 -2.193931
L 4.387862 0.000000 -4.387862
R 6.581793 2.193931 -6.581793
S 4.387862 4.387862 -8.775724
L 2.193931 6.581793 -6.581793
G 0.000000 8.775724 -8.775724
R -2.193931 10.969655 -6.581793
K 0.000000 13.163586 -4.387862
I 2.193931 10.969655 -2.193931
L 4.387862 8.775724 -4.387862
R 6.581793 6.581793 -2.193931
A 4.387862 4.387862 -0.000000
W 2.193931 6.581793 2.193931
K 0.000000 8.775724 -0.000000
K -2.193931 6.581793 -2.193931
Y 0.000000 4.387862 -4.387862
G -2.193931 2.193931 -6.581793


-73.121595	30320120230202101	11001101001001000111000100010
18

G 0.000000 0.000000 0.000000
G 2.193931 2.193931 -2.193931
L 4.387862 0.000000 -4.387862
R 6.581793 2.193931 -6.581793
S 8.775724 4.387862 -4.387862
L 6.581793 6.581793 -2.193931
G 8.775724 8.775724 -0.000000
R 6.581793 10.969655 2.193931
K 4.387862 13.163586 -0.000000
I 2.193931 10.969655 -2.193931
L 4.387862 8.775724 -4.387862
R 2.193931 6.581793 -6.581793
A 0.000000 4.387862 -4.387862
W -2.193931 6.581793 -2.193931
K 0.000000 8.775724 -0.000000
K 2.193931 6.581793 2.193931
Y 4.387862 4.387862 -0.000000
G 6.581793 2.193931 2.193931


-73.110374	32101301031021301	11011000101100100011100001101
18

G 0.000000 0.000000 0.000000
G 2.193931 2.193931 -2.193931
L 4.387862 0.000000 -4.387862
R 6.581793 -2.193931 -2.193931
S 4.387862 -4.387862 0.000000
L 2.193931 -6.581793 -2.193931
G 4.387862 -8.775724 -4.387862
R 6.581793 -6.581793 -6.581793
K 4.387862 -4.387862 -8.775724
I 2.193931 -2.193931 -6.581793
L 0.000000 -4.387862 -4.387862
R -2.193931 -2.193931 -2.193931
A -4.387862 -0.000000 -4.387862
W -2.193931 2.193931 -6.581793
K 0.000000 -0.000000 -8.775724
K 2.193931 2.193931 -10.969655
Y 4.387862 4.387862 -8.775724
G 6.581793 2.193931 -6.581793


-73.069943	12312012132121301	10011110010010011011011001101
18

G 0.000000 0.000000 0.000000
G 2.193931 2.193931 -2.193931
L 4.387862 0.000000 -4.387862
R 6.581793 -2.193931 -2.193931
S 4.387862 -4.387862 0.000000
L 2.193931 -6.581793 -2.193931
G 0.000000 -8.775724 0.000000
R -2.193931 -10.969655 -2.193931
K -4.387862 -8.775724 -4.387862
I -2.193931 -6.581793 -6.581793
L 0.000000 -4.387862 -4.387862
R 2.193931 -2.193931 -6.581793
A 4.387862 -4.387862 -8.775724
W 2.193931 -6.581793 -10.969655
K 0.000000 -8.775724 -8.775724
K 2.193931 -10.969655 -6.581793
Y 4.387862 -8.775724 -4.387862
G 6.581793 -6.581793 -6.581793


-73.056112	01023010130102301	00100001110010001011001000011
18

G 0.000000 0.000000 0.000000
G 2.193931 2.193931 -2.193931
L 4.387862 0.000000 -4.387862
R 6.581793 -2.193931 -2.193931
S 8.775724 0.000000 0.000000
L 6.581793 2.193931 2.193931
G 4.387862 0.000000 4.387862
R 2.193931 2.193931 6.581793
K 0.000000 4.387862 4.387862
I 2.193931 6.581793 2.193931
L 4.387862 4.387862 0.000000
R 6.581793 6.581793 -2.193931
A 8.775724 4.387862 -4.387862
W 10.969655 2.193931 -2.193931
K 13.163586 4.387862 0.000000
K 10.969655 6.581793 2.193931
Y 8.775724 4.387862 4.387862
G 6.581793 6.581793 6.581793


-73.008189	03210230302103101	00110110000111001100011000110
18

G 0.000000 0.000000 0.000000
G 2.193931 2.193931 -2.193931
L 4.387862 0.000000 -4.387862
R 6.581793 2.193931 -6.581793
S 4.387862 4.387862 -8.775724
L 2.193931 6.581793 -6.581793
G 0.000000 4.387862 -4.387862
R -2.193931 2.193931 -6.581793
K 0.000000 0.000000 -8.775724
I 2.193931 -2.193931 -6.581793
L 4.387862 -4.387862 -8.775724
R 6.581793 -6.581793 -6.581793
A 8.775724 -4.387862 -4.387862
W 6.581793 -2.193931 -2.193931
K 4.387862 -4.387862 -0.000000
K 2.193931 -6.581793 -2.193931
Y 0.000000 -4.387862 -4.387862
G -2.193931 -2.193931 -2.193931


-73.008189	02310320203102101	00011110001101000100111000010
18

G 0.000000 0.000000 0.000000
G 2.193931 2.193931 -2.193931
L 4.387862 0.000000 -4.387862
R 6.581793 2.193931 -6.581793
S 8.775724 4.387862 -4.387862
L 6.581793 6.581793 -2.193931
G 4.387862 4.387862 -0.000000
R 6.581793 2.193931 2.193931
K 8.775724 0.000000 -0.000000
I 6.581793 -2.193931 -2.193931
L 8.775724 -4.387862 -4.387862
R 6.581793 -6.581793 -6.581793
A 4.387862 -4.387862 -8.775724
W 2.193931 -2.193931 -6.581793
K 0.000000 -4.387862 -4.387862
K 2.193931 -6.581793 -2.193931
Y 4.387862 -4.387862 -0.000000
G 2.193931 -2.193931 2.193931


-72.942434	20213102032012301	01000110111000010011010010011
18

G 0.000000 0.000000 0.000000
G 2.193931 2.193931 -2.193931
L 4.387862 0.000000 -4.387862
R 6.581793 -2.193931 -2.193931
S 8.775724 0.000000 0.000000
L 10.969655 2.193931 -2.193931
G 13.163586 0.000000 -4.387862
R 10.969655 -2.193931 -6.581793
K 8.775724 0.000000 -8.775724
I 6.581793 2.193931 -6.581793
L 8.775724 4.387862 -4.387862
R 6.581793 6.581793 -2.193931
A 4.387862 4.387862 -0.000000
W 6.581793 2.193931 2.193931
K 4.387862 0.000000 4.387862
K 2.193931 -2.193931 2.193931
Y 4.387862 -4.387862 -0.000000
G 2.193931 -6.581793 -2.193931


-72.942434	30213102032012301	11000110111000010011010010011
18

G 0.000000 0.000000 0.000000
G 2.193931 2.193931 -2.193931
L 4.387862 0.000000 -4.387862
R 6.581793 -2.193931 -2.193931
S 8.775724 0.000000 0.000000
L 10.969655 2.193931 -2.193931
G 13.163586 0.000000 -4.387862
R 10.969655 -2.193931 -6.581793
K 8.775724 0.000000 -8.775724
I 6.581793 2.193931 -6.581793
L 8.775724 4.387862 -4.387862
R 6.581793 6.581793 -2.193931
A 4.387862 4.387862 -0.000000
W 6.581793 2.193931 2.193931
K 4.387862 0.000000 4.387862
K 2.193931 -2.193931 2.193931
Y 4.387862 -4.387862 -0.000000
G 6.581793 -6.581793 2.193931


-72.928331	02302101031021301	00011100011000100011100001101
18

G 0.000000 0.000000 0.000000
G 2.193931 2.193931 -2.193931
L 4.387862 0.000000 -4.387862
R 6.581793 -2.193931 -2.193931
S 4.387862 -4.387862 0.000000
L 2.193931 -6.581793 -2.193931
G 4.387862 -8.775724 -4.387862
R 6.581793 -6.581793 -6.581793
K 4.387862 -4.387862 -8.775724
I 2.193931 -2.193931 -6.581793
L 0.000000 -4.387862 -4.387862
R -2.193931 -2.193931 -2.193931
A -4.387862 -4.387862 -0.000000
W -6.581793 -6.581793 -2.193931
K -4.387862 -8.775724 -4.387862
K -2.193931 -10.969655 -2.193931
Y 0.000000 -8.775724 -0.000000
G -2.193931 -6.581793 2.193931


-72.872042	23023210130120301	01110001110110001011001001001
18

G 0.000000 0.000000 0.000000
G 2.193931 2.193931 -2.193931
L 4.387862 0.000000 -4.387862
R 6.581793 -2.193931 -2.193931
S 8.775724 -4.387862 -4.387862
L 6.581793 -6.581793 -6.581793
G 4.387862 -8.775724 -4.387862
R 2.193931 -6.581793 -2.193931
K 0.000000 -4.387862 -4.387862
I 2.193931 -2.193931 -6.581793
L 4.387862 -4.387862 -8.775724
R 6.581793 -2.193931 -10.969655
A 8.775724 -0.000000 -8.775724
W 10.969655 -2.193931 -6.581793
K 13.163586 -0.000000 -4.387862
K 10.969655 2.193931 -2.193931
Y 8.775724 4.387862 -4.387862
G 6.581793 2.193931 -6.581793


-72.872026	03103201012032101	00111000110100100010010011010
18

G 0.000000 0.000000 0.000000
G 2.193931 2.193931 -2.193931
L 4.387862 0.000000 -4.387862
R 6.581793 2.193931 -6.581793
S 8.775724 4.387862 -4.387862
L 10.969655 2.193931 -2.193931
G 13.163586 0.000000 -4.387862
R 10.969655 -2.193931 -6.581793
K 8.775724 -4.387862 -4.387862
I 6.581793 -2.193931 -2.193931
L 4.387862 -4.387862 -0.000000
R 2.193931 -2.193931 2.193931
A 4.387862 0.000000 4.387862
W 6.581793 -2.193931 6.581793
K 8.775724 -4.387862 4.387862
K 10.969655 -2.193931 2.193931
Y 8.775724 0.000000 -0.000000
G 6.581793 2.193931 2.193931


-72.872026	02102301013023101	00011000011100100010110001110
18

G 0.000000 0.000000 0.000000
G 2.193931 2.193931 -2.193931
L 4.387862 0.000000 -4.387862
R 6.581793 2.193931 -6.581793
S 4.387862 4.387862 -8.775724
L 2.193931 2.193931 -10.969655
G 4.387862 0.000000 -13.163586
R 6.581793 -2.193931 -10.969655
K 4.387862 -4.387862 -8.775724
I 2.193931 -2.193931 -6.581793
L 0.000000 -4.387862 -4.387862
R -2.193931 -2.193931 -2.193931
A -4.387862 0.000000 -4.387862
W -6.581793 -2.193931 -6.581793
K -4.387862 -4.387862 -8.775724
K -2.193931 -2.193931 -10.969655
Y 0.000000 0.000000 -8.775724
G -2.193931 2.193931 -6.581793


-72.699364	03123020130121301	00111001110001001011001001101
18

G 0.000000 0.000000 0.000000
G 2.193931 2.193931 -2.193931
L 4.387862 0.000000 -4.387862
R 6.581793 -2.193931 -2.193931
S 4.387862 -4.387862 0.000000
L 2.193931 -6.581793 -2.193931
G 0.000000 -8.775724 0.000000
R -2.193931 -6.581793 2.193931
K -4.387862 -4.387862 0.000000
I -2.193931 -2.193931 -2.193931
L 0.000000 -4.387862 -4.387862
R -2.193931 -6.581793 -6.581793
A 0.000000 -8.775724 -8.775724
W 2.193931 -10.969655 -6.581793
K 4.387862 -8.775724 -4.387862
K 6.581793 -6.581793 -6.581793
Y 4.387862 -4.387862 -8.775724
G 2.193931 -2.193931 -6.581793


-72.638847	32102131230232101	11011000011011100111000111010
18

G 0.000000 0.000000 0.000000
G 2.193931 2.193931 -2.193931
L 4.387862 0.000000 -4.387862
R 6.581793 2.193931 -6.581793
S 8.775724 4.387862 -4.387862
L 10.969655 2.193931 -2.193931
G 13.163586 4.387862 -0.000000
R 10.969655 6.581793 2.193931
K 8.775724 8.775724 -0.000000
I 6.581793 6.581793 -2.193931
L 4.387862 4.387862 -0.000000
R 6.581793 2.193931 2.193931
A 4.387862 0.000000 4.387862
W 2.193931 -2.193931 2.193931
K 4.387862 -4.387862 -0.000000
K 6.581793 -2.193931 -2.193931
Y 8.775724 0.000000 -0.000000
G 10.969655 -2.193931 2.193931


-72.638847	23103121320323101	01111000111001101101001101110
18

G 0.000000 0.000000 0.000000
G 2.193931 2.193931 -2.193931
L 4.387862 0.000000 -4.387862
R 6.581793 2.193931 -6.581793
S 4.387862 4.387862 -8.775724
L 2.193931 2.193931 -10.969655
G 0.000000 4.387862 -13.163586
R -2.193931 6.581793 -10.969655
K 0.000000 8.775724 -8.775724
I 2.193931 6.581793 -6.581793
L 0.000000 4.387862 -4.387862
R -2.193931 2.193931 -6.581793
A -4.387862 0.000000 -4.387862
W -2.193931 -2.193931 -2.193931
K 0.000000 -4.387862 -4.387862
K 2.193931 -2.193931 -6.581793
Y 0.000000 0.000000 -8.775724
G -2.193931 -2.193931 -10.969655


-72.590766	20213201231202301	01000110110100100111100100011
18

G 0.000000 0.000000 0.000000
G 2.193931 2.193931 -2.193931
L 4.387862 0.000000 -4.387862
R 6.581793 -2.193931 -2.193931
S 8.775724 0.000000 0.000000
L 6.581793 2.193931 2.193931
G 8.775724 4.387862 4.387862
R 10.969655 6.581793 2.193931
K 8.775724 8.775724 0.000000
I 6.581793 6.581793 -2.193931
L 4.387862 4.387862 0.000000
R 2.193931 6.581793 2.193931
A 4.387862 8.775724 4.387862
W 6.581793 6.581793 6.581793
K 4.387862 4.387862 8.775724
K 2.193931 2.193931 6.581793
Y 4.387862 0.000000 4.387862
G 2.193931 -2.193931 2.193931


-72.569380	03210230210230101	00110110000111000110000111000
18

G 0.000000 0.000000 0.000000
G 2.193931 2.193931 -2.193931
L 4.387862 0.000000 -4.387862
R 6.581793 2.193931 -6.581793
S 8.775724 0.000000 -8.775724
L 10.969655 -2.193931 -6.581793
G 13.163586 0.000000 -4.387862
R 10.969655 2.193931 -2.193931
K 8.775724 0.000000 -0.000000
I 6.581793 -2.193931 -2.193931
L 8.775724 -4.387862 -4.387862
R 10.969655 -6.581793 -2.193931
A 13.163586 -4.387862 -0.000000
W 10.969655 -2.193931 2.193931
K 8.775724 -4.387862 4.387862
K 6.581793 -6.581793 2.193931
Y 4.387862 -4.387862 -0.000000
G 2.193931 -2.193931 2.193931


-72.569380	03012032012032101	00110010010011010010010011010
18

G 0.000000 0.000000 0.000000
G 2.193931 2.193931 -2.193931
L 4.387862 0.000000 -4.387862
R 6.581793 2.193931 -6.581793
S 8.775724 4.387862 -4.387862
L 10.969655 2.193931 -2.193931
G 13.163586 0.000000 -4.387862
R 10.969655 -2.193931 -6.581793
K 8.775724 -4.387862 -4.387862
I 6.581793 -2.193931 -2.193931
L 8.775724 0.000000 -0.000000
R 10.969655 -2.193931 2.193931
A 13.163586 -4.387862 -0.000000
W 10.969655 -6.581793 -2.193931
K 8.775724 -8.775724 -0.000000
K 6.581793 -6.581793 2.193931
Y 4.387862 -4.387862 -0.000000
G 2.193931 -2.193931 2.193931


-72.569380	02013023013023101	00010010110001110010110001110
18

G 0.000000 0.000000 0.000000
G 2.193931 2.193931 -2.193931
L 4.387862 0.000000 -4.387862
R 6.581793 2.193931 -6.581793
S 4.387862 4.387862 -8.775724
L 2.193931 2.193931 -10.969655
G 4.387862 0.000000 -13.163586
R 6.581793 -2.193931 -10.969655
K 4.387862 -4.387862 -8.775724
I 2.193931 -2.193931 -6.581793
L 0.000000 0.000000 -8.775724
R -2.193931 -2.193931 -10.969655
A 0.000000 -4.387862 -13.163586
W 2.193931 -6.581793 -10.969655
K 0.000000 -8.775724 -8.775724
K -2.193931 -6.581793 -6.581793
Y 0.000000 -4.387862 -4.387862
G -2.193931 -2.193931 -2.193931


-72.569380	02310320310320101	00011110001101001110001101000
18

G 0.000000 0.000000 0.000000
G 2.193931 2.193931 -2.193931
L 4.387862 0.000000 -4.387862
R 6.581793 2.193931 -6.581793
S 8.775724 0.000000 -8.775724
L 6.581793 -2.193931 -10.969655
G 4.387862 0.000000 -13.163586
R 2.193931 2.193931 -10.969655
K 0.000000 0.000000 -8.775724
I 2.193931 -2.193931 -6.581793
L 4.387862 -4.387862 -8.775724
R 2.193931 -6.581793 -10.969655
A 0.000000 -4.387862 -13.163586
W -2.193931 -2.193931 -10.969655
K -4.387862 -4.387862 -8.775724
K -2.193931 -6.581793 -6.581793
Y 0.000000 -4.387862 -4.387862
G -2.193931 -2.193931 -2.193931


-72.530311	03120121203202101	00111001001001100100110100010
18

G 0.000000 0.000000 0.000000
G 2.193931 2.193931 -2.193931
L 4.387862 0.000000 -4.387862
R 6.581793 2.193931 -6.581793
S 8.775724 4.387862 -4.387862
L 6.581793 6.581793 -2.193931
G 8.775724 8.775724 -0.000000
R 10.969655 6.581793 2.193931
K 13.163586 4.387862 -0.000000
I 10.969655 2.193931 -2.193931
L 8.775724 0.000000 -0.000000
R 6.581793 -2.193931 -2.193931
A 4.387862 -4.387862 -0.000000
W 2.193931 -2.193931 2.193931
K 4.387862 0.000000 4.387862
K 6.581793 2.193931 2.193931
Y 4.387862 4.387862 -0.000000
G 2.193931 6.581793 2.193931


-72.530311	02130131302303101	00011011001011101100011100110
18

G 0.000000 0.000000 0.000000
G 2.193931 2.193931 -2.193931
L 4.387862 0.000000 -4.387862
R 6.581793 2.193931 -6.581793
S 4.387862 4.387862 -8.775724
L 2.193931 6.581793 -6.581793
G 0.000000 8.775724 -8.775724
R -2.193931 6.581793 -10.969655
K 0.000000 4.387862 -13.163586
I 2.193931 2.193931 -10.969655
L 0.000000 0.000000 -8.775724
R 2.193931 -2.193931 -6.581793
A 0.000000 -4.387862 -4.387862
W -2.193931 -2.193931 -2.193931
K -4.387862 0.000000 -4.387862
K -2.193931 2.193931 -6.581793
Y 0.000000 4.387862 -4.387862
G -2.193931 6.581793 -2.193931


-72.510538	13212031230232101	10110110010011100111000111010
18

G 0.000000 0.000000 0.000000
G 2.193931 2.193931 -2.193931
L 4.387862 0.000000 -4.387862
R 6.581793 2.193931 -6.581793
S 8.775724 4.387862 -4.387862
L 10.969655 2.193931 -2.193931
G 13.163586 4.387862 -0.000000
R 10.969655 6.581793 2.193931
K 8.775724 8.775724 -0.000000
I 6.581793 6.581793 -2.193931
L 4.387862 4.387862 -0.000000
R 6.581793 2.193931 2.193931
A 8.775724 0.000000 -0.000000
W 6.581793 -2.193931 -2.193931
K 4.387862 -4.387862 -0.000000
K 2.193931 -6.581793 -2.193931
Y 0.000000 -4.387862 -4.387862
G 2.193931 -2.193931 -6.581793


-72.510538	12313021320323101	10011110110001101101001101110
18

G 0.000000 0.000000 0.000000
G 2.193931 2.193931 -2.193931
L 4.387862 0.000000 -4.387862
R 6.581793 2.193931 -6.581793
S 4.387862 4.387862 -8.775724
L 2.193931 2.193931 -10.969655
G 0.000000 4.387862 -13.163586
R -2.193931 6.581793 -10.969655
K 0.000000 8.775724 -8.775724
I 2.193931 6.581793 -6.581793
L 0.000000 4.387862 -4.387862
R -2.193931 2.193931 -6.581793
A 0.000000 0.000000 -8.775724
W 2.193931 -2.193931 -6.581793
K 0.000000 -4.387862 -4.387862
K 2.193931 -6.581793 -2.193931
Y 4.387862 -4.387862 -0.000000
G 6.581793 -2.193931 -2.193931


-72.317610	32012031230232101	11010010010011100111000111010
18

G 0.000000 0.000000 0.000000
G 2.193931 2.193931 -2.193931
L 4.387862 0.000000 -4.387862
R 6.581793 2.193931 -6.581793
S 8.775724 4.387862 -4.387862
L 10.969655 2.193931 -2.193931
G 13.163586 4.387862 -0.000000
R 10.969655 6.581793 2.193931
K 8.775724 8.775724 -0.000000
I 6.581793 6.581793 -2.193931
L 4.387862 4.387862 -0.000000
R 6.581793 2.193931 2.193931
A 8.775724 0.000000 -0.000000
W 6.581793 -2.193931 -2.193931
K 4.387862 -4.387862 -0.000000
K 2.193931 -2.193931 2.193931
Y 4.387862 0.000000 4.387862
G 6.581793 -2.193931 6.581793


-72.317610	03013021320323101	00110010110001101101001101110
18

G 0.000000 0.000000 0.000000
G 2.193931 2.193931 -2.193931
L 4.387862 0.000000 -4.387862
R 6.581793 2.193931 -6.581793
S 4.387862 4.387862 -8.775724
L 2.193931 2.193931 -10.969655
G 0.000000 4.387862 -13.163586
R -2.193931 6.581793 -10.969655
K 0.000000 8.775724 -8.775724
I 2.193931 6.581793 -6.581793
L 0.000000 4.387862 -4.387862
R -2.193931 2.193931 -6.581793
A 0.000000 0.000000 -8.775724
W 2.193931 -2.193931 -6.581793
K 0.000000 -4.387862 -4.387862
K -2.193931 -2.193931 -2.193931
Y -4.387862 0.000000 -4.387862
G -6.581793 2.193931 -2.193931


-72.317610	02012031230232101	00010010010011100111000111010
18

G 0.000000 0.000000 0.000000
G 2.193931 2.193931 -2.193931
L 4.387862 0.000000 -4.387862
R 6.581793 2.193931 -6.581793
S 8.775724 4.387862 -4.387862
L 10.969655 2.193931 -2.193931
G 13.163586 4.387862 -0.000000
R 10.969655 6.581793 2.193931
K 8.775724 8.775724 -0.000000
I 6.581793 6.581793 -2.193931
L 4.387862 4.387862 -0.000000
R 6.581793 2.193931 2.193931
A 8.775724 0.000000 -0.000000
W 6.581793 -2.193931 -2.193931
K 4.387862 -4.387862 -0.000000
K 2.193931 -2.193931 2.193931
Y 4.387862 0.000000 4.387862
G 2.193931 2.193931 6.581793


-72.317610	23013021320323101	01110010110001101101001101110
18

G 0.000000 0.000000 0.000000
G 2.193931 2.193931 -2.193931
L 4.387862 0.000000 -4.387862
R 6.581793 2.193931 -6.581793
S 4.387862 4.387862 -8.775724
L 2.193931 2.193931 -10.969655
G 0.000000 4.387862 -13.163586
R -2.193931 6.581793 -10.969655
K 0.000000 8.775724 -8.775724
I 2.193931 6.581793 -6.581793
L 0.000000 4.387862 -4.387862
R -2.193931 2.193931 -6.581793
A 0.000000 0.000000 -8.775724
W 2.193931 -2.193931 -6.581793
K 0.000000 -4.387862 -4.387862
K -2.193931 -2.193931 -2.193931
Y -4.387862 0.000000 -4.387862
G -6.581793 -2.193931 -6.581793


-72.288853	03023010230202301	00110001110010000111000100011
18

G 0.000000 0.000000 0.000000
G 2.193931 2.193931 -2.193931
L 4.387862 0.000000 -4.387862
R 6.581793 -2.193931 -2.193931
S 8.775724 0.000000 0.000000
L 6.581793 2.193931 2.193931
G 8.775724 4.387862 4.387862
R 6.581793 6.581793 6.581793
K 4.387862 8.775724 4.387862
I 2.193931 6.581793 2.193931
L 4.387862 4.387862 0.000000
R 6.581793 6.581793 -2.193931
A 8.775724 4.387862 -4.387862
W 10.969655 2.193931 -2.193931
K 13.163586 4.387862 0.000000
K 10.969655 6.581793 2.193931
Y 8.775724 8.775724 0.000000
G 6.581793 10.969655 2.193931


-72.288853	01031020310303101	00100011100001001110001100110
18

G 0.000000 0.000000 0.000000
G 2.193931 2.193931 -2.193931
L 4.387862 0.000000 -4.387862
R 6.581793 2.193931 -6.581793
S 4.387862 4.387862 -8.775724
L 2.193931 6.581793 -6.581793
G 0.000000 8.775724 -8.775724
R -2.193931 10.969655 -6.581793
K -4.387862 8.775724 -4.387862
I -2.193931 6.581793 -2.193931
L 0.000000 4.387862 -4.387862
R -2.193931 2.193931 -6.581793
A 0.000000 0.000000 -8.775724
W 2.193931 2.193931 -10.969655
K 0.000000 4.387862 -13.163586
K -2.193931 6.581793 -10.969655
Y -4.387862 4.387862 -8.775724
G -6.581793 6.581793 -6.581793


-72.288853	01021030210202101	00100001100011000110000100010
18

G 0.000000 0.000000 0.000000
G 2.193931 2.193931 -2.193931
L 4.387862 0.000000 -4.387862
R 6.581793 2.193931 -6.581793
S 8.775724 4.387862 -4.387862
L 6.581793 6.581793 -2.193931
G 8.775724 8.775724 -0.000000
R 6.581793 10.969655 2.193931
K 4.387862 8.775724 4.387862
I 2.193931 6.581793 2.193931
L 4.387862 4.387862 -0.000000
R 6.581793 2.193931 2.193931
A 8.775724 0.000000 -0.000000
W 10.969655 2.193931 -2.193931
K 13.163586 4.387862 -0.000000
K 10.969655 6.581793 2.193931
Y 8.775724 4.387862 4.387862
G 6.581793 6.581793 6.581793


-72.211174	10210312102121301	10000110001110011000011001101
18

G 0.000000 0.000000 0.000000
G 2.193931 2.193931 -2.193931
L 4.387862 0.000000 -4.387862
R 6.581793 -2.193931 -2.193931
S 4.387862 -4.387862 0.000000
L 2.193931 -6.581793 -2.193931
G 0.000000 -8.775724 0.000000
R -2.193931 -10.969655 -2.193931
K 0.000000 -13.163586 -4.387862
I 2.193931 -10.969655 -6.581793
L 4.387862 -8.775724 -4.387862
R 6.581793 -6.581793 -6.581793
A 4.387862 -4.387862 -8.775724
W 2.193931 -2.193931 -6.581793
K 0.000000 -4.387862 -4.387862
K -2.193931 -6.581793 -6.581793
Y 0.000000 -8.775724 -8.775724
G 2.193931 -6.581793 -10.969655


-72.172950	13023123013023101	10110001111001110010110001110
18

G 0.000000 0.000000 0.000000
G 2.193931 2.193931 -2.193931
L 4.387862 0.000000 -4.387862
R 6.581793 2.193931 -6.581793
S 4.387862 4.387862 -8.775724
L 2.193931 2.193931 -10.969655
G 4.387862 0.000000 -13.163586
R 6.581793 -2.193931 -10.969655
K 4.387862 -4.387862 -8.775724
I 2.193931 -2.193931 -6.581793
L 0.000000 0.000000 -8.775724
R -2.193931 -2.193931 -10.969655
A -4.387862 -4.387862 -8.775724
W -2.193931 -6.581793 -6.581793
K 0.000000 -4.387862 -4.387862
K -2.193931 -2.193931 -2.193931
Y -4.387862 -0.000000 -4.387862
G -2.193931 2.193931 -6.581793


-72.172950	12032132012032101	10010011011011010010010011010
18

G 0.000000 0.000000 0.000000
G 2.193931 2.193931 -2.193931
L 4.387862 0.000000 -4.387862
R 6.581793 2.193931 -6.581793
S 8.775724 4.387862 -4.387862
L 10.969655 2.193931 -2.193931
G 13.163586 0.000000 -4.387862
R 10.969655 -2.193931 -6.581793
K 8.775724 -4.387862 -4.387862
I 6.581793 -2.193931 -2.193931
L 8.775724 0.000000 -0.000000
R 10.969655 -2.193931 2.193931
A 8.775724 -4.387862 4.387862
W 6.581793 -6.581793 2.193931
K 4.387862 -4.387862 -0.000000
K 2.193931 -2.193931 2.193931
Y 4.387862 -0.000000 4.387862
G 6.581793 2.193931 2.193931


-72.167814	21021230310320101	01100001100111001110001101000
18

G 0.000000 0.000000 0.000000
G 2.193931 2.193931 -2.193931
L 4.387862 0.000000 -4.387862
R 6.581793 2.193931 -6.581793
S 8.775724 0.000000 -8.775724
L 6.581793 -2.193931 -10.969655
G 4.387862 0.000000 -13.163586
R 2.193931 2.193931 -10.969655
K 0.000000 0.000000 -8.775724
I 2.193931 -2.193931 -6.581793
L 4.387862 -4.387862 -8.775724
R 6.581793 -6.581793 -6.581793
A 8.775724 -4.387862 -4.387862
W 10.969655 -2.193931 -6.581793
K 13.163586 -0.000000 -4.387862
K 10.969655 2.193931 -2.193931
Y 8.775724 -0.000000 -0.000000
G 6.581793 -2.193931 -2.193931


-72.167814	31031320210230101	11100011101101000110000111000
18

G 0.000000 0.000000 0.000000
G 2.193931 2.193931 -2.193931
L 4.387862 0.000000 -4.387862
R 6.581793 2.193931 -6.581793
S 8.775724 0.000000 -8.775724
L 10.969655 -2.193931 -6.581793
G 13.163586 0.000000 -4.387862
R 10.969655 2.193931 -2.193931
K 8.775724 0.000000 -0.000000
I 6.581793 -2.193931 -2.193931
L 8.775724 -4.387862 -4.387862
R 6.581793 -6.581793 -6.581793
A 4.387862 -4.387862 -8.775724
W 6.581793 -2.193931 -10.969655
K 4.387862 -0.000000 -13.163586
K 2.193931 2.193931 -10.969655
Y 0.000000 -0.000000 -8.775724
G 2.193931 -2.193931 -6.581793


-72.148126	02031021031021301	00010011100001100011100001101
18

G 0.000000 0.000000 0.000000
G 2.193931 2.193931 -2.193931
L 4.387862 0.000000 -4.387862
R 6.581793 -2.193931 -2.193931
S 4.387862 -4.387862 0.000000
L 2.193931 -6.581793 -2.193931
G 4.387862 -8.775724 -4.387862
R 6.581793 -6.581793 -6.581793
K 4.387862 -4.387862 -8.775724
I 2.193931 -2.193931 -6.581793
L 0.000000 -4.387862 -4.387862
R -2.193931 -6.581793 -6.581793
A 0.000000 -8.775724 -8.775724
W 2.193931 -6.581793 -10.969655
K 0.000000 -4.387862 -13.163586
K -2.193931 -2.193931 -10.969655
Y 0.000000 -0.000000 -8.775724
G -2.193931 2.193931 -6.581793


-72.046396	21032013210212301	01100011010010110110000110011
18

G 0.000000 0.000000 0.000000
G 2.193931 2.193931 -2.193931
L 4.387862 0.000000 -4.387862
R 6.581793 -2.193931 -2.193931
S 8.775724 0.000000 0.000000
L 10.969655 2.193931 -2.193931
G 13.163586 4.387862 0.000000
R 10.969655 6.581793 2.193931
K 8.775724 4.387862 4.387862
I 6.581793 2.193931 2.193931
L 4.387862 4.387862 0.000000
R 6.581793 6.581793 -2.193931
A 8.775724 4.387862 -4.387862
W 6.581793 2.193931 -6.581793
K 4.387862 4.387862 -8.775724
K 2.193931 6.581793 -6.581793
Y 0.000000 4.387862 -4.387862
G -2.193931 2.193931 -6.581793


-72.046396	01032013210212301	00100011010010110110000110011
18

G 0.000000 0.000000 0.000000
G 2.193931 2.193931 -2.193931
L 4.387862 0.000000 -4.387862
R 6.581793 -2.193931 -2.193931
S 8.775724 0.000000 0.000000
L 10.969655 2.193931 -2.193931
G 13.163586 4.387862 0.000000
R 10.969655 6.581793 2.193931
K 8.775724 4.387862 4.387862
I 6.581793 2.193931 2.193931
L 4.387862 4.387862 0.000000
R 6.581793 6.581793 -2.193931
A 8.775724 4.387862 -4.387862
W 6.581793 2.193931 -6.581793
K 4.387862 4.387862 -8.775724
K 2.193931 6.581793 -6.581793
Y 0.000000 4.387862 -4.387862
G -2.193931 6.581793 -2.193931


-72.044023	30210310130121301	11000110001110001011001001101
18

G 0.000000 0.000000 0.000000
G 2.193931 2.193931 -2.193931
L 4.387862 0.000000 -4.387862
R 6.581793 -2.193931 -2.193931
S 4.387862 -4.387862 0.000000
L 2.193931 -6.581793 -2.193931
G 0.000000 -8.775724 0.000000
R -2.193931 -6.581793 2.193931
K -4.387862 -4.387862 0.000000
I -2.193931 -2.193931 -2.193931
L 0.000000 -4.387862 -4.387862
R 2.193931 -2.193931 -6.581793
A 0.000000 -0.000000 -8.775724
W -2.193931 2.193931 -6.581793
K -4.387862 -0.000000 -4.387862
K -6.581793 -2.193931 -6.581793
Y -4.387862 -4.387862 -8.775724
G -2.193931 -6.581793 -6.581793


-72.014517	02013023031021301	00010010110001110011100001101
18

G 0.000000 0.000000 0.000000
G 2.193931 2.193931 -2.193931
L 4.387862 0.000000 -4.387862
R 6.581793 -2.193931 -2.193931
S 4.387862 -4.387862 0.000000
L 2.193931 -6.581793 -2.193931
G 4.387862 -8.775724 -4.387862
R 6.581793 -6.581793 -6.581793
K 4.387862 -4.387862 -8.775724
I 2.193931 -2.193931 -6.581793
L 0.000000 -0.000000 -8.775724
R -2.193931 -2.193931 -10.969655
A 0.000000 -4.387862 -13.163586
W 2.193931 -6.581793 -10.969655
K 0.000000 -8.775724 -8.775724
K -2.193931 -6.581793 -6.581793
Y 0.000000 -4.387862 -4.387862
G -2.193931 -2.193931 -2.193931


-71.938456	20120320210203101	01001001001101000110000100110
18

G 0.000000 0.000000 0.000000
G 2.193931 2.193931 -2.193931
L 4.387862 0.000000 -4.387862
R 6.581793 2.193931 -6.581793
S 4.387862 4.387862 -8.775724
L 2.193931 6.581793 -6.581793
G 4.387862 8.775724 -4.387862
R 2.193931 10.969655 -2.193931
K 0.000000 8.775724 -0.000000
I -2.193931 6.581793 -2.193931
L 0.000000 4.387862 -4.387862
R -2.193931 2.193931 -6.581793
A -4.387862 4.387862 -8.775724
W -6.581793 6.581793 -6.581793
K -4.387862 8.775724 -4.387862
K -2.193931 10.969655 -6.581793
Y 0.000000 8.775724 -8.775724
G -2.193931 6.581793 -10.969655


-71.938456	30130230310302101	11001011000111001110001100010
18

G 0.000000 0.000000 0.000000
G 2.193931 2.193931 -2.193931
L 4.387862 0.000000 -4.387862
R 6.581793 2.193931 -6.581793
S 8.775724 4.387862 -4.387862
L 6.581793 6.581793 -2.193931
G 4.387862 8.775724 -4.387862
R 2.193931 10.969655 -2.193931
K 0.000000 8.775724 -0.000000
I 2.193931 6.581793 2.193931
L 4.387862 4.387862 -0.000000
R 6.581793 2.193931 2.193931
A 8.775724 4.387862 4.387862
W 6.581793 6.581793 6.581793
K 4.387862 8.775724 4.387862
K 6.581793 10.969655 2.193931
Y 8.775724 8.775724 -0.000000
G 10.969655 6.581793 2.193931


-71.930703	21201213210212301	01100100100110110110000110011
18

G 0.000000 0.000000 0.000000
G 2.193931 2.193931 -2.193931
L 4.387862 0.000000 -4.387862
R 6.581793 -2.193931 -2.193931
S 8.775724 0.000000 0.000000
L 10.969655 2.193931 -2.193931
G 13.163586 4.387862 0.000000
R 10.969655 6.581793 2.193931
K 8.775724 4.387862 4.387862
I 6.581793 2.193931 2.193931
L 4.387862 4.387862 0.000000
R 6.581793 6.581793 -2.193931
A 8.775724 8.775724 0.000000
W 10.969655 10.969655 -2.193931
K 13.163586 8.775724 -4.387862
K 10.969655 6.581793 -6.581793
Y 8.775724 4.387862 -4.387862
G 6.581793 2.193931 -6.581793


-71.930703	32302321320323101	11011100011101101101001101110
18

G 0.000000 0.000000 0.000000
G 2.193931 2.193931 -2.193931
L 4.387862 0.000000 -4.387862
R 6.581793 2.193931 -6.581793
S 4.387862 4.387862 -8.775724
L 2.193931 2.193931 -10.969655
G 0.000000 4.387862 -13.163586
R -2.193931 6.581793 -10.969655
K 0.000000 8.775724 -8.775724
I 2.193931 6.581793 -6.581793
L 0.000000 4.387862 -4.387862
R -2.193931 2.193931 -6.581793
A -4.387862 4.387862 -8.775724
W -6.581793 2.193931 -10.969655
K -4.387862 0.000000 -13.163586
K -2.193931 -2.193931 -10.969655
Y 0.000000 0.000000 -8.775724
G 2.193931 -2.193931 -6.581793


-71.930703	23203231230232101	01110100110111100111000111010
18

G 0.000000 0.000000 0.000000
G 2.193931 2.193931 -2.193931
L 4.387862 0.000000 -4.387862
R 6.581793 2.193931 -6.581793
S 8.775724 4.387862 -4.387862
L 10.969655 2.193931 -2.193931
G 13.163586 4.387862 -0.000000
R 10.969655 6.581793 2.193931
K 8.775724 8.775724 -0.000000
I 6.581793 6.581793 -2.193931
L 4.387862 4.387862 -0.000000
R 6.581793 2.193931 2.193931
A 8.775724 4.387862 4.387862
W 10.969655 2.193931 6.581793
K 13.163586 0.000000 4.387862
K 10.969655 -2.193931 2.193931
Y 8.775724 0.000000 -0.000000
G 6.581793 -2.193931 -2.193931


-71.807008	01201302012020301	00100100101100010010010001001
18

G 0.000000 0.000000 0.000000
G 2.193931 2.193931 -2.193931
L 4.387862 0.000000 -4.387862
R 6.581793 -2.193931 -2.193931
S 8.775724 -4.387862 -4.387862
L 6.581793 -6.581793 -6.581793
G 8.775724 -8.775724 -8.775724
R 6.581793 -10.969655 -10.969655
K 4.387862 -13.163586 -8.775724
I 2.193931 -10.969655 -6.581793
L 4.387862 -8.775724 -4.387862
R 2.193931 -6.581793 -2.193931
A 0.000000 -4.387862 -4.387862
W 2.193931 -2.193931 -6.581793
K 4.387862 -4.387862 -8.775724
K 2.193931 -6.581793 -10.969655
Y 0.000000 -8.775724 -8.775724
G -2.193931 -6.581793 -6.581793


-71.784329	21030210130120301	01100011000110001011001001001
18

G 0.000000 0.000000 0.000000
G 2.193931 2.193931 -2.193931
L 4.387862 0.000000 -4.387862
R 6.581793 -2.193931 -2.193931
S 8.775724 -4.387862 -4.387862
L 6.581793 -6.581793 -6.581793
G 4.387862 -8.775724 -4.387862
R 2.193931 -6.581793 -2.193931
K 0.000000 -4.387862 -4.387862
I 2.193931 -2.193931 -6.581793
L 4.387862 -4.387862 -8.775724
R 6.581793 -2.193931 -10.969655
A 8.775724 -0.000000 -8.775724
W 6.581793 2.193931 -6.581793
K 4.387862 4.387862 -8.775724
K 2.193931 6.581793 -6.581793
Y 0.000000 4.387862 -4.387862
G -2.193931 2.193931 -6.581793


