-13.420000	0103101201301	001000111000100100101
14

R 0.000000 0.000000 0.000000
G 2.193931 2.193931 -2.193931
K 4.387862 0.000000 -4.387862
W 6.581793 -2.193931 -2.193931
T 4.387862 -4.387862 0.000000
Y 2.193931 -2.193931 2.193931
N 4.387862 0.000000 4.387862
G 6.581793 2.193931 2.193931
I 8.775724 0.000000 0.000000
T 10.969655 2.193931 -2.193931
Y 8.775724 4.387862 -4.387862
E 6.581793 6.581793 -2.193931
G 4.387862 4.387862 0.000000
R 2.193931 6.581793 2.193931


-12.600000	3130131201301	111011001011100100101
14

R 0.000000 0.000000 0.000000
G 2.193931 2.193931 -2.193931
K 4.387862 0.000000 -4.387862
W 6.581793 -2.193931 -2.193931
T 4.387862 -4.387862 0.000000
Y 2.193931 -2.193931 2.193931
N 4.387862 0.000000 4.387862
G 6.581793 2.193931 2.193931
I 4.387862 4.387862 0.000000
T 6.581793 6.581793 -2.193931
Y 8.775724 4.387862 -4.387862
E 10.969655 2.193931 -2.193931
G 8.775724 0.000000 0.000000
R 10.969655 -2.193931 2.193931


-12.570000	2132101201301	011011011000100100101
14

R 0.000000 0.000000 0.000000
G 2.193931 2.193931 -2.193931
K 4.387862 0.000000 -4.387862
W 6.581793 -2.193931 -2.193931
T 4.387862 -4.387862 0.000000
Y 2.193931 -2.193931 2.193931
N 4.387862 0.000000 4.387862
G 6.581793 2.193931 2.193931
I 8.775724 0.000000 0.000000
T 10.969655 2.193931 -2.193931
Y 13.163586 4.387862 0.000000
E 15.357517 2.193931 2.193931
G 13.163586 0.000000 4.387862
R 10.969655 -2.193931 2.193931


-12.570000	0310301201301	001110001100100100101
14

R 0.000000 0.000000 0.000000
G 2.193931 2.193931 -2.193931
K 4.387862 0.000000 -4.387862
W 6.581793 -2.193931 -2.193931
T 4.387862 -4.387862 0.000000
Y 2.193931 -2.193931 2.193931
N 4.387862 0.000000 4.387862
G 6.581793 2.193931 2.193931
I 8.775724 0.000000 0.000000
T 10.969655 -2.193931 2.193931
Y 13.163586 -4.387862 0.000000
E 15.357517 -2.193931 -2.193931
G 13.163586 0.000000 -4.387862
R 10.969655 2.193931 -2.193931


-12.570000	2312301201301	011110011100100100101
14

R 0.000000 0.000000 0.000000
G 2.193931 2.193931 -2.193931
K 4.387862 0.000000 -4.387862
W 6.581793 -2.193931 -2.193931
T 4.387862 -4.387862 0.000000
Y 2.193931 -2.193931 2.193931
N 4.387862 0.000000 4.387862
G 6.581793 2.193931 2.193931
I 8.775724 0.000000 0.000000
T 10.969655 -2.193931 2.193931
Y 13.163586 0.000000 4.387862
E 15.357517 2.193931 2.193931
G 13.163586 4.387862 0.000000
R 10.969655 2.193931 -2.193931


-12.570000	0130101201301	001011001000100100101
14

R 0.000000 0.000000 0.000000
G 2.193931 2.193931 -2.193931
K 4.387862 0.000000 -4.387862
W 6.581793 -2.193931 -2.193931
T 4.387862 -4.387862 0.000000
Y 2.193931 -2.193931 2.193931
N 4.387862 0.000000 4.387862
G 6.581793 2.193931 2.193931
I 8.775724 0.000000 0.000000
T 10.969655 2.193931 -2.193931
Y 13.163586 0.000000 -4.387862
E 15.357517 -2.193931 -2.193931
G 13.163586 -4.387862 0.000000
R 10.969655 -2.193931 2.193931


-12.420000	1031010210101	100011100010000110000
14

R 0.000000 0.000000 0.000000
G 2.193931 2.193931 -2.193931
K 4.387862 0.000000 -4.387862
W 6.581793 2.193931 -6.581793
T 8.775724 0.000000 -8.775724
Y 10.969655 2.193931 -10.969655
N 13.163586 4.387862 -8.775724
G 10.969655 6.581793 -6.581793
I 8.775724 4.387862 -4.387862
T 6.581793 6.581793 -2.193931
Y 4.387862 4.387862 -0.000000
E 6.581793 2.193931 2.193931
G 8.775724 0.000000 -0.000000
R 10.969655 2.193931 -2.193931


-12.420000	1031013213101	100011100010110110110
14

R 0.000000 0.000000 0.000000
G 2.193931 2.193931 -2.193931
K 4.387862 0.000000 -4.387862
W 6.581793 2.193931 -6.581793
T 4.387862 4.387862 -8.775724
Y 6.581793 6.581793 -10.969655
N 8.775724 8.775724 -8.775724
G 10.969655 6.581793 -6.581793
I 8.775724 4.387862 -4.387862
T 6.581793 6.581793 -2.193931
Y 4.387862 4.387862 -0.000000
E 6.581793 2.193931 2.193931
G 8.775724 0.000000 -0.000000
R 10.969655 2.193931 -2.193931


-12.420000	1021010310101	100001100010001110000
14

R 0.000000 0.000000 0.000000
G 2.193931 2.193931 -2.193931
K 4.387862 0.000000 -4.387862
W 6.581793 2.193931 -6.581793
T 8.775724 0.000000 -8.775724
Y 10.969655 2.193931 -10.969655
N 8.775724 4.387862 -13.163586
G 6.581793 6.581793 -10.969655
I 4.387862 4.387862 -8.775724
T 2.193931 6.581793 -6.581793
Y 0.000000 4.387862 -4.387862
E -2.193931 2.193931 -6.581793
G 0.000000 0.000000 -8.775724
R 2.193931 2.193931 -10.969655


-12.420000	3013031231301	110010110011100111101
14

R 0.000000 0.000000 0.000000
G 2.193931 2.193931 -2.193931
K 4.387862 0.000000 -4.387862
W 6.581793 -2.193931 -2.193931
T 4.387862 -4.387862 0.000000
Y 6.581793 -6.581793 2.193931
N 8.775724 -4.387862 4.387862
G 10.969655 -2.193931 2.193931
I 8.775724 -0.000000 0.000000
T 6.581793 2.193931 2.193931
Y 4.387862 4.387862 0.000000
E 6.581793 6.581793 -2.193931
G 8.775724 4.387862 -4.387862
R 10.969655 2.193931 -2.193931


-12.420000	3013030230301	110010110011000111001
14

R 0.000000 0.000000 0.000000
G 2.193931 2.193931 -2.193931
K 4.387862 0.000000 -4.387862
W 6.581793 -2.193931 -2.193931
T 8.775724 -4.387862 -4.387862
Y 10.969655 -6.581793 -2.193931
N 13.163586 -4.387862 0.000000
G 10.969655 -2.193931 2.193931
I 8.775724 -0.000000 0.000000
T 6.581793 2.193931 2.193931
Y 4.387862 4.387862 0.000000
E 6.581793 6.581793 -2.193931
G 8.775724 4.387862 -4.387862
R 10.969655 2.193931 -2.193931


-12.420000	1021012312101	100001100010011110010
14

R 0.000000 0.000000 0.000000
G 2.193931 2.193931 -2.193931
K 4.387862 0.000000 -4.387862
W 6.581793 2.193931 -6.581793
T 8.775724 4.387862 -4.387862
Y 10.969655 6.581793 -6.581793
N 8.775724 8.775724 -8.775724
G 6.581793 6.581793 -10.969655
I 4.387862 4.387862 -8.775724
T 2.193931 6.581793 -6.581793
Y 0.000000 4.387862 -4.387862
E -2.193931 2.193931 -6.581793
G 0.000000 0.000000 -8.775724
R 2.193931 2.193931 -10.969655


-12.360000	3120101201301	111001001000100100101
14

R 0.000000 0.000000 0.000000
G 2.193931 2.193931 -2.193931
K 4.387862 0.000000 -4.387862
W 6.581793 -2.193931 -2.193931
T 4.387862 -4.387862 0.000000
Y 2.193931 -2.193931 2.193931
N 4.387862 0.000000 4.387862
G 6.581793 2.193931 2.193931
I 8.775724 0.000000 0.000000
T 10.969655 2.193931 -2.193931
Y 13.163586 0.000000 -4.387862
E 10.969655 -2.193931 -6.581793
G 8.775724 -4.387862 -4.387862
R 10.969655 -6.581793 -2.193931


-12.360000	2320301201301	011101001100100100101
14

R 0.000000 0.000000 0.000000
G 2.193931 2.193931 -2.193931
K 4.387862 0.000000 -4.387862
W 6.581793 -2.193931 -2.193931
T 4.387862 -4.387862 0.000000
Y 2.193931 -2.193931 2.193931
N 4.387862 0.000000 4.387862
G 6.581793 2.193931 2.193931
I 8.775724 0.000000 0.000000
T 10.969655 -2.193931 2.193931
Y 13.163586 -4.387862 0.000000
E 10.969655 -6.581793 -2.193931
G 8.775724 -4.387862 -4.387862
R 6.581793 -6.581793 -6.581793


-12.360000	1320301201301	101101001100100100101
14

R 0.000000 0.000000 0.000000
G 2.193931 2.193931 -2.193931
K 4.387862 0.000000 -4.387862
W 6.581793 -2.193931 -2.193931
T 4.387862 -4.387862 0.000000
Y 2.193931 -2.193931 2.193931
N 4.387862 0.000000 4.387862
G 6.581793 2.193931 2.193931
I 8.775724 0.000000 0.000000
T 10.969655 -2.193931 2.193931
Y 13.163586 -4.387862 0.000000
E 10.969655 -6.581793 -2.193931
G 8.775724 -4.387862 -4.387862
R 10.969655 -2.193931 -6.581793


-12.360000	2120101201301	011001001000100100101
14

R 0.000000 0.000000 0.000000
G 2.193931 2.193931 -2.193931
K 4.387862 0.000000 -4.387862
W 6.581793 -2.193931 -2.193931
T 4.387862 -4.387862 0.000000
Y 2.193931 -2.193931 2.193931
N 4.387862 0.000000 4.387862
G 6.581793 2.193931 2.193931
I 8.775724 0.000000 0.000000
T 10.969655 2.193931 -2.193931
Y 13.163586 0.000000 -4.387862
E 10.969655 -2.193931 -6.581793
G 8.775724 -4.387862 -4.387862
R 6.581793 -6.581793 -6.581793


-11.780000	0120130102101	001001001011001000010
14

R 0.000000 0.000000 0.000000
G 2.193931 2.193931 -2.193931
K 4.387862 0.000000 -4.387862
W 6.581793 2.193931 -6.581793
T 8.775724 4.387862 -4.387862
Y 6.581793 6.581793 -2.193931
N 4.387862 4.387862 -0.000000
G 2.193931 6.581793 2.193931
I 0.000000 8.775724 -0.000000
T 2.193931 10.969655 -2.193931
Y 4.387862 8.775724 -4.387862
E 2.193931 6.581793 -6.581793
G 0.000000 4.387862 -4.387862
R -2.193931 6.581793 -2.193931


-11.780000	0130120103101	001011001001001000110
14

R 0.000000 0.000000 0.000000
G 2.193931 2.193931 -2.193931
K 4.387862 0.000000 -4.387862
W 6.581793 2.193931 -6.581793
T 4.387862 4.387862 -8.775724
Y 2.193931 6.581793 -6.581793
N 0.000000 4.387862 -4.387862
G -2.193931 6.581793 -2.193931
I 0.000000 8.775724 -0.000000
T 2.193931 10.969655 -2.193931
Y 4.387862 8.775724 -4.387862
E 6.581793 6.581793 -2.193931
G 4.387862 4.387862 -0.000000
R 2.193931 6.581793 2.193931


-11.680000	2102130120101	011000011011001001000
14

R 0.000000 0.000000 0.000000
G 2.193931 2.193931 -2.193931
K 4.387862 0.000000 -4.387862
W 6.581793 2.193931 -6.581793
T 8.775724 0.000000 -8.775724
Y 6.581793 -2.193931 -10.969655
N 4.387862 -4.387862 -8.775724
G 2.193931 -2.193931 -6.581793
I 0.000000 0.000000 -8.775724
T 2.193931 2.193931 -10.969655
Y 4.387862 4.387862 -8.775724
E 2.193931 6.581793 -6.581793
G 0.000000 4.387862 -4.387862
R -2.193931 2.193931 -6.581793


-11.680000	1301320310301	101100101101001110001
14

R 0.000000 0.000000 0.000000
G 2.193931 2.193931 -2.193931
K 4.387862 0.000000 -4.387862
W 6.581793 -2.193931 -2.193931
T 8.775724 -4.387862 -4.387862
Y 10.969655 -2.193931 -6.581793
N 8.775724 0.000000 -8.775724
G 6.581793 2.193931 -6.581793
I 8.775724 4.387862 -4.387862
T 10.969655 2.193931 -2.193931
Y 8.775724 0.000000 -0.000000
E 6.581793 2.193931 2.193931
G 4.387862 4.387862 -0.000000
R 6.581793 6.581793 -2.193931


-11.680000	3103120130101	111000111001001011000
14

R 0.000000 0.000000 0.000000
G 2.193931 2.193931 -2.193931
K 4.387862 0.000000 -4.387862
W 6.581793 2.193931 -6.581793
T 8.775724 0.000000 -8.775724
Y 10.969655 -2.193931 -6.581793
N 8.775724 -4.387862 -4.387862
G 6.581793 -2.193931 -2.193931
I 8.775724 0.000000 -0.000000
T 10.969655 2.193931 -2.193931
Y 8.775724 4.387862 -4.387862
E 6.581793 6.581793 -2.193931
G 4.387862 4.387862 -0.000000
R 6.581793 2.193931 2.193931


-11.660000	1312032132301	101110010011011011011
14

R 0.000000 0.000000 0.000000
G 2.193931 2.193931 -2.193931
K 4.387862 0.000000 -4.387862
W 6.581793 -2.193931 -2.193931
T 8.775724 0.000000 0.000000
Y 10.969655 -2.193931 2.193931
N 8.775724 -4.387862 4.387862
G 6.581793 -6.581793 2.193931
I 4.387862 -4.387862 0.000000
T 2.193931 -2.193931 2.193931
Y 4.387862 -0.000000 4.387862
E 6.581793 2.193931 2.193931
G 4.387862 4.387862 0.000000
R 6.581793 6.581793 -2.193931


-11.660000	0312032132301	001110010011011011011
14

R 0.000000 0.000000 0.000000
G 2.193931 2.193931 -2.193931
K 4.387862 0.000000 -4.387862
W 6.581793 -2.193931 -2.193931
T 8.775724 0.000000 0.000000
Y 10.969655 -2.193931 2.193931
N 8.775724 -4.387862 4.387862
G 6.581793 -6.581793 2.193931
I 4.387862 -4.387862 0.000000
T 2.193931 -2.193931 2.193931
Y 4.387862 -0.000000 4.387862
E 6.581793 2.193931 2.193931
G 4.387862 4.387862 0.000000
R 2.193931 6.581793 2.193931


-11.650000	1301310210101	101100101110000110000
14

R 0.000000 0.000000 0.000000
G 2.193931 2.193931 -2.193931
K 4.387862 0.000000 -4.387862
W 6.581793 2.193931 -6.581793
T 8.775724 0.000000 -8.775724
Y 10.969655 2.193931 -10.969655
N 13.163586 4.387862 -8.775724
G 10.969655 6.581793 -6.581793
I 8.775724 4.387862 -4.387862
T 10.969655 2.193931 -2.193931
Y 8.775724 0.000000 -0.000000
E 6.581793 2.193931 2.193931
G 4.387862 4.387862 -0.000000
R 6.581793 6.581793 -2.193931


-11.650000	1201212312101	100100100110011110010
14

R 0.000000 0.000000 0.000000
G 2.193931 2.193931 -2.193931
K 4.387862 0.000000 -4.387862
W 6.581793 2.193931 -6.581793
T 8.775724 4.387862 -4.387862
Y 10.969655 6.581793 -6.581793
N 8.775724 8.775724 -8.775724
G 6.581793 6.581793 -10.969655
I 4.387862 4.387862 -8.775724
T 2.193931 2.193931 -10.969655
Y 0.000000 0.000000 -8.775724
E -2.193931 2.193931 -6.581793
G 0.000000 4.387862 -4.387862
R 2.193931 6.581793 -6.581793


-11.650000	3103130230301	111000111011000111001
14

R 0.000000 0.000000 0.000000
G 2.193931 2.193931 -2.193931
K 4.387862 0.000000 -4.387862
W 6.581793 -2.193931 -2.193931
T 8.775724 -4.387862 -4.387862
Y 10.969655 -6.581793 -2.193931
N 13.163586 -4.387862 0.000000
G 10.969655 -2.193931 2.193931
I 8.775724 -0.000000 0.000000
T 10.969655 2.193931 -2.193931
Y 8.775724 4.387862 -4.387862
E 6.581793 6.581793 -2.193931
G 4.387862 4.387862 0.000000
R 6.581793 2.193931 2.193931


-11.650000	3103131231301	111000111011100111101
14

R 0.000000 0.000000 0.000000
G 2.193931 2.193931 -2.193931
K 4.387862 0.000000 -4.387862
W 6.581793 -2.193931 -2.193931
T 4.387862 -4.387862 0.000000
Y 6.581793 -6.581793 2.193931
N 8.775724 -4.387862 4.387862
G 10.969655 -2.193931 2.193931
I 8.775724 -0.000000 0.000000
T 10.969655 2.193931 -2.193931
Y 8.775724 4.387862 -4.387862
E 6.581793 6.581793 -2.193931
G 4.387862 4.387862 0.000000
R 6.581793 2.193931 2.193931


-11.650000	1301313213101	101100101110110110110
14

R 0.000000 0.000000 0.000000
G 2.193931 2.193931 -2.193931
K 4.387862 0.000000 -4.387862
W 6.581793 2.193931 -6.581793
T 4.387862 4.387862 -8.775724
Y 6.581793 6.581793 -10.969655
N 8.775724 8.775724 -8.775724
G 10.969655 6.581793 -6.581793
I 8.775724 4.387862 -4.387862
T 10.969655 2.193931 -2.193931
Y 8.775724 0.000000 -0.000000
E 6.581793 2.193931 2.193931
G 4.387862 4.387862 -0.000000
R 6.581793 6.581793 -2.193931


-11.650000	1201210310101	100100100110001110000
14

R 0.000000 0.000000 0.000000
G 2.193931 2.193931 -2.193931
K 4.387862 0.000000 -4.387862
W 6.581793 2.193931 -6.581793
T 8.775724 0.000000 -8.775724
Y 10.969655 2.193931 -10.969655
N 8.775724 4.387862 -13.163586
G 6.581793 6.581793 -10.969655
I 4.387862 4.387862 -8.775724
T 2.193931 2.193931 -10.969655
Y 0.000000 0.000000 -8.775724
E -2.193931 2.193931 -6.581793
G 0.000000 4.387862 -4.387862
R 2.193931 6.581793 -6.581793


-11.620000	2031030230101	010011100011000111000
14

R 0.000000 0.000000 0.000000
G 2.193931 2.193931 -2.193931
K 4.387862 0.000000 -4.387862
W 6.581793 2.193931 -6.581793
T 8.775724 0.000000 -8.775724
Y 10.969655 -2.193931 -6.581793
N 13.163586 0.000000 -4.387862
G 10.969655 2.193931 -2.193931
I 8.775724 4.387862 -4.387862
T 6.581793 6.581793 -2.193931
Y 4.387862 4.387862 -0.000000
E 6.581793 2.193931 2.193931
G 8.775724 0.000000 -0.000000
R 6.581793 -2.193931 -2.193931


-11.620000	2013010210301	010010110010000110001
14

R 0.000000 0.000000 0.000000
G 2.193931 2.193931 -2.193931
K 4.387862 0.000000 -4.387862
W 6.581793 -2.193931 -2.193931
T 8.775724 -4.387862 -4.387862
Y 10.969655 -2.193931 -6.581793
N 13.163586 0.000000 -4.387862
G 10.969655 2.193931 -2.193931
I 8.775724 0.000000 -0.000000
T 6.581793 2.193931 2.193931
Y 4.387862 4.387862 -0.000000
E 6.581793 6.581793 -2.193931
G 8.775724 4.387862 -4.387862
R 6.581793 2.193931 -6.581793


-11.620000	3021020320101	110001100001001101000
14

R 0.000000 0.000000 0.000000
G 2.193931 2.193931 -2.193931
K 4.387862 0.000000 -4.387862
W 6.581793 2.193931 -6.581793
T 8.775724 0.000000 -8.775724
Y 6.581793 -2.193931 -10.969655
N 4.387862 0.000000 -13.163586
G 2.193931 2.193931 -10.969655
I 4.387862 4.387862 -8.775724
T 2.193931 6.581793 -6.581793
Y 0.000000 4.387862 -4.387862
E -2.193931 2.193931 -6.581793
G 0.000000 0.000000 -8.775724
R 2.193931 -2.193931 -6.581793


-11.600000	3020310302301	110001001110001100011
14

R 0.000000 0.000000 0.000000
G 2.193931 2.193931 -2.193931
K 4.387862 0.000000 -4.387862
W 6.581793 -2.193931 -2.193931
T 8.775724 0.000000 0.000000
Y 6.581793 2.193931 2.193931
N 4.387862 4.387862 0.000000
G 2.193931 6.581793 2.193931
I 0.000000 4.387862 4.387862
T 2.193931 2.193931 6.581793
Y 4.387862 0.000000 4.387862
E 2.193931 -2.193931 2.193931
G 4.387862 -4.387862 0.000000
R 6.581793 -6.581793 2.193931


-11.600000	2020310302301	010001001110001100011
14

R 0.000000 0.000000 0.000000
G 2.193931 2.193931 -2.193931
K 4.387862 0.000000 -4.387862
W 6.581793 -2.193931 -2.193931
T 8.775724 0.000000 0.000000
Y 6.581793 2.193931 2.193931
N 4.387862 4.387862 0.000000
G 2.193931 6.581793 2.193931
I 0.000000 4.387862 4.387862
T 2.193931 2.193931 6.581793
Y 4.387862 0.000000 4.387862
E 2.193931 -2.193931 2.193931
G 4.387862 -4.387862 0.000000
R 2.193931 -6.581793 -2.193931


-11.590000	2021310312301	010001101110001110011
14

R 0.000000 0.000000 0.000000
G 2.193931 2.193931 -2.193931
K 4.387862 0.000000 -4.387862
W 6.581793 -2.193931 -2.193931
T 8.775724 0.000000 0.000000
Y 10.969655 2.193931 -2.193931
N 8.775724 4.387862 -4.387862
G 6.581793 6.581793 -2.193931
I 4.387862 4.387862 0.000000
T 6.581793 2.193931 2.193931
Y 4.387862 0.000000 4.387862
E 2.193931 -2.193931 2.193931
G 4.387862 -4.387862 0.000000
R 2.193931 -6.581793 -2.193931


-11.590000	3021310312301	110001101110001110011
14

R 0.000000 0.000000 0.000000
G 2.193931 2.193931 -2.193931
K 4.387862 0.000000 -4.387862
W 6.581793 -2.193931 -2.193931
T 8.775724 0.000000 0.000000
Y 10.969655 2.193931 -2.193931
N 8.775724 4.387862 -4.387862
G 6.581793 6.581793 -2.193931
I 4.387862 4.387862 0.000000
T 6.581793 2.193931 2.193931
Y 4.387862 0.000000 4.387862
E 2.193931 -2.193931 2.193931
G 4.387862 -4.387862 0.000000
R 6.581793 -6.581793 2.193931


-11.570000	1303103201301	101100111000110100101
14

R 0.000000 0.000000 0.000000
G 2.193931 2.193931 -2.193931
K 4.387862 0.000000 -4.387862
W 6.581793 -2.193931 -2.193931
T 4.387862 -4.387862 0.000000
Y 2.193931 -2.193931 2.193931
N 4.387862 0.000000 4.387862
G 6.581793 -2.193931 6.581793
I 8.775724 -4.387862 4.387862
T 10.969655 -2.193931 2.193931
Y 8.775724 0.000000 0.000000
E 6.581793 2.193931 2.193931
G 4.387862 4.387862 0.000000
R 6.581793 6.581793 -2.193931


-11.570000	0303103201301	001100111000110100101
14

R 0.000000 0.000000 0.000000
G 2.193931 2.193931 -2.193931
K 4.387862 0.000000 -4.387862
W 6.581793 -2.193931 -2.193931
T 4.387862 -4.387862 0.000000
Y 2.193931 -2.193931 2.193931
N 4.387862 0.000000 4.387862
G 6.581793 -2.193931 6.581793
I 8.775724 -4.387862 4.387862
T 10.969655 -2.193931 2.193931
Y 8.775724 0.000000 0.000000
E 6.581793 2.193931 2.193931
G 4.387862 4.387862 0.000000
R 2.193931 6.581793 2.193931


-11.470000	3021010210301	110001100010000110001
14

R 0.000000 0.000000 0.000000
G 2.193931 2.193931 -2.193931
K 4.387862 0.000000 -4.387862
W 6.581793 -2.193931 -2.193931
T 8.775724 -4.387862 -4.387862
Y 10.969655 -2.193931 -6.581793
N 13.163586 0.000000 -4.387862
G 10.969655 2.193931 -2.193931
I 8.775724 0.000000 -0.000000
T 6.581793 2.193931 2.193931
Y 4.387862 0.000000 4.387862
E 2.193931 -2.193931 2.193931
G 4.387862 -4.387862 -0.000000
R 6.581793 -6.581793 2.193931


-11.470000	3021030230301	110001100011000111001
14

R 0.000000 0.000000 0.000000
G 2.193931 2.193931 -2.193931
K 4.387862 0.000000 -4.387862
W 6.581793 -2.193931 -2.193931
T 8.775724 -4.387862 -4.387862
Y 10.969655 -6.581793 -2.193931
N 13.163586 -4.387862 0.000000
G 10.969655 -2.193931 2.193931
I 8.775724 -0.000000 0.000000
T 6.581793 2.193931 2.193931
Y 4.387862 -0.000000 4.387862
E 2.193931 -2.193931 2.193931
G 4.387862 -4.387862 0.000000
R 6.581793 -6.581793 2.193931


-11.470000	2021030230301	010001100011000111001
14

R 0.000000 0.000000 0.000000
G 2.193931 2.193931 -2.193931
K 4.387862 0.000000 -4.387862
W 6.581793 -2.193931 -2.193931
T 8.775724 -4.387862 -4.387862
Y 10.969655 -6.581793 -2.193931
N 13.163586 -4.387862 0.000000
G 10.969655 -2.193931 2.193931
I 8.775724 -0.000000 0.000000
T 6.581793 2.193931 2.193931
Y 4.387862 -0.000000 4.387862
E 2.193931 -2.193931 2.193931
G 4.387862 -4.387862 0.000000
R 2.193931 -6.581793 -2.193931


-11.470000	2021010210301	010001100010000110001
14

R 0.000000 0.000000 0.000000
G 2.193931 2.193931 -2.193931
K 4.387862 0.000000 -4.387862
W 6.581793 -2.193931 -2.193931
T 8.775724 -4.387862 -4.387862
Y 10.969655 -2.193931 -6.581793
N 13.163586 0.000000 -4.387862
G 10.969655 2.193931 -2.193931
I 8.775724 0.000000 -0.000000
T 6.581793 2.193931 2.193931
Y 4.387862 0.000000 4.387862
E 2.193931 -2.193931 2.193931
G 4.387862 -4.387862 -0.000000
R 2.193931 -6.581793 -2.193931


-11.390000	0210230102101	000110000111001000010
14

R 0.000000 0.000000 0.000000
G 2.193931 2.193931 -2.193931
K 4.387862 0.000000 -4.387862
W 6.581793 2.193931 -6.581793
T 8.775724 4.387862 -4.387862
Y 6.581793 6.581793 -2.193931
N 4.387862 4.387862 -0.000000
G 2.193931 6.581793 2.193931
I 0.000000 8.775724 -0.000000
T -2.193931 6.581793 -2.193931
Y 0.000000 4.387862 -4.387862
E 2.193931 6.581793 -6.581793
G 4.387862 8.775724 -4.387862
R 2.193931 10.969655 -2.193931


-11.390000	0310320103101	001110001101001000110
14

R 0.000000 0.000000 0.000000
G 2.193931 2.193931 -2.193931
K 4.387862 0.000000 -4.387862
W 6.581793 2.193931 -6.581793
T 4.387862 4.387862 -8.775724
Y 2.193931 6.581793 -6.581793
N 0.000000 4.387862 -4.387862
G -2.193931 6.581793 -2.193931
I 0.000000 8.775724 -0.000000
T 2.193931 6.581793 2.193931
Y 4.387862 4.387862 -0.000000
E 6.581793 6.581793 -2.193931
G 4.387862 8.775724 -4.387862
R 2.193931 10.969655 -2.193931


-11.310000	1021030130301	100001100011001011001
14

R 0.000000 0.000000 0.000000
G 2.193931 2.193931 -2.193931
K 4.387862 0.000000 -4.387862
W 6.581793 -2.193931 -2.193931
T 8.775724 -4.387862 -4.387862
Y 10.969655 -6.581793 -2.193931
N 8.775724 -8.775724 0.000000
G 6.581793 -6.581793 2.193931
I 4.387862 -4.387862 0.000000
T 2.193931 -2.193931 2.193931
Y 0.000000 -4.387862 4.387862
E -2.193931 -6.581793 2.193931
G 0.000000 -8.775724 0.000000
R 2.193931 -6.581793 -2.193931


-11.310000	1021032132301	100001100011011011011
14

R 0.000000 0.000000 0.000000
G 2.193931 2.193931 -2.193931
K 4.387862 0.000000 -4.387862
W 6.581793 -2.193931 -2.193931
T 8.775724 0.000000 0.000000
Y 10.969655 -2.193931 2.193931
N 8.775724 -4.387862 4.387862
G 6.581793 -6.581793 2.193931
I 4.387862 -4.387862 0.000000
T 2.193931 -2.193931 2.193931
Y 0.000000 -4.387862 4.387862
E -2.193931 -6.581793 2.193931
G 0.000000 -8.775724 0.000000
R 2.193931 -6.581793 -2.193931


-11.310000	2032020120301	010011010001001001001
14

R 0.000000 0.000000 0.000000
G 2.193931 2.193931 -2.193931
K 4.387862 0.000000 -4.387862
W 6.581793 -2.193931 -2.193931
T 8.775724 -4.387862 -4.387862
Y 6.581793 -6.581793 -6.581793
N 4.387862 -8.775724 -4.387862
G 2.193931 -6.581793 -2.193931
I 4.387862 -4.387862 -0.000000
T 2.193931 -2.193931 2.193931
Y 4.387862 -0.000000 4.387862
E 6.581793 -2.193931 6.581793
G 8.775724 -4.387862 4.387862
R 6.581793 -6.581793 2.193931


-11.310000	1031020120301	100011100001001001001
14

R 0.000000 0.000000 0.000000
G 2.193931 2.193931 -2.193931
K 4.387862 0.000000 -4.387862
W 6.581793 -2.193931 -2.193931
T 8.775724 -4.387862 -4.387862
Y 6.581793 -6.581793 -6.581793
N 4.387862 -8.775724 -4.387862
G 2.193931 -6.581793 -2.193931
I 4.387862 -4.387862 -0.000000
T 2.193931 -2.193931 2.193931
Y 0.000000 -4.387862 4.387862
E 2.193931 -6.581793 6.581793
G 4.387862 -8.775724 4.387862
R 6.581793 -6.581793 2.193931


-11.210000	1031020310301	100011100001001110001
14

R 0.000000 0.000000 0.000000
G 2.193931 2.193931 -2.193931
K 4.387862 0.000000 -4.387862
W 6.581793 -2.193931 -2.193931
T 8.775724 -4.387862 -4.387862
Y 10.969655 -2.193931 -6.581793
N 8.775724 0.000000 -8.775724
G 6.581793 2.193931 -6.581793
I 8.775724 4.387862 -4.387862
T 6.581793 6.581793 -2.193931
Y 4.387862 4.387862 -0.000000
E 6.581793 2.193931 2.193931
G 8.775724 0.000000 -0.000000
R 10.969655 2.193931 -2.193931


-11.210000	3013020130101	110010110001001011000
14

R 0.000000 0.000000 0.000000
G 2.193931 2.193931 -2.193931
K 4.387862 0.000000 -4.387862
W 6.581793 2.193931 -6.581793
T 8.775724 0.000000 -8.775724
Y 10.969655 -2.193931 -6.581793
N 8.775724 -4.387862 -4.387862
G 6.581793 -2.193931 -2.193931
I 8.775724 0.000000 -0.000000
T 6.581793 2.193931 2.193931
Y 4.387862 4.387862 -0.000000
E 6.581793 6.581793 -2.193931
G 8.775724 4.387862 -4.387862
R 10.969655 2.193931 -2.193931


