-52.540000	0362640
8

G 0.000000 0.000000 0.000000
C 2.687006 2.687006 0.000000
V 5.374012 2.687006 2.687006
L 2.687006 0.000000 2.687006
Y 2.687006 2.687006 5.374012
P 0.000000 0.000000 5.374012
W 0.000000 2.687006 2.687006
C 2.687006 5.374012 2.687006


-52.500000	12737a0
8

G 0.000000 0.000000 0.000000
C 2.687006 2.687006 0.000000
V 0.000000 2.687006 -2.687006
L 2.687006 0.000000 -2.687006
Y 2.687006 2.687006 -5.374012
P 5.374012 0.000000 -5.374012
W 5.374012 2.687006 -2.687006
C 2.687006 5.374012 -2.687006


-52.270000	21807a0
8

G 0.000000 0.000000 0.000000
C 2.687006 2.687006 0.000000
V 0.000000 2.687006 -2.687006
L 2.687006 0.000000 -2.687006
Y 5.374012 2.687006 -2.687006
P 5.374012 0.000000 -5.374012
W 2.687006 2.687006 -5.374012
C 2.687006 5.374012 -2.687006


-51.900000	3091640
8

G 0.000000 0.000000 0.000000
C 2.687006 2.687006 0.000000
V 5.374012 2.687006 2.687006
L 2.687006 0.000000 2.687006
Y 0.000000 2.687006 2.687006
P 0.000000 0.000000 5.374012
W 2.687006 2.687006 5.374012
C 2.687006 5.374012 2.687006


-51.540000	7819140
8

G 0.000000 0.000000 0.000000
C 2.687006 2.687006 0.000000
V 5.374012 2.687006 2.687006
L 2.687006 5.374012 2.687006
Y 2.687006 2.687006 5.374012
P 0.000000 5.374012 5.374012
W 0.000000 2.687006 2.687006
C 2.687006 0.000000 2.687006


-51.540000	78b3b40
8

G 0.000000 0.000000 0.000000
C 2.687006 2.687006 0.000000
V 5.374012 2.687006 2.687006
L 2.687006 2.687006 5.374012
Y 2.687006 5.374012 2.687006
P 0.000000 5.374012 5.374012
W 0.000000 2.687006 2.687006
C 2.687006 0.000000 2.687006


-51.530000	74137a0
8

G 0.000000 0.000000 0.000000
C 2.687006 2.687006 0.000000
V 0.000000 2.687006 -2.687006
L 2.687006 0.000000 -2.687006
Y 2.687006 2.687006 -5.374012
P 0.000000 5.374012 -5.374012
W 2.687006 5.374012 -2.687006
C 5.374012 2.687006 -2.687006


-51.500000	69080a0
8

G 0.000000 0.000000 0.000000
C 2.687006 2.687006 0.000000
V 0.000000 2.687006 -2.687006
L 2.687006 5.374012 -2.687006
Y 2.687006 2.687006 -5.374012
P 5.374012 5.374012 -5.374012
W 5.374012 2.687006 -2.687006
C 2.687006 0.000000 -2.687006


-51.500000	69525a0
8

G 0.000000 0.000000 0.000000
C 2.687006 2.687006 0.000000
V 0.000000 2.687006 -2.687006
L 2.687006 2.687006 -5.374012
Y 2.687006 5.374012 -2.687006
P 5.374012 5.374012 -5.374012
W 5.374012 2.687006 -2.687006
C 2.687006 0.000000 -2.687006


-51.480000	07262a0
8

G 0.000000 0.000000 0.000000
C 2.687006 2.687006 0.000000
V 0.000000 2.687006 -2.687006
L 0.000000 5.374012 0.000000
Y -2.687006 2.687006 0.000000
P -2.687006 5.374012 2.687006
W 0.000000 2.687006 2.687006
C 2.687006 5.374012 2.687006


-51.410000	0812640
8

G 0.000000 0.000000 0.000000
C 2.687006 2.687006 0.000000
V 5.374012 2.687006 2.687006
L 2.687006 0.000000 2.687006
Y 2.687006 2.687006 5.374012
P 0.000000 5.374012 5.374012
W 0.000000 2.687006 2.687006
C 2.687006 5.374012 2.687006


-51.400000	97237a0
8

G 0.000000 0.000000 0.000000
C 2.687006 2.687006 0.000000
V 0.000000 2.687006 -2.687006
L 2.687006 0.000000 -2.687006
Y 2.687006 2.687006 -5.374012
P 2.687006 5.374012 -2.687006
W 5.374012 2.687006 -2.687006
C 5.374012 0.000000 0.000000


-51.390000	03b8b40
8

G 0.000000 0.000000 0.000000
C 2.687006 2.687006 0.000000
V 5.374012 2.687006 2.687006
L 2.687006 2.687006 5.374012
Y 2.687006 0.000000 2.687006
P 0.000000 0.000000 5.374012
W 0.000000 2.687006 2.687006
C 2.687006 5.374012 2.687006


-51.370000	19037a0
8

G 0.000000 0.000000 0.000000
C 2.687006 2.687006 0.000000
V 0.000000 2.687006 -2.687006
L 2.687006 0.000000 -2.687006
Y 2.687006 2.687006 -5.374012
P 5.374012 5.374012 -5.374012
W 5.374012 2.687006 -2.687006
C 2.687006 5.374012 -2.687006


-51.350000	12595a0
8

G 0.000000 0.000000 0.000000
C 2.687006 2.687006 0.000000
V 0.000000 2.687006 -2.687006
L 2.687006 2.687006 -5.374012
Y 2.687006 0.000000 -2.687006
P 5.374012 0.000000 -5.374012
W 5.374012 2.687006 -2.687006
C 2.687006 5.374012 -2.687006


-51.310000	6a02640
8

G 0.000000 0.000000 0.000000
C 2.687006 2.687006 0.000000
V 5.374012 2.687006 2.687006
L 2.687006 0.000000 2.687006
Y 2.687006 2.687006 5.374012
P 5.374012 5.374012 5.374012
W 2.687006 5.374012 2.687006
C 0.000000 2.687006 2.687006


-51.280000	7b037a0
8

G 0.000000 0.000000 0.000000
C 2.687006 2.687006 0.000000
V 0.000000 2.687006 -2.687006
L 2.687006 0.000000 -2.687006
Y 2.687006 2.687006 -5.374012
P 5.374012 5.374012 -5.374012
W 2.687006 5.374012 -2.687006
C 5.374012 2.687006 -2.687006


-51.270000	96370a0
8

G 0.000000 0.000000 0.000000
C 2.687006 2.687006 0.000000
V 0.000000 2.687006 -2.687006
L 2.687006 5.374012 -2.687006
Y 5.374012 2.687006 -2.687006
P 5.374012 5.374012 -5.374012
W 2.687006 2.687006 -5.374012
C 2.687006 0.000000 -2.687006


-51.140000	26307a0
8

G 0.000000 0.000000 0.000000
C 2.687006 2.687006 0.000000
V 0.000000 2.687006 -2.687006
L 2.687006 0.000000 -2.687006
Y 5.374012 2.687006 -2.687006
P 5.374012 5.374012 -5.374012
W 2.687006 2.687006 -5.374012
C 2.687006 5.374012 -2.687006


-51.060000	6512640
8

G 0.000000 0.000000 0.000000
C 2.687006 2.687006 0.000000
V 5.374012 2.687006 2.687006
L 2.687006 0.000000 2.687006
Y 2.687006 2.687006 5.374012
P 0.000000 5.374012 5.374012
W 2.687006 5.374012 2.687006
C 0.000000 2.687006 2.687006


-50.900000	8726140
8

G 0.000000 0.000000 0.000000
C 2.687006 2.687006 0.000000
V 5.374012 2.687006 2.687006
L 2.687006 5.374012 2.687006
Y 0.000000 2.687006 2.687006
P 0.000000 5.374012 5.374012
W 2.687006 2.687006 5.374012
C 2.687006 0.000000 2.687006


-50.890000	a348640
8

G 0.000000 0.000000 0.000000
C 2.687006 2.687006 0.000000
V 5.374012 2.687006 2.687006
L 2.687006 0.000000 2.687006
Y 2.687006 -2.687006 0.000000
P 5.374012 -2.687006 2.687006
W 5.374012 0.000000 0.000000
C 2.687006 0.000000 -2.687006


-50.810000	2b7a840
8

G 0.000000 0.000000 0.000000
C 2.687006 2.687006 0.000000
V 5.374012 2.687006 2.687006
L 5.374012 0.000000 0.000000
Y 2.687006 0.000000 -2.687006
P 5.374012 -2.687006 -2.687006
W 2.687006 -2.687006 0.000000
C 2.687006 0.000000 2.687006


-50.790000	04680a0
8

G 0.000000 0.000000 0.000000
C 2.687006 2.687006 0.000000
V 0.000000 2.687006 -2.687006
L 2.687006 5.374012 -2.687006
Y 2.687006 2.687006 -5.374012
P 0.000000 0.000000 -5.374012
W 2.687006 0.000000 -2.687006
C 5.374012 2.687006 -2.687006


-50.770000	3721640
8

G 0.000000 0.000000 0.000000
C 2.687006 2.687006 0.000000
V 5.374012 2.687006 2.687006
L 2.687006 0.000000 2.687006
Y 0.000000 2.687006 2.687006
P 0.000000 5.374012 5.374012
W 2.687006 2.687006 5.374012
C 2.687006 5.374012 2.687006


-50.770000	38192a0
8

G 0.000000 0.000000 0.000000
C 2.687006 2.687006 0.000000
V 0.000000 2.687006 -2.687006
L 0.000000 5.374012 0.000000
Y 0.000000 2.687006 2.687006
P -2.687006 5.374012 2.687006
W -2.687006 2.687006 0.000000
C -2.687006 5.374012 -2.687006


-50.690000	68107a0
8

G 0.000000 0.000000 0.000000
C 2.687006 2.687006 0.000000
V 0.000000 2.687006 -2.687006
L 2.687006 0.000000 -2.687006
Y 5.374012 2.687006 -2.687006
P 2.687006 5.374012 -2.687006
W 2.687006 2.687006 -5.374012
C 0.000000 0.000000 -5.374012


-50.630000	a514ba0
8

G 0.000000 0.000000 0.000000
C 2.687006 2.687006 0.000000
V 0.000000 2.687006 -2.687006
L -2.687006 2.687006 0.000000
Y 0.000000 2.687006 2.687006
P -2.687006 5.374012 2.687006
W 0.000000 5.374012 0.000000
C -2.687006 5.374012 -2.687006


-50.570000	1a79140
8

G 0.000000 0.000000 0.000000
C 2.687006 2.687006 0.000000
V 5.374012 2.687006 2.687006
L 2.687006 5.374012 2.687006
Y 2.687006 2.687006 5.374012
P 5.374012 0.000000 5.374012
W 2.687006 0.000000 2.687006
C 0.000000 2.687006 2.687006


-50.540000	0b780a0
8

G 0.000000 0.000000 0.000000
C 2.687006 2.687006 0.000000
V 0.000000 2.687006 -2.687006
L 2.687006 5.374012 -2.687006
Y 2.687006 2.687006 -5.374012
P 5.374012 0.000000 -5.374012
W 2.687006 0.000000 -2.687006
C 5.374012 2.687006 -2.687006


-50.470000	3a7b840
8

G 0.000000 0.000000 0.000000
C 2.687006 2.687006 0.000000
V 5.374012 2.687006 2.687006
L 5.374012 0.000000 0.000000
Y 2.687006 0.000000 2.687006
P 5.374012 -2.687006 2.687006
W 2.687006 -2.687006 0.000000
C 2.687006 0.000000 -2.687006


-50.450000	b1437a0
8

G 0.000000 0.000000 0.000000
C 2.687006 2.687006 0.000000
V 0.000000 2.687006 -2.687006
L 2.687006 0.000000 -2.687006
Y 2.687006 2.687006 -5.374012
P 5.374012 2.687006 -2.687006
W 2.687006 5.374012 -2.687006
C 0.000000 5.374012 0.000000


-50.410000	7369140
8

G 0.000000 0.000000 0.000000
C 2.687006 2.687006 0.000000
V 5.374012 2.687006 2.687006
L 2.687006 5.374012 2.687006
Y 2.687006 2.687006 5.374012
P 0.000000 0.000000 5.374012
W 0.000000 2.687006 2.687006
C 2.687006 0.000000 2.687006


-50.410000	79a3b40
8

G 0.000000 0.000000 0.000000
C 2.687006 2.687006 0.000000
V 5.374012 2.687006 2.687006
L 2.687006 2.687006 5.374012
Y 2.687006 5.374012 2.687006
P 0.000000 5.374012 0.000000
W 0.000000 2.687006 2.687006
C 2.687006 0.000000 2.687006


-50.370000	68425a0
8

G 0.000000 0.000000 0.000000
C 2.687006 2.687006 0.000000
V 0.000000 2.687006 -2.687006
L 2.687006 2.687006 -5.374012
Y 2.687006 5.374012 -2.687006
P 5.374012 5.374012 0.000000
W 5.374012 2.687006 -2.687006
C 2.687006 0.000000 -2.687006


-50.370000	62780a0
8

G 0.000000 0.000000 0.000000
C 2.687006 2.687006 0.000000
V 0.000000 2.687006 -2.687006
L 2.687006 5.374012 -2.687006
Y 2.687006 2.687006 -5.374012
P 5.374012 0.000000 -5.374012
W 5.374012 2.687006 -2.687006
C 2.687006 0.000000 -2.687006


-50.340000	8b307a0
8

G 0.000000 0.000000 0.000000
C 2.687006 2.687006 0.000000
V 0.000000 2.687006 -2.687006
L 2.687006 0.000000 -2.687006
Y 5.374012 2.687006 -2.687006
P 5.374012 5.374012 -5.374012
W 2.687006 5.374012 -2.687006
C 2.687006 2.687006 -5.374012


-50.340000	8a207a0
8

G 0.000000 0.000000 0.000000
C 2.687006 2.687006 0.000000
V 0.000000 2.687006 -2.687006
L 2.687006 0.000000 -2.687006
Y 5.374012 2.687006 -2.687006
P 5.374012 5.374012 0.000000
W 2.687006 5.374012 -2.687006
C 2.687006 2.687006 -5.374012


-50.330000	2a07810
8

G 0.000000 0.000000 0.000000
C 2.687006 2.687006 0.000000
V 0.000000 5.374012 0.000000
L 0.000000 2.687006 -2.687006
Y 2.687006 0.000000 -2.687006
P 5.374012 2.687006 -2.687006
W 2.687006 2.687006 -5.374012
C 2.687006 5.374012 -2.687006


-50.330000	3b07910
8

G 0.000000 0.000000 0.000000
C 2.687006 2.687006 0.000000
V 0.000000 5.374012 0.000000
L 0.000000 2.687006 2.687006
Y 2.687006 0.000000 2.687006
P 5.374012 2.687006 2.687006
W 2.687006 2.687006 5.374012
C 2.687006 5.374012 2.687006


-50.320000	1569140
8

G 0.000000 0.000000 0.000000
C 2.687006 2.687006 0.000000
V 5.374012 2.687006 2.687006
L 2.687006 5.374012 2.687006
Y 2.687006 2.687006 5.374012
P 0.000000 0.000000 5.374012
W 2.687006 0.000000 2.687006
C 0.000000 2.687006 2.687006


-50.320000	7901640
8

G 0.000000 0.000000 0.000000
C 2.687006 2.687006 0.000000
V 5.374012 2.687006 2.687006
L 2.687006 0.000000 2.687006
Y 0.000000 2.687006 2.687006
P 2.687006 5.374012 2.687006
W 2.687006 2.687006 5.374012
C 5.374012 0.000000 5.374012


-50.300000	7327910
8

G 0.000000 0.000000 0.000000
C 2.687006 2.687006 0.000000
V 0.000000 5.374012 0.000000
L 0.000000 2.687006 2.687006
Y 2.687006 0.000000 2.687006
P 2.687006 2.687006 5.374012
W 2.687006 5.374012 2.687006
C 5.374012 2.687006 2.687006


-50.300000	7237810
8

G 0.000000 0.000000 0.000000
C 2.687006 2.687006 0.000000
V 0.000000 5.374012 0.000000
L 0.000000 2.687006 -2.687006
Y 2.687006 0.000000 -2.687006
P 2.687006 2.687006 -5.374012
W 2.687006 5.374012 -2.687006
C 5.374012 2.687006 -2.687006


-50.270000	1527910
8

G 0.000000 0.000000 0.000000
C 2.687006 2.687006 0.000000
V 0.000000 5.374012 0.000000
L 0.000000 2.687006 2.687006
Y 2.687006 0.000000 2.687006
P 2.687006 2.687006 5.374012
W 5.374012 2.687006 2.687006
C 2.687006 5.374012 2.687006


-50.270000	1437810
8

G 0.000000 0.000000 0.000000
C 2.687006 2.687006 0.000000
V 0.000000 5.374012 0.000000
L 0.000000 2.687006 -2.687006
Y 2.687006 0.000000 -2.687006
P 2.687006 2.687006 -5.374012
W 5.374012 2.687006 -2.687006
C 2.687006 5.374012 -2.687006


-50.240000	b2a07a0
8

G 0.000000 0.000000 0.000000
C 2.687006 2.687006 0.000000
V 0.000000 2.687006 -2.687006
L 2.687006 0.000000 -2.687006
Y 5.374012 2.687006 -2.687006
P 2.687006 2.687006 -5.374012
W 2.687006 5.374012 -2.687006
C 0.000000 5.374012 0.000000


-50.240000	5514ba0
8

G 0.000000 0.000000 0.000000
C 2.687006 2.687006 0.000000
V 0.000000 2.687006 -2.687006
L -2.687006 2.687006 0.000000
Y 0.000000 2.687006 2.687006
P -2.687006 5.374012 2.687006
W 0.000000 5.374012 0.000000
C 2.687006 5.374012 -2.687006


-50.220000	13495a0
8

G 0.000000 0.000000 0.000000
C 2.687006 2.687006 0.000000
V 0.000000 2.687006 -2.687006
L 2.687006 2.687006 -5.374012
Y 2.687006 0.000000 -2.687006
P 5.374012 0.000000 0.000000
W 5.374012 2.687006 -2.687006
C 2.687006 5.374012 -2.687006


-50.160000	9632640
8

G 0.000000 0.000000 0.000000
C 2.687006 2.687006 0.000000
V 5.374012 2.687006 2.687006
L 2.687006 0.000000 2.687006
Y 2.687006 2.687006 5.374012
P 2.687006 5.374012 2.687006
W 0.000000 2.687006 2.687006
C 0.000000 0.000000 5.374012


