-124.926952	725414177530
13

I 0.000000 0.000000 0.000000
F 2.193931 2.193931 -2.193931
G 0.000000 0.000000 -4.387862
A -2.193931 2.193931 -2.193931
I 0.000000 4.387862 0.000000
A 2.193931 6.581793 2.193931
G 4.387862 4.387862 0.000000
F 2.193931 2.193931 2.193931
I 4.387862 0.000000 0.000000
K 2.193931 -2.193931 2.193931
N 0.000000 0.000000 4.387862
I -2.193931 2.193931 2.193931
W 0.000000 4.387862 4.387862


-124.926952	716424277630
13

I 0.000000 0.000000 0.000000
F 2.193931 2.193931 -2.193931
G 0.000000 0.000000 -4.387862
A 2.193931 -2.193931 -2.193931
I 4.387862 0.000000 0.000000
A 6.581793 2.193931 2.193931
G 4.387862 4.387862 0.000000
F 2.193931 2.193931 2.193931
I 0.000000 4.387862 0.000000
K -2.193931 2.193931 2.193931
N 0.000000 0.000000 4.387862
I 2.193931 -2.193931 2.193931
W 4.387862 0.000000 4.387862


-124.926952	716424277410
13

I 0.000000 0.000000 0.000000
F 2.193931 2.193931 -2.193931
G 4.387862 0.000000 -4.387862
A 2.193931 -2.193931 -2.193931
I 4.387862 0.000000 0.000000
A 6.581793 2.193931 2.193931
G 4.387862 4.387862 0.000000
F 2.193931 2.193931 2.193931
I 0.000000 4.387862 0.000000
K -2.193931 2.193931 2.193931
N 0.000000 0.000000 4.387862
I 2.193931 -2.193931 2.193931
W 4.387862 0.000000 4.387862


-124.926952	120671455030
13

I 0.000000 0.000000 0.000000
F 2.193931 2.193931 -2.193931
G 0.000000 0.000000 -4.387862
A 2.193931 2.193931 -6.581793
I 0.000000 4.387862 -4.387862
A -2.193931 6.581793 -2.193931
G -4.387862 4.387862 -0.000000
F -2.193931 2.193931 -2.193931
I 0.000000 4.387862 -0.000000
K 2.193931 2.193931 2.193931
N 4.387862 4.387862 -0.000000
I 2.193931 6.581793 -2.193931
W 4.387862 4.387862 -4.387862


-124.926952	120676355030
13

I 0.000000 0.000000 0.000000
F 2.193931 2.193931 -2.193931
G 0.000000 0.000000 -4.387862
A 2.193931 2.193931 -6.581793
I 0.000000 4.387862 -4.387862
A -2.193931 6.581793 -2.193931
G -4.387862 4.387862 -4.387862
F -2.193931 2.193931 -2.193931
I 0.000000 4.387862 -0.000000
K 2.193931 2.193931 2.193931
N 4.387862 4.387862 -0.000000
I 2.193931 6.581793 -2.193931
W 4.387862 4.387862 -4.387862


-124.926952	213474722410
13

I 0.000000 0.000000 0.000000
F 2.193931 2.193931 -2.193931
G 4.387862 0.000000 -4.387862
A 2.193931 -2.193931 -2.193931
I 0.000000 0.000000 -4.387862
A -2.193931 2.193931 -6.581793
G 0.000000 4.387862 -4.387862
F -2.193931 2.193931 -2.193931
I 0.000000 4.387862 -0.000000
K -2.193931 2.193931 2.193931
N -4.387862 0.000000 -0.000000
I -2.193931 -2.193931 -2.193931
W -4.387862 0.000000 -4.387862


-124.926952	210572466030
13

I 0.000000 0.000000 0.000000
F 2.193931 2.193931 -2.193931
G 0.000000 0.000000 -4.387862
A 2.193931 2.193931 -6.581793
I 4.387862 0.000000 -4.387862
A 6.581793 -2.193931 -2.193931
G 4.387862 -4.387862 -0.000000
F 2.193931 -2.193931 -2.193931
I 4.387862 0.000000 -0.000000
K 2.193931 2.193931 2.193931
N 4.387862 4.387862 -0.000000
I 6.581793 2.193931 -2.193931
W 4.387862 4.387862 -4.387862


-124.926952	210575366030
13

I 0.000000 0.000000 0.000000
F 2.193931 2.193931 -2.193931
G 0.000000 0.000000 -4.387862
A 2.193931 2.193931 -6.581793
I 4.387862 0.000000 -4.387862
A 6.581793 -2.193931 -2.193931
G 4.387862 -4.387862 -4.387862
F 2.193931 -2.193931 -2.193931
I 4.387862 0.000000 -0.000000
K 2.193931 2.193931 2.193931
N 4.387862 4.387862 -0.000000
I 6.581793 2.193931 -2.193931
W 4.387862 4.387862 -4.387862


-124.926952	502413655300
13

I 0.000000 0.000000 0.000000
F 2.193931 2.193931 -2.193931
G 4.387862 4.387862 -4.387862
A 2.193931 2.193931 -6.581793
I 0.000000 4.387862 -4.387862
A -2.193931 6.581793 -2.193931
G 0.000000 4.387862 -0.000000
F -2.193931 2.193931 -2.193931
I 0.000000 0.000000 -4.387862
K -2.193931 -2.193931 -2.193931
N -4.387862 0.000000 -4.387862
I -2.193931 2.193931 -6.581793
W -4.387862 4.387862 -4.387862


-124.926952	502413655210
13

I 0.000000 0.000000 0.000000
F 2.193931 2.193931 -2.193931
G 4.387862 0.000000 -4.387862
A 2.193931 2.193931 -6.581793
I 0.000000 4.387862 -4.387862
A -2.193931 6.581793 -2.193931
G 0.000000 4.387862 -0.000000
F -2.193931 2.193931 -2.193931
I 0.000000 0.000000 -4.387862
K -2.193931 -2.193931 -2.193931
N -4.387862 0.000000 -4.387862
I -2.193931 2.193931 -6.581793
W -4.387862 4.387862 -4.387862


-124.926952	032577144210
13

I 0.000000 0.000000 0.000000
F 2.193931 2.193931 -2.193931
G 4.387862 0.000000 -4.387862
A 2.193931 2.193931 -6.581793
I 0.000000 0.000000 -4.387862
A -2.193931 -2.193931 -2.193931
G 0.000000 -4.387862 -4.387862
F 2.193931 -2.193931 -2.193931
I 4.387862 0.000000 -0.000000
K 2.193931 2.193931 2.193931
N 0.000000 4.387862 -0.000000
I -2.193931 2.193931 -2.193931
W 0.000000 4.387862 -4.387862


-124.926952	507416355710
13

I 0.000000 0.000000 0.000000
F 2.193931 2.193931 -2.193931
G 4.387862 0.000000 -4.387862
A 6.581793 2.193931 -2.193931
I 4.387862 4.387862 0.000000
A 2.193931 6.581793 2.193931
G 0.000000 4.387862 0.000000
F 2.193931 2.193931 2.193931
I 4.387862 0.000000 0.000000
K 2.193931 -2.193931 2.193931
N 4.387862 0.000000 4.387862
I 6.581793 2.193931 2.193931
W 4.387862 4.387862 4.387862


-124.926952	507416355600
13

I 0.000000 0.000000 0.000000
F 2.193931 2.193931 -2.193931
G 4.387862 4.387862 -4.387862
A 6.581793 2.193931 -2.193931
I 4.387862 4.387862 0.000000
A 2.193931 6.581793 2.193931
G 0.000000 4.387862 0.000000
F 2.193931 2.193931 2.193931
I 4.387862 0.000000 0.000000
K 2.193931 -2.193931 2.193931
N 4.387862 0.000000 4.387862
I 6.581793 2.193931 2.193931
W 4.387862 4.387862 4.387862


-124.926952	601423566300
13

I 0.000000 0.000000 0.000000
F 2.193931 2.193931 -2.193931
G 4.387862 4.387862 -4.387862
A 2.193931 2.193931 -6.581793
I 4.387862 0.000000 -4.387862
A 6.581793 -2.193931 -2.193931
G 4.387862 0.000000 -0.000000
F 2.193931 -2.193931 -2.193931
I 0.000000 0.000000 -4.387862
K -2.193931 -2.193931 -2.193931
N 0.000000 -4.387862 -4.387862
I 2.193931 -2.193931 -6.581793
W 4.387862 -4.387862 -4.387862


-124.926952	607425366500
13

I 0.000000 0.000000 0.000000
F 2.193931 2.193931 -2.193931
G 4.387862 4.387862 -4.387862
A 2.193931 6.581793 -2.193931
I 4.387862 4.387862 0.000000
A 6.581793 2.193931 2.193931
G 4.387862 0.000000 0.000000
F 2.193931 2.193931 2.193931
I 0.000000 4.387862 0.000000
K -2.193931 2.193931 2.193931
N 0.000000 4.387862 4.387862
I 2.193931 6.581793 2.193931
W 4.387862 4.387862 4.387862


-124.926952	067522144710
13

I 0.000000 0.000000 0.000000
F 2.193931 2.193931 -2.193931
G 4.387862 0.000000 -4.387862
A 6.581793 2.193931 -2.193931
I 4.387862 0.000000 0.000000
A 2.193931 -2.193931 2.193931
G 4.387862 -4.387862 0.000000
F 2.193931 -2.193931 -2.193931
I 0.000000 0.000000 -4.387862
K -2.193931 2.193931 -2.193931
N 0.000000 4.387862 0.000000
I 2.193931 2.193931 2.193931
W 4.387862 4.387862 0.000000


-124.926952	302475633500
13

I 0.000000 0.000000 0.000000
F 2.193931 2.193931 -2.193931
G 4.387862 4.387862 -4.387862
A 2.193931 6.581793 -2.193931
I 0.000000 4.387862 -4.387862
A -2.193931 2.193931 -6.581793
G 0.000000 0.000000 -4.387862
F -2.193931 2.193931 -2.193931
I 0.000000 4.387862 -0.000000
K -2.193931 2.193931 2.193931
N -4.387862 4.387862 -0.000000
I -2.193931 6.581793 -2.193931
W -4.387862 4.387862 -4.387862


-124.926952	301476533600
13

I 0.000000 0.000000 0.000000
F 2.193931 2.193931 -2.193931
G 4.387862 4.387862 -4.387862
A 6.581793 2.193931 -2.193931
I 4.387862 0.000000 -4.387862
A 2.193931 -2.193931 -6.581793
G 0.000000 0.000000 -4.387862
F 2.193931 -2.193931 -2.193931
I 4.387862 0.000000 -0.000000
K 2.193931 -2.193931 2.193931
N 4.387862 -4.387862 -0.000000
I 6.581793 -2.193931 -2.193931
W 4.387862 -4.387862 -4.387862


-124.926952	032570644210
13

I 0.000000 0.000000 0.000000
F 2.193931 2.193931 -2.193931
G 4.387862 0.000000 -4.387862
A 2.193931 2.193931 -6.581793
I 0.000000 0.000000 -4.387862
A -2.193931 -2.193931 -2.193931
G 0.000000 -4.387862 -0.000000
F 2.193931 -2.193931 -2.193931
I 4.387862 0.000000 -0.000000
K 2.193931 2.193931 2.193931
N 0.000000 4.387862 -0.000000
I -2.193931 2.193931 -2.193931
W 0.000000 4.387862 -4.387862


-124.926952	067520344710
13

I 0.000000 0.000000 0.000000
F 2.193931 2.193931 -2.193931
G 4.387862 0.000000 -4.387862
A 6.581793 2.193931 -2.193931
I 4.387862 0.000000 0.000000
A 2.193931 -2.193931 2.193931
G 0.000000 -4.387862 0.000000
F 2.193931 -2.193931 -2.193931
I 0.000000 0.000000 -4.387862
K -2.193931 2.193931 -2.193931
N 0.000000 4.387862 0.000000
I 2.193931 2.193931 2.193931
W 4.387862 4.387862 0.000000


-124.630349	256320144600
13

I 0.000000 0.000000 0.000000
F 2.193931 2.193931 -2.193931
G 4.387862 4.387862 -4.387862
A 6.581793 2.193931 -2.193931
I 4.387862 0.000000 0.000000
A 2.193931 -2.193931 2.193931
G 4.387862 -4.387862 0.000000
F 6.581793 -2.193931 -2.193931
I 4.387862 0.000000 -4.387862
K 2.193931 -2.193931 -6.581793
N 4.387862 -4.387862 -4.387862
I 2.193931 -2.193931 -2.193931
W 0.000000 0.000000 -4.387862


-124.630349	135610744500
13

I 0.000000 0.000000 0.000000
F 2.193931 2.193931 -2.193931
G 4.387862 4.387862 -4.387862
A 2.193931 6.581793 -2.193931
I 0.000000 4.387862 0.000000
A -2.193931 2.193931 2.193931
G 0.000000 4.387862 4.387862
F 2.193931 6.581793 2.193931
I 4.387862 4.387862 0.000000
K 6.581793 2.193931 2.193931
N 4.387862 4.387862 4.387862
I 2.193931 2.193931 2.193931
W 4.387862 0.000000 0.000000


-124.630349	236520744710
13

I 0.000000 0.000000 0.000000
F 2.193931 2.193931 -2.193931
G 4.387862 0.000000 -4.387862
A 6.581793 2.193931 -2.193931
I 4.387862 0.000000 0.000000
A 2.193931 -2.193931 2.193931
G 4.387862 0.000000 4.387862
F 6.581793 2.193931 2.193931
I 4.387862 4.387862 0.000000
K 2.193931 6.581793 2.193931
N 4.387862 4.387862 4.387862
I 2.193931 2.193931 2.193931
W 0.000000 4.387862 0.000000


-124.630349	236520744600
13

I 0.000000 0.000000 0.000000
F 2.193931 2.193931 -2.193931
G 4.387862 4.387862 -4.387862
A 6.581793 2.193931 -2.193931
I 4.387862 0.000000 0.000000
A 2.193931 -2.193931 2.193931
G 4.387862 0.000000 4.387862
F 6.581793 2.193931 2.193931
I 4.387862 4.387862 0.000000
K 2.193931 6.581793 2.193931
N 4.387862 4.387862 4.387862
I 2.193931 2.193931 2.193931
W 0.000000 4.387862 0.000000


-124.630349	763570244300
13

I 0.000000 0.000000 0.000000
F 2.193931 2.193931 -2.193931
G 4.387862 4.387862 -4.387862
A 2.193931 2.193931 -6.581793
I 0.000000 0.000000 -4.387862
A -2.193931 -2.193931 -2.193931
G -4.387862 0.000000 -4.387862
F -2.193931 2.193931 -6.581793
I 0.000000 4.387862 -4.387862
K -2.193931 6.581793 -2.193931
N -4.387862 4.387862 -4.387862
I -2.193931 2.193931 -2.193931
W 0.000000 4.387862 -0.000000


-124.630349	763570244210
13

I 0.000000 0.000000 0.000000
F 2.193931 2.193931 -2.193931
G 4.387862 0.000000 -4.387862
A 2.193931 2.193931 -6.581793
I 0.000000 0.000000 -4.387862
A -2.193931 -2.193931 -2.193931
G -4.387862 0.000000 -4.387862
F -2.193931 2.193931 -6.581793
I 0.000000 4.387862 -4.387862
K -2.193931 6.581793 -2.193931
N -4.387862 4.387862 -4.387862
I -2.193931 2.193931 -2.193931
W 0.000000 4.387862 -0.000000


-124.630349	753670144300
13

I 0.000000 0.000000 0.000000
F 2.193931 2.193931 -2.193931
G 4.387862 4.387862 -4.387862
A 2.193931 2.193931 -6.581793
I 0.000000 0.000000 -4.387862
A -2.193931 -2.193931 -2.193931
G 0.000000 -4.387862 -4.387862
F 2.193931 -2.193931 -6.581793
I 4.387862 0.000000 -4.387862
K 6.581793 -2.193931 -2.193931
N 4.387862 -4.387862 -4.387862
I 2.193931 -2.193931 -2.193931
W 4.387862 0.000000 -0.000000


-124.630349	165310244500
13

I 0.000000 0.000000 0.000000
F 2.193931 2.193931 -2.193931
G 4.387862 4.387862 -4.387862
A 2.193931 6.581793 -2.193931
I 0.000000 4.387862 0.000000
A -2.193931 2.193931 2.193931
G -4.387862 4.387862 0.000000
F -2.193931 6.581793 -2.193931
I 0.000000 4.387862 -4.387862
K -2.193931 2.193931 -6.581793
N -4.387862 4.387862 -4.387862
I -2.193931 2.193931 -2.193931
W 0.000000 0.000000 -4.387862


-124.452362	057147145310
13

I 0.000000 0.000000 0.000000
F 2.193931 2.193931 -2.193931
G 4.387862 0.000000 -4.387862
A 2.193931 -2.193931 -6.581793
I 0.000000 0.000000 -4.387862
A -2.193931 -2.193931 -2.193931
G 0.000000 -4.387862 -4.387862
F 2.193931 -2.193931 -2.193931
I 0.000000 -4.387862 -0.000000
K 2.193931 -6.581793 -2.193931
N 4.387862 -4.387862 -0.000000
I 2.193931 -2.193931 2.193931
W 4.387862 -0.000000 -0.000000


-124.452362	052142145610
13

I 0.000000 0.000000 0.000000
F 2.193931 2.193931 -2.193931
G 4.387862 0.000000 -4.387862
A 6.581793 -2.193931 -2.193931
I 4.387862 0.000000 0.000000
A 2.193931 -2.193931 2.193931
G 4.387862 -4.387862 0.000000
F 2.193931 -2.193931 -2.193931
I 0.000000 -4.387862 0.000000
K 2.193931 -6.581793 -2.193931
N 0.000000 -4.387862 -4.387862
I -2.193931 -2.193931 -2.193931
W 0.000000 -0.000000 -4.387862


-124.372362	146074502410
13

I 0.000000 0.000000 0.000000
F 2.193931 2.193931 -2.193931
G 4.387862 0.000000 -4.387862
A 2.193931 -2.193931 -2.193931
I 0.000000 0.000000 -4.387862
A 2.193931 2.193931 -6.581793
G 0.000000 4.387862 -4.387862
F -2.193931 2.193931 -2.193931
I 0.000000 4.387862 -0.000000
K 2.193931 6.581793 -2.193931
N 4.387862 4.387862 -0.000000
I 2.193931 2.193931 2.193931
W 4.387862 0.000000 -0.000000


-124.372362	143024507410
13

I 0.000000 0.000000 0.000000
F 2.193931 2.193931 -2.193931
G 4.387862 0.000000 -4.387862
A 2.193931 -2.193931 -2.193931
I 4.387862 0.000000 0.000000
A 6.581793 2.193931 -2.193931
G 4.387862 4.387862 0.000000
F 2.193931 2.193931 2.193931
I 0.000000 4.387862 0.000000
K 2.193931 6.581793 -2.193931
N 0.000000 4.387862 -4.387862
I -2.193931 2.193931 -2.193931
W 0.000000 0.000000 -4.387862


-124.372362	354177145310
13

I 0.000000 0.000000 0.000000
F 2.193931 2.193931 -2.193931
G 4.387862 0.000000 -4.387862
A 2.193931 -2.193931 -6.581793
I 0.000000 0.000000 -4.387862
A -2.193931 -2.193931 -2.193931
G 0.000000 -4.387862 -4.387862
F 2.193931 -2.193931 -2.193931
I 4.387862 0.000000 -0.000000
K 6.581793 -2.193931 -2.193931
N 4.387862 -4.387862 -0.000000
I 2.193931 -2.193931 2.193931
W 0.000000 -4.387862 -0.000000


-124.372362	654122145610
13

I 0.000000 0.000000 0.000000
F 2.193931 2.193931 -2.193931
G 4.387862 0.000000 -4.387862
A 6.581793 -2.193931 -2.193931
I 4.387862 0.000000 0.000000
A 2.193931 -2.193931 2.193931
G 4.387862 -4.387862 0.000000
F 2.193931 -2.193931 -2.193931
I 0.000000 0.000000 -4.387862
K 2.193931 -2.193931 -6.581793
N 0.000000 -4.387862 -4.387862
I -2.193931 -2.193931 -2.193931
W 0.000000 -4.387862 -0.000000


-124.309964	561022477410
13

I 0.000000 0.000000 0.000000
F 2.193931 2.193931 -2.193931
G 4.387862 0.000000 -4.387862
A 2.193931 -2.193931 -2.193931
I 4.387862 0.000000 0.000000
A 6.581793 2.193931 2.193931
G 4.387862 0.000000 4.387862
F 2.193931 2.193931 2.193931
I 0.000000 4.387862 0.000000
K 2.193931 6.581793 -2.193931
N 4.387862 4.387862 -4.387862
I 6.581793 2.193931 -2.193931
W 4.387862 4.387862 0.000000


-124.309964	531077422410
13

I 0.000000 0.000000 0.000000
F 2.193931 2.193931 -2.193931
G 4.387862 0.000000 -4.387862
A 2.193931 -2.193931 -2.193931
I 0.000000 0.000000 -4.387862
A -2.193931 2.193931 -6.581793
G -4.387862 0.000000 -4.387862
F -2.193931 2.193931 -2.193931
I 0.000000 4.387862 -0.000000
K 2.193931 6.581793 -2.193931
N 4.387862 4.387862 -4.387862
I 2.193931 2.193931 -6.581793
W 0.000000 4.387862 -4.387862


-124.309964	713277244210
13

I 0.000000 0.000000 0.000000
F 2.193931 2.193931 -2.193931
G 4.387862 0.000000 -4.387862
A 2.193931 2.193931 -6.581793
I 0.000000 0.000000 -4.387862
A -2.193931 -2.193931 -2.193931
G -4.387862 0.000000 -4.387862
F -2.193931 2.193931 -2.193931
I 0.000000 4.387862 -0.000000
K -2.193931 6.581793 -2.193931
N -4.387862 4.387862 -4.387862
I -2.193931 2.193931 -6.581793
W 0.000000 4.387862 -4.387862


-124.309964	216722744710
13

I 0.000000 0.000000 0.000000
F 2.193931 2.193931 -2.193931
G 4.387862 0.000000 -4.387862
A 6.581793 2.193931 -2.193931
I 4.387862 0.000000 0.000000
A 2.193931 -2.193931 2.193931
G 4.387862 0.000000 4.387862
F 2.193931 2.193931 2.193931
I 0.000000 4.387862 0.000000
K 2.193931 6.581793 2.193931
N 4.387862 4.387862 4.387862
I 6.581793 2.193931 2.193931
W 4.387862 4.387862 0.000000


-124.190349	772461355300
13

I 0.000000 0.000000 0.000000
F 2.193931 2.193931 -2.193931
G 4.387862 4.387862 -4.387862
A 2.193931 2.193931 -6.581793
I 0.000000 4.387862 -4.387862
A -2.193931 6.581793 -2.193931
G -4.387862 4.387862 -4.387862
F -2.193931 2.193931 -6.581793
I 0.000000 0.000000 -4.387862
K -2.193931 -2.193931 -2.193931
N -4.387862 0.000000 -4.387862
I -2.193931 2.193931 -2.193931
W 0.000000 4.387862 -0.000000


-124.190349	772461355210
13

I 0.000000 0.000000 0.000000
F 2.193931 2.193931 -2.193931
G 4.387862 0.000000 -4.387862
A 2.193931 2.193931 -6.581793
I 0.000000 4.387862 -4.387862
A -2.193931 6.581793 -2.193931
G -4.387862 4.387862 -4.387862
F -2.193931 2.193931 -6.581793
I 0.000000 0.000000 -4.387862
K -2.193931 -2.193931 -2.193931
N -4.387862 0.000000 -4.387862
I -2.193931 2.193931 -2.193931
W 0.000000 4.387862 -0.000000


-124.190349	771452366300
13

I 0.000000 0.000000 0.000000
F 2.193931 2.193931 -2.193931
G 4.387862 4.387862 -4.387862
A 2.193931 2.193931 -6.581793
I 4.387862 0.000000 -4.387862
A 6.581793 -2.193931 -2.193931
G 4.387862 -4.387862 -4.387862
F 2.193931 -2.193931 -6.581793
I 0.000000 0.000000 -4.387862
K -2.193931 -2.193931 -2.193931
N 0.000000 -4.387862 -4.387862
I 2.193931 -2.193931 -2.193931
W 4.387862 0.000000 -0.000000


-124.190349	112467533500
13

I 0.000000 0.000000 0.000000
F 2.193931 2.193931 -2.193931
G 4.387862 4.387862 -4.387862
A 2.193931 6.581793 -2.193931
I 0.000000 4.387862 -4.387862
A -2.193931 2.193931 -6.581793
G -4.387862 4.387862 -4.387862
F -2.193931 6.581793 -2.193931
I 0.000000 4.387862 -0.000000
K -2.193931 2.193931 2.193931
N -4.387862 4.387862 -0.000000
I -2.193931 2.193931 -2.193931
W 0.000000 0.000000 -4.387862


-124.190349	221457633600
13

I 0.000000 0.000000 0.000000
F 2.193931 2.193931 -2.193931
G 4.387862 4.387862 -4.387862
A 6.581793 2.193931 -2.193931
I 4.387862 0.000000 -4.387862
A 2.193931 -2.193931 -6.581793
G 4.387862 -4.387862 -4.387862
F 6.581793 -2.193931 -2.193931
I 4.387862 0.000000 -0.000000
K 2.193931 -2.193931 2.193931
N 4.387862 -4.387862 -0.000000
I 2.193931 -2.193931 -2.193931
W 0.000000 0.000000 -4.387862


-124.190349	117432566500
13

I 0.000000 0.000000 0.000000
F 2.193931 2.193931 -2.193931
G 4.387862 4.387862 -4.387862
A 2.193931 6.581793 -2.193931
I 4.387862 4.387862 0.000000
A 6.581793 2.193931 2.193931
G 4.387862 4.387862 4.387862
F 2.193931 6.581793 2.193931
I 0.000000 4.387862 0.000000
K -2.193931 2.193931 2.193931
N 0.000000 4.387862 4.387862
I 2.193931 2.193931 2.193931
W 4.387862 0.000000 0.000000


-124.190349	227431655710
13

I 0.000000 0.000000 0.000000
F 2.193931 2.193931 -2.193931
G 4.387862 0.000000 -4.387862
A 6.581793 2.193931 -2.193931
I 4.387862 4.387862 0.000000
A 2.193931 6.581793 2.193931
G 4.387862 4.387862 4.387862
F 6.581793 2.193931 2.193931
I 4.387862 0.000000 0.000000
K 2.193931 -2.193931 2.193931
N 4.387862 0.000000 4.387862
I 2.193931 2.193931 2.193931
W 0.000000 4.387862 0.000000


-124.190349	227431655600
13

I 0.000000 0.000000 0.000000
F 2.193931 2.193931 -2.193931
G 4.387862 4.387862 -4.387862
A 6.581793 2.193931 -2.193931
I 4.387862 4.387862 0.000000
A 2.193931 6.581793 2.193931
G 4.387862 4.387862 4.387862
F 6.581793 2.193931 2.193931
I 4.387862 0.000000 0.000000
K 2.193931 -2.193931 2.193931
N 4.387862 0.000000 4.387862
I 2.193931 2.193931 2.193931
W 0.000000 4.387862 0.000000


-124.190349	660233655610
13

I 0.000000 0.000000 0.000000
F 2.193931 2.193931 -2.193931
G 4.387862 0.000000 -4.387862
A 6.581793 -2.193931 -2.193931
I 4.387862 0.000000 0.000000
A 2.193931 2.193931 2.193931
G 4.387862 0.000000 4.387862
F 2.193931 -2.193931 2.193931
I 0.000000 -4.387862 0.000000
K -2.193931 -2.193931 -2.193931
N 0.000000 0.000000 -4.387862
I 2.193931 -2.193931 -2.193931
W 4.387862 -4.387862 0.000000


-124.190349	660231455610
13

I 0.000000 0.000000 0.000000
F 2.193931 2.193931 -2.193931
G 4.387862 0.000000 -4.387862
A 6.581793 -2.193931 -2.193931
I 4.387862 0.000000 0.000000
A 2.193931 2.193931 2.193931
G 0.000000 0.000000 4.387862
F 2.193931 -2.193931 2.193931
I 0.000000 -4.387862 0.000000
K -2.193931 -2.193931 -2.193931
N 0.000000 0.000000 -4.387862
I 2.193931 -2.193931 -2.193931
W 4.387862 -4.387862 0.000000


-124.190349	330761455310
13

I 0.000000 0.000000 0.000000
F 2.193931 2.193931 -2.193931
G 4.387862 0.000000 -4.387862
A 2.193931 -2.193931 -6.581793
I 0.000000 0.000000 -4.387862
A -2.193931 2.193931 -2.193931
G -4.387862 0.000000 -0.000000
F -2.193931 -2.193931 -2.193931
I 0.000000 -4.387862 -0.000000
K 2.193931 -2.193931 2.193931
N 4.387862 0.000000 -0.000000
I 2.193931 -2.193931 -2.193931
W 0.000000 -4.387862 -4.387862


-124.190349	330766355310
13

I 0.000000 0.000000 0.000000
F 2.193931 2.193931 -2.193931
G 4.387862 0.000000 -4.387862
A 2.193931 -2.193931 -6.581793
I 0.000000 0.000000 -4.387862
A -2.193931 2.193931 -2.193931
G -4.387862 0.000000 -4.387862
F -2.193931 -2.193931 -2.193931
I 0.000000 -4.387862 -0.000000
K 2.193931 -2.193931 2.193931
N 4.387862 0.000000 -0.000000
I 2.193931 -2.193931 -2.193931
W 0.000000 -4.387862 -4.387862


