-116.741964	012130231032120123102301	0010011011000111100011011001001001111000011
25

K 0.000000 0.000000 0.000000
K 2.193931 2.193931 -2.193931
P 4.387862 0.000000 -4.387862
G 6.581793 -2.193931 -2.193931
A 8.775724 0.000000 0.000000
S 6.581793 2.193931 2.193931
L 4.387862 0.000000 4.387862
A 6.581793 -2.193931 6.581793
A 8.775724 0.000000 8.775724
L 10.969655 2.193931 6.581793
Q 13.163586 0.000000 4.387862
A 10.969655 -2.193931 2.193931
L 8.775724 -4.387862 4.387862
Q 6.581793 -6.581793 2.193931
A 4.387862 -4.387862 0.000000
L 2.193931 -2.193931 2.193931
Q 0.000000 -4.387862 4.387862
A 2.193931 -6.581793 6.581793
A 4.387862 -4.387862 8.775724
Q 2.193931 -2.193931 10.969655
A 0.000000 -0.000000 8.775724
A 2.193931 2.193931 6.581793
K 4.387862 4.387862 8.775724
K 6.581793 6.581793 6.581793
Y 8.775724 4.387862 4.387862


-115.707406	103031210213012010130101	1000110011100110000110110010010010001011000
25

K 0.000000 0.000000 0.000000
K 2.193931 2.193931 -2.193931
P 4.387862 0.000000 -4.387862
G 6.581793 2.193931 -6.581793
A 8.775724 0.000000 -8.775724
S 10.969655 -2.193931 -6.581793
L 8.775724 -4.387862 -4.387862
A 6.581793 -2.193931 -2.193931
A 4.387862 -4.387862 -0.000000
L 2.193931 -2.193931 2.193931
Q 4.387862 0.000000 4.387862
A 6.581793 2.193931 2.193931
L 8.775724 0.000000 -0.000000
Q 10.969655 -2.193931 2.193931
A 8.775724 -4.387862 4.387862
L 6.581793 -6.581793 2.193931
Q 8.775724 -8.775724 -0.000000
A 10.969655 -6.581793 -2.193931
A 13.163586 -4.387862 -0.000000
Q 15.357517 -2.193931 -2.193931
A 13.163586 -0.000000 -4.387862
A 10.969655 2.193931 -2.193931
K 8.775724 4.387862 -4.387862
K 6.581793 6.581793 -2.193931
Y 4.387862 4.387862 -0.000000


-115.707406	102021310312013010120101	1000010001101110001110010010110010001001000
25

K 0.000000 0.000000 0.000000
K 2.193931 2.193931 -2.193931
P 4.387862 0.000000 -4.387862
G 6.581793 2.193931 -6.581793
A 8.775724 0.000000 -8.775724
S 6.581793 -2.193931 -10.969655
L 4.387862 -4.387862 -8.775724
A 2.193931 -2.193931 -6.581793
A 0.000000 -4.387862 -4.387862
L -2.193931 -2.193931 -2.193931
Q -4.387862 0.000000 -4.387862
A -2.193931 2.193931 -6.581793
L 0.000000 0.000000 -8.775724
Q -2.193931 -2.193931 -10.969655
A -4.387862 -4.387862 -8.775724
L -2.193931 -6.581793 -6.581793
Q 0.000000 -8.775724 -8.775724
A 2.193931 -6.581793 -10.969655
A 0.000000 -4.387862 -13.163586
Q 2.193931 -2.193931 -15.357517
A 4.387862 -0.000000 -13.163586
A 2.193931 2.193931 -10.969655
K 4.387862 4.387862 -8.775724
K 2.193931 6.581793 -6.581793
Y 0.000000 4.387862 -4.387862


-115.407696	132021310312313013123101	1011010001101110001110011110110010111001110
25

K 0.000000 0.000000 0.000000
K 2.193931 2.193931 -2.193931
P 4.387862 0.000000 -4.387862
G 6.581793 2.193931 -6.581793
A 4.387862 4.387862 -8.775724
S 2.193931 2.193931 -10.969655
L 0.000000 0.000000 -8.775724
A 2.193931 -2.193931 -6.581793
A 0.000000 -4.387862 -4.387862
L -2.193931 -2.193931 -2.193931
Q -4.387862 0.000000 -4.387862
A -2.193931 2.193931 -6.581793
L -4.387862 4.387862 -8.775724
Q -6.581793 2.193931 -10.969655
A -8.775724 0.000000 -8.775724
L -6.581793 -2.193931 -6.581793
Q -4.387862 -4.387862 -8.775724
A -2.193931 -2.193931 -10.969655
A -4.387862 0.000000 -13.163586
Q -2.193931 2.193931 -15.357517
A 0.000000 4.387862 -13.163586
A -2.193931 6.581793 -10.969655
K 0.000000 8.775724 -8.775724
K 2.193931 6.581793 -6.581793
Y 0.000000 4.387862 -4.387862


-115.407696	123031210213212012132101	1001110011100110000110110110010010011011010
25

K 0.000000 0.000000 0.000000
K 2.193931 2.193931 -2.193931
P 4.387862 0.000000 -4.387862
G 6.581793 2.193931 -6.581793
A 8.775724 4.387862 -4.387862
S 10.969655 2.193931 -2.193931
L 8.775724 0.000000 -0.000000
A 6.581793 -2.193931 -2.193931
A 4.387862 -4.387862 -0.000000
L 2.193931 -2.193931 2.193931
Q 4.387862 0.000000 4.387862
A 6.581793 2.193931 2.193931
L 8.775724 4.387862 4.387862
Q 10.969655 2.193931 6.581793
A 8.775724 0.000000 8.775724
L 6.581793 -2.193931 6.581793
Q 8.775724 -4.387862 4.387862
A 10.969655 -2.193931 2.193931
A 13.163586 0.000000 4.387862
Q 15.357517 2.193931 2.193931
A 13.163586 4.387862 -0.000000
A 10.969655 6.581793 2.193931
K 8.775724 8.775724 -0.000000
K 6.581793 6.581793 -2.193931
Y 4.387862 4.387862 -0.000000


-115.224172	021230132031210213201301	0001100111001011010011100110000110110100101
25

K 0.000000 0.000000 0.000000
K 2.193931 2.193931 -2.193931
P 4.387862 0.000000 -4.387862
G 6.581793 -2.193931 -2.193931
A 4.387862 -4.387862 0.000000
S 2.193931 -2.193931 2.193931
L 4.387862 0.000000 4.387862
A 6.581793 -2.193931 6.581793
A 4.387862 -4.387862 8.775724
L 2.193931 -6.581793 6.581793
Q 4.387862 -8.775724 4.387862
A 6.581793 -6.581793 2.193931
L 8.775724 -4.387862 4.387862
Q 10.969655 -2.193931 2.193931
A 8.775724 -0.000000 0.000000
L 6.581793 2.193931 2.193931
Q 8.775724 4.387862 4.387862
A 10.969655 2.193931 6.581793
A 8.775724 -0.000000 8.775724
Q 6.581793 2.193931 10.969655
A 4.387862 4.387862 8.775724
A 2.193931 2.193931 6.581793
K 0.000000 -0.000000 8.775724
K -2.193931 -2.193931 6.581793
Y 0.000000 -4.387862 4.387862


-114.105471	023031032320103201302301	0001110011100011011101001000110100101100011
25

K 0.000000 0.000000 0.000000
K 2.193931 2.193931 -2.193931
P 4.387862 0.000000 -4.387862
G 6.581793 -2.193931 -2.193931
A 8.775724 0.000000 0.000000
S 6.581793 2.193931 2.193931
L 4.387862 4.387862 0.000000
A 6.581793 6.581793 -2.193931
A 8.775724 4.387862 -4.387862
L 6.581793 2.193931 -6.581793
Q 4.387862 4.387862 -8.775724
A 2.193931 6.581793 -6.581793
L 0.000000 4.387862 -4.387862
Q -2.193931 6.581793 -2.193931
A 0.000000 8.775724 -0.000000
L 2.193931 6.581793 2.193931
Q 4.387862 8.775724 4.387862
A 6.581793 6.581793 6.581793
A 8.775724 4.387862 4.387862
Q 10.969655 6.581793 2.193931
A 8.775724 8.775724 -0.000000
A 6.581793 10.969655 2.193931
K 4.387862 13.163586 -0.000000
K 2.193931 10.969655 -2.193931
Y 4.387862 8.775724 -4.387862


-113.973553	032021023230102103102101	0011010001100001110111001000011000111000010
25

K 0.000000 0.000000 0.000000
K 2.193931 2.193931 -2.193931
P 4.387862 0.000000 -4.387862
G 6.581793 2.193931 -6.581793
A 8.775724 4.387862 -4.387862
S 6.581793 6.581793 -2.193931
L 4.387862 4.387862 -0.000000
A 6.581793 2.193931 2.193931
A 8.775724 0.000000 -0.000000
L 10.969655 2.193931 -2.193931
Q 13.163586 4.387862 -0.000000
A 10.969655 6.581793 2.193931
L 8.775724 4.387862 4.387862
Q 6.581793 6.581793 6.581793
A 4.387862 8.775724 4.387862
L 2.193931 6.581793 2.193931
Q 0.000000 8.775724 -0.000000
A -2.193931 6.581793 -2.193931
A 0.000000 4.387862 -4.387862
Q 2.193931 6.581793 -6.581793
A 4.387862 8.775724 -4.387862
A 2.193931 10.969655 -2.193931
K 4.387862 13.163586 -0.000000
K 6.581793 10.969655 2.193931
Y 8.775724 8.775724 -0.000000


-113.973553	023031032320103102103101	0001110011100011011101001000111000011000110
25

K 0.000000 0.000000 0.000000
K 2.193931 2.193931 -2.193931
P 4.387862 0.000000 -4.387862
G 6.581793 2.193931 -6.581793
A 4.387862 4.387862 -8.775724
S 2.193931 6.581793 -6.581793
L 0.000000 4.387862 -4.387862
A -2.193931 2.193931 -6.581793
A 0.000000 0.000000 -8.775724
L 2.193931 2.193931 -10.969655
Q 0.000000 4.387862 -13.163586
A -2.193931 6.581793 -10.969655
L -4.387862 4.387862 -8.775724
Q -6.581793 6.581793 -6.581793
A -4.387862 8.775724 -4.387862
L -2.193931 6.581793 -2.193931
Q 0.000000 8.775724 -0.000000
A 2.193931 6.581793 2.193931
A 4.387862 4.387862 -0.000000
Q 6.581793 6.581793 -2.193931
A 4.387862 8.775724 -4.387862
A 2.193931 10.969655 -2.193931
K 0.000000 13.163586 -4.387862
K -2.193931 10.969655 -6.581793
Y 0.000000 8.775724 -8.775724


-113.970500	013213102031310312103101	0010110110111000010011101110001110011000110
25

K 0.000000 0.000000 0.000000
K 2.193931 2.193931 -2.193931
P 4.387862 0.000000 -4.387862
G 6.581793 2.193931 -6.581793
A 4.387862 4.387862 -8.775724
S 2.193931 6.581793 -6.581793
L 0.000000 4.387862 -4.387862
A -2.193931 2.193931 -6.581793
A -4.387862 0.000000 -4.387862
L -2.193931 -2.193931 -2.193931
Q 0.000000 -4.387862 -4.387862
A 2.193931 -2.193931 -6.581793
L 0.000000 0.000000 -8.775724
Q 2.193931 2.193931 -10.969655
A 0.000000 4.387862 -13.163586
L -2.193931 6.581793 -10.969655
Q 0.000000 8.775724 -8.775724
A -2.193931 10.969655 -6.581793
A -4.387862 8.775724 -4.387862
Q -2.193931 6.581793 -2.193931
A -4.387862 4.387862 -0.000000
A -6.581793 2.193931 -2.193931
K -8.775724 4.387862 -4.387862
K -6.581793 6.581793 -6.581793
Y -4.387862 4.387862 -8.775724


-113.970500	012312103021210213102101	0010011110011000110001100110000110111000010
25

K 0.000000 0.000000 0.000000
K 2.193931 2.193931 -2.193931
P 4.387862 0.000000 -4.387862
G 6.581793 2.193931 -6.581793
A 8.775724 4.387862 -4.387862
S 6.581793 6.581793 -2.193931
L 4.387862 4.387862 -0.000000
A 6.581793 2.193931 2.193931
A 4.387862 0.000000 4.387862
L 2.193931 -2.193931 2.193931
Q 4.387862 -4.387862 -0.000000
A 6.581793 -2.193931 -2.193931
L 8.775724 0.000000 -0.000000
Q 10.969655 2.193931 -2.193931
A 13.163586 4.387862 -0.000000
L 10.969655 6.581793 2.193931
Q 8.775724 8.775724 -0.000000
A 6.581793 10.969655 2.193931
A 4.387862 8.775724 4.387862
Q 2.193931 6.581793 2.193931
A 0.000000 4.387862 4.387862
A 2.193931 2.193931 6.581793
K 4.387862 4.387862 8.775724
K 6.581793 6.581793 6.581793
Y 8.775724 4.387862 4.387862


-113.851016	032021023230102301302301	0011010001100001110111001000011100101100011
25

K 0.000000 0.000000 0.000000
K 2.193931 2.193931 -2.193931
P 4.387862 0.000000 -4.387862
G 6.581793 -2.193931 -2.193931
A 8.775724 0.000000 0.000000
S 6.581793 2.193931 2.193931
L 4.387862 4.387862 0.000000
A 6.581793 6.581793 -2.193931
A 8.775724 4.387862 -4.387862
L 10.969655 2.193931 -2.193931
Q 13.163586 4.387862 0.000000
A 10.969655 6.581793 2.193931
L 8.775724 4.387862 4.387862
Q 6.581793 6.581793 6.581793
A 4.387862 8.775724 4.387862
L 2.193931 6.581793 2.193931
Q 0.000000 8.775724 0.000000
A -2.193931 6.581793 -2.193931
A 0.000000 4.387862 -4.387862
Q 2.193931 6.581793 -6.581793
A 4.387862 8.775724 -4.387862
A 2.193931 10.969655 -2.193931
K 4.387862 13.163586 0.000000
K 6.581793 10.969655 2.193931
Y 8.775724 8.775724 0.000000


-113.675551	302103131021013012120301	1100011000111011100001100010110010011001001
25

K 0.000000 0.000000 0.000000
K 2.193931 2.193931 -2.193931
P 4.387862 0.000000 -4.387862
G 6.581793 -2.193931 -2.193931
A 8.775724 -4.387862 -4.387862
S 6.581793 -6.581793 -6.581793
L 4.387862 -8.775724 -4.387862
A 2.193931 -10.969655 -6.581793
A 0.000000 -13.163586 -4.387862
L -2.193931 -10.969655 -2.193931
Q -4.387862 -8.775724 -4.387862
A -2.193931 -6.581793 -6.581793
L 0.000000 -8.775724 -8.775724
Q 2.193931 -6.581793 -10.969655
A 4.387862 -4.387862 -8.775724
L 2.193931 -2.193931 -6.581793
Q 0.000000 -4.387862 -4.387862
A 2.193931 -6.581793 -2.193931
A 0.000000 -8.775724 -0.000000
Q 2.193931 -10.969655 2.193931
A 4.387862 -13.163586 -0.000000
A 6.581793 -10.969655 -2.193931
K 8.775724 -8.775724 -0.000000
K 6.581793 -6.581793 2.193931
Y 4.387862 -4.387862 -0.000000


-113.641839	013230132031210213201301	0010110111001011010011100110000110110100101
25

K 0.000000 0.000000 0.000000
K 2.193931 2.193931 -2.193931
P 4.387862 0.000000 -4.387862
G 6.581793 -2.193931 -2.193931
A 4.387862 -4.387862 0.000000
S 2.193931 -2.193931 2.193931
L 4.387862 0.000000 4.387862
A 6.581793 -2.193931 6.581793
A 4.387862 -4.387862 8.775724
L 2.193931 -6.581793 6.581793
Q 4.387862 -8.775724 4.387862
A 6.581793 -6.581793 2.193931
L 8.775724 -4.387862 4.387862
Q 10.969655 -2.193931 2.193931
A 8.775724 -0.000000 0.000000
L 6.581793 2.193931 2.193931
Q 8.775724 4.387862 4.387862
A 10.969655 2.193931 6.581793
A 8.775724 -0.000000 8.775724
Q 6.581793 2.193931 10.969655
A 4.387862 4.387862 8.775724
A 2.193931 2.193931 6.581793
K 0.000000 4.387862 4.387862
K 2.193931 6.581793 2.193931
Y 4.387862 4.387862 0.000000


-113.567446	321203102301213210231301	1101100100111000011100100110110110000111101
25

K 0.000000 0.000000 0.000000
K 2.193931 2.193931 -2.193931
P 4.387862 0.000000 -4.387862
G 6.581793 -2.193931 -2.193931
A 4.387862 -4.387862 0.000000
S 6.581793 -6.581793 2.193931
L 8.775724 -4.387862 4.387862
A 6.581793 -2.193931 6.581793
A 4.387862 -4.387862 8.775724
L 2.193931 -6.581793 6.581793
Q 0.000000 -4.387862 4.387862
A 2.193931 -2.193931 2.193931
L 4.387862 -0.000000 4.387862
Q 6.581793 2.193931 2.193931
A 8.775724 -0.000000 0.000000
L 10.969655 -2.193931 2.193931
Q 13.163586 -0.000000 4.387862
A 10.969655 2.193931 6.581793
A 8.775724 -0.000000 8.775724
Q 10.969655 -2.193931 10.969655
A 13.163586 -4.387862 8.775724
A 10.969655 -6.581793 6.581793
K 8.775724 -8.775724 8.775724
K 6.581793 -10.969655 6.581793
Y 4.387862 -8.775724 4.387862


-113.495261	130101301213013130102101	1011001000101100100110110010111011001000010
25

K 0.000000 0.000000 0.000000
K 2.193931 2.193931 -2.193931
P 4.387862 0.000000 -4.387862
G 6.581793 2.193931 -6.581793
A 8.775724 4.387862 -4.387862
S 6.581793 6.581793 -2.193931
L 4.387862 4.387862 -0.000000
A 2.193931 6.581793 2.193931
A 0.000000 8.775724 -0.000000
L 2.193931 10.969655 -2.193931
Q 0.000000 13.163586 -4.387862
A 2.193931 15.357517 -6.581793
L 4.387862 13.163586 -8.775724
Q 6.581793 10.969655 -6.581793
A 4.387862 8.775724 -4.387862
L 2.193931 6.581793 -6.581793
Q 0.000000 4.387862 -4.387862
A -2.193931 6.581793 -2.193931
A -4.387862 8.775724 -4.387862
Q -2.193931 10.969655 -6.581793
A 0.000000 8.775724 -8.775724
A 2.193931 10.969655 -10.969655
K 4.387862 8.775724 -13.163586
K 6.581793 6.581793 -10.969655
Y 4.387862 4.387862 -8.775724


-113.495261	120101201312012120103101	1001001000100100101110010010011001001000110
25

K 0.000000 0.000000 0.000000
K 2.193931 2.193931 -2.193931
P 4.387862 0.000000 -4.387862
G 6.581793 2.193931 -6.581793
A 4.387862 4.387862 -8.775724
S 2.193931 6.581793 -6.581793
L 0.000000 4.387862 -4.387862
A -2.193931 6.581793 -2.193931
A 0.000000 8.775724 -0.000000
L 2.193931 10.969655 -2.193931
Q 4.387862 13.163586 -0.000000
A 6.581793 15.357517 -2.193931
L 8.775724 13.163586 -4.387862
Q 6.581793 10.969655 -6.581793
A 4.387862 8.775724 -4.387862
L 6.581793 6.581793 -2.193931
Q 4.387862 4.387862 -0.000000
A 2.193931 6.581793 2.193931
A 4.387862 8.775724 4.387862
Q 6.581793 10.969655 2.193931
A 8.775724 8.775724 -0.000000
A 10.969655 10.969655 -2.193931
K 13.163586 8.775724 -4.387862
K 10.969655 6.581793 -6.581793
Y 8.775724 4.387862 -4.387862


-113.483428	213013120231213013123101	0110110010111001000111100110110010111001110
25

K 0.000000 0.000000 0.000000
K 2.193931 2.193931 -2.193931
P 4.387862 0.000000 -4.387862
G 6.581793 2.193931 -6.581793
A 4.387862 4.387862 -8.775724
S 2.193931 2.193931 -10.969655
L 0.000000 0.000000 -8.775724
A 2.193931 -2.193931 -6.581793
A 0.000000 -4.387862 -4.387862
L -2.193931 -2.193931 -2.193931
Q -4.387862 0.000000 -4.387862
A -2.193931 2.193931 -6.581793
L 0.000000 4.387862 -4.387862
Q 2.193931 6.581793 -6.581793
A 0.000000 8.775724 -8.775724
L -2.193931 6.581793 -10.969655
Q 0.000000 4.387862 -13.163586
A -2.193931 2.193931 -15.357517
A -4.387862 0.000000 -13.163586
Q -2.193931 -2.193931 -10.969655
A -4.387862 -4.387862 -8.775724
A -6.581793 -2.193931 -6.581793
K -8.775724 0.000000 -8.775724
K -6.581793 2.193931 -10.969655
Y -4.387862 4.387862 -8.775724


-113.483428	312012130321312012132101	1110010010011011001101101110010010011011010
25

K 0.000000 0.000000 0.000000
K 2.193931 2.193931 -2.193931
P 4.387862 0.000000 -4.387862
G 6.581793 2.193931 -6.581793
A 8.775724 4.387862 -4.387862
S 10.969655 2.193931 -2.193931
L 8.775724 0.000000 -0.000000
A 6.581793 -2.193931 -2.193931
A 4.387862 -4.387862 -0.000000
L 2.193931 -2.193931 2.193931
Q 4.387862 0.000000 4.387862
A 6.581793 2.193931 2.193931
L 4.387862 4.387862 -0.000000
Q 6.581793 6.581793 -2.193931
A 8.775724 8.775724 -0.000000
L 10.969655 6.581793 2.193931
Q 13.163586 4.387862 -0.000000
A 15.357517 2.193931 2.193931
A 13.163586 0.000000 4.387862
Q 10.969655 -2.193931 2.193931
A 8.775724 -4.387862 4.387862
A 6.581793 -2.193931 6.581793
K 8.775724 0.000000 8.775724
K 10.969655 2.193931 6.581793
Y 8.775724 4.387862 4.387862


-113.123155	130301312012312013130101	1011001100101110010010011110010010111011000
25

K 0.000000 0.000000 0.000000
K 2.193931 2.193931 -2.193931
P 4.387862 0.000000 -4.387862
G 6.581793 2.193931 -6.581793
A 8.775724 0.000000 -8.775724
S 10.969655 -2.193931 -6.581793
L 8.775724 -4.387862 -4.387862
A 10.969655 -6.581793 -2.193931
A 8.775724 -8.775724 -0.000000
L 6.581793 -6.581793 2.193931
Q 8.775724 -4.387862 4.387862
A 10.969655 -2.193931 2.193931
L 8.775724 -0.000000 -0.000000
Q 6.581793 -2.193931 -2.193931
A 4.387862 -4.387862 -0.000000
L 2.193931 -2.193931 2.193931
Q 4.387862 -0.000000 4.387862
A 6.581793 2.193931 2.193931
A 4.387862 4.387862 -0.000000
Q 6.581793 6.581793 -2.193931
A 8.775724 4.387862 -4.387862
A 10.969655 2.193931 -2.193931
K 13.163586 -0.000000 -4.387862
K 15.357517 -2.193931 -2.193931
Y 13.163586 -4.387862 -0.000000


-113.123155	120201213013213012120101	1001000100100110110010110110110010011001000
25

K 0.000000 0.000000 0.000000
K 2.193931 2.193931 -2.193931
P 4.387862 0.000000 -4.387862
G 6.581793 2.193931 -6.581793
A 8.775724 0.000000 -8.775724
S 6.581793 -2.193931 -10.969655
L 4.387862 -4.387862 -8.775724
A 2.193931 -6.581793 -10.969655
A 0.000000 -8.775724 -8.775724
L -2.193931 -6.581793 -6.581793
Q -4.387862 -4.387862 -8.775724
A -2.193931 -2.193931 -10.969655
L 0.000000 -0.000000 -8.775724
Q 2.193931 -2.193931 -6.581793
A 0.000000 -4.387862 -4.387862
L -2.193931 -2.193931 -2.193931
Q -4.387862 -0.000000 -4.387862
A -2.193931 2.193931 -6.581793
A 0.000000 4.387862 -4.387862
Q 2.193931 6.581793 -6.581793
A 4.387862 4.387862 -8.775724
A 2.193931 2.193931 -10.969655
K 4.387862 -0.000000 -13.163586
K 2.193931 -2.193931 -15.357517
Y 0.000000 -4.387862 -13.163586


-112.897838	312013030120103102021301	1110010010110011001001001000111000010001101
25

K 0.000000 0.000000 0.000000
K 2.193931 2.193931 -2.193931
P 4.387862 0.000000 -4.387862
G 6.581793 -2.193931 -2.193931
A 4.387862 -4.387862 0.000000
S 2.193931 -6.581793 -2.193931
L 4.387862 -8.775724 -4.387862
A 2.193931 -10.969655 -6.581793
A 4.387862 -13.163586 -8.775724
L 6.581793 -10.969655 -10.969655
Q 4.387862 -8.775724 -13.163586
A 2.193931 -6.581793 -10.969655
L 0.000000 -8.775724 -8.775724
Q -2.193931 -6.581793 -6.581793
A 0.000000 -4.387862 -4.387862
L 2.193931 -2.193931 -6.581793
Q 4.387862 -4.387862 -8.775724
A 6.581793 -6.581793 -6.581793
A 8.775724 -8.775724 -8.775724
Q 10.969655 -10.969655 -6.581793
A 8.775724 -13.163586 -4.387862
A 6.581793 -10.969655 -2.193931
K 8.775724 -8.775724 -0.000000
K 10.969655 -6.581793 -2.193931
Y 8.775724 -4.387862 -4.387862


-112.810868	310213230120103102021301	1110000110110111001001001000111000010001101
25

K 0.000000 0.000000 0.000000
K 2.193931 2.193931 -2.193931
P 4.387862 0.000000 -4.387862
G 6.581793 -2.193931 -2.193931
A 4.387862 -4.387862 0.000000
S 2.193931 -6.581793 -2.193931
L 4.387862 -8.775724 -4.387862
A 2.193931 -10.969655 -6.581793
A 4.387862 -13.163586 -8.775724
L 6.581793 -10.969655 -10.969655
Q 4.387862 -8.775724 -13.163586
A 2.193931 -6.581793 -10.969655
L 0.000000 -8.775724 -8.775724
Q -2.193931 -6.581793 -6.581793
A 0.000000 -4.387862 -4.387862
L 2.193931 -2.193931 -6.581793
Q 4.387862 -4.387862 -8.775724
A 6.581793 -6.581793 -6.581793
A 8.775724 -4.387862 -4.387862
Q 10.969655 -6.581793 -2.193931
A 8.775724 -8.775724 -0.000000
A 6.581793 -10.969655 -2.193931
K 8.775724 -13.163586 -4.387862
K 10.969655 -10.969655 -6.581793
Y 8.775724 -8.775724 -8.775724


-112.798621	301203231021013012120301	1100100100110111100001100010110010011001001
25

K 0.000000 0.000000 0.000000
K 2.193931 2.193931 -2.193931
P 4.387862 0.000000 -4.387862
G 6.581793 -2.193931 -2.193931
A 8.775724 -4.387862 -4.387862
S 6.581793 -6.581793 -6.581793
L 4.387862 -8.775724 -4.387862
A 2.193931 -10.969655 -6.581793
A 0.000000 -13.163586 -4.387862
L -2.193931 -10.969655 -2.193931
Q -4.387862 -8.775724 -4.387862
A -2.193931 -6.581793 -6.581793
L 0.000000 -8.775724 -8.775724
Q 2.193931 -6.581793 -10.969655
A 4.387862 -4.387862 -8.775724
L 2.193931 -2.193931 -6.581793
Q 0.000000 -4.387862 -4.387862
A 2.193931 -6.581793 -2.193931
A 4.387862 -4.387862 -0.000000
Q 6.581793 -6.581793 2.193931
A 8.775724 -8.775724 -0.000000
A 6.581793 -10.969655 -2.193931
K 4.387862 -13.163586 -0.000000
K 2.193931 -10.969655 2.193931
Y 0.000000 -8.775724 -0.000000


-112.768354	231310320301213210321301	0111101110001101001100100110110110001101101
25

K 0.000000 0.000000 0.000000
K 2.193931 2.193931 -2.193931
P 4.387862 0.000000 -4.387862
G 6.581793 -2.193931 -2.193931
A 4.387862 -4.387862 0.000000
S 2.193931 -6.581793 -2.193931
L 0.000000 -4.387862 -4.387862
A -2.193931 -2.193931 -2.193931
A -4.387862 -4.387862 0.000000
L -6.581793 -6.581793 -2.193931
Q -8.775724 -4.387862 -4.387862
A -6.581793 -2.193931 -6.581793
L -4.387862 -0.000000 -4.387862
Q -2.193931 2.193931 -6.581793
A 0.000000 -0.000000 -8.775724
L 2.193931 -2.193931 -6.581793
Q 4.387862 -4.387862 -8.775724
A 2.193931 -6.581793 -10.969655
A 0.000000 -4.387862 -13.163586
Q -2.193931 -2.193931 -10.969655
A -4.387862 -4.387862 -8.775724
A -2.193931 -6.581793 -6.581793
K -4.387862 -8.775724 -4.387862
K -2.193931 -10.969655 -2.193931
Y 0.000000 -8.775724 -0.000000


-112.757486	312103201302123120132301	1110011000110100101100011001111001001011011
25

K 0.000000 0.000000 0.000000
K 2.193931 2.193931 -2.193931
P 4.387862 0.000000 -4.387862
G 6.581793 -2.193931 -2.193931
A 8.775724 0.000000 0.000000
S 10.969655 -2.193931 2.193931
L 8.775724 -4.387862 4.387862
A 6.581793 -2.193931 6.581793
A 8.775724 0.000000 8.775724
L 10.969655 2.193931 6.581793
Q 8.775724 4.387862 4.387862
A 6.581793 2.193931 2.193931
L 4.387862 0.000000 4.387862
Q 2.193931 -2.193931 2.193931
A 4.387862 -4.387862 0.000000
L 6.581793 -6.581793 2.193931
Q 4.387862 -8.775724 4.387862
A 2.193931 -6.581793 6.581793
A 4.387862 -4.387862 8.775724
Q 6.581793 -6.581793 10.969655
A 8.775724 -8.775724 8.775724
A 10.969655 -6.581793 6.581793
K 13.163586 -4.387862 8.775724
K 15.357517 -2.193931 6.581793
Y 13.163586 -0.000000 4.387862


-112.718235	031310210130101201302101	0011101110000110001011001000100100101100010
25

K 0.000000 0.000000 0.000000
K 2.193931 2.193931 -2.193931
P 4.387862 0.000000 -4.387862
G 6.581793 2.193931 -6.581793
A 8.775724 4.387862 -4.387862
S 6.581793 6.581793 -2.193931
L 4.387862 8.775724 -4.387862
A 6.581793 10.969655 -6.581793
A 8.775724 8.775724 -8.775724
L 6.581793 6.581793 -10.969655
Q 4.387862 4.387862 -8.775724
A 2.193931 6.581793 -6.581793
L 0.000000 4.387862 -4.387862
Q -2.193931 6.581793 -2.193931
A -4.387862 8.775724 -4.387862
L -2.193931 10.969655 -6.581793
Q 0.000000 8.775724 -8.775724
A 2.193931 10.969655 -10.969655
A 4.387862 13.163586 -8.775724
Q 2.193931 15.357517 -6.581793
A 0.000000 13.163586 -4.387862
A 2.193931 10.969655 -2.193931
K 0.000000 8.775724 -0.000000
K 2.193931 6.581793 2.193931
Y 4.387862 4.387862 -0.000000


-112.718235	021210310120101301203101	0001100110001110001001001000101100100100110
25

K 0.000000 0.000000 0.000000
K 2.193931 2.193931 -2.193931
P 4.387862 0.000000 -4.387862
G 6.581793 2.193931 -6.581793
A 4.387862 4.387862 -8.775724
S 2.193931 6.581793 -6.581793
L 4.387862 8.775724 -4.387862
A 6.581793 10.969655 -6.581793
A 8.775724 8.775724 -8.775724
L 10.969655 6.581793 -6.581793
Q 8.775724 4.387862 -4.387862
A 6.581793 6.581793 -2.193931
L 4.387862 4.387862 -0.000000
Q 2.193931 6.581793 2.193931
A 4.387862 8.775724 4.387862
L 6.581793 10.969655 2.193931
Q 8.775724 8.775724 -0.000000
A 10.969655 10.969655 -2.193931
A 8.775724 13.163586 -4.387862
Q 6.581793 15.357517 -2.193931
A 4.387862 13.163586 -0.000000
A 2.193931 10.969655 -2.193931
K 0.000000 8.775724 -0.000000
K -2.193931 6.581793 -2.193931
Y 0.000000 4.387862 -4.387862


-112.652332	320303203132032320103101	1101001100110100111011010011011101001000110
25

K 0.000000 0.000000 0.000000
K 2.193931 2.193931 -2.193931
P 4.387862 0.000000 -4.387862
G 6.581793 2.193931 -6.581793
A 4.387862 4.387862 -8.775724
S 2.193931 6.581793 -6.581793
L 0.000000 4.387862 -4.387862
A -2.193931 6.581793 -2.193931
A 0.000000 8.775724 -0.000000
L 2.193931 6.581793 2.193931
Q 4.387862 8.775724 4.387862
A 6.581793 6.581793 6.581793
L 8.775724 4.387862 4.387862
Q 6.581793 2.193931 2.193931
A 4.387862 4.387862 -0.000000
L 6.581793 6.581793 -2.193931
Q 4.387862 8.775724 -4.387862
A 2.193931 10.969655 -2.193931
A 4.387862 13.163586 -0.000000
Q 6.581793 10.969655 2.193931
A 8.775724 8.775724 -0.000000
A 10.969655 6.581793 2.193931
K 13.163586 4.387862 -0.000000
K 10.969655 2.193931 -2.193931
Y 8.775724 4.387862 -4.387862


-112.652332	230202302123023230102101	0111000100011100011001110001110111001000010
25

K 0.000000 0.000000 0.000000
K 2.193931 2.193931 -2.193931
P 4.387862 0.000000 -4.387862
G 6.581793 2.193931 -6.581793
A 8.775724 4.387862 -4.387862
S 6.581793 6.581793 -2.193931
L 4.387862 4.387862 -0.000000
A 2.193931 6.581793 2.193931
A 0.000000 8.775724 -0.000000
L -2.193931 6.581793 -2.193931
Q -4.387862 8.775724 -4.387862
A -6.581793 6.581793 -6.581793
L -4.387862 4.387862 -8.775724
Q -2.193931 2.193931 -6.581793
A 0.000000 4.387862 -4.387862
L 2.193931 6.581793 -6.581793
Q 4.387862 8.775724 -4.387862
A 2.193931 10.969655 -2.193931
A 0.000000 13.163586 -4.387862
Q -2.193931 10.969655 -6.581793
A 0.000000 8.775724 -8.775724
A -2.193931 6.581793 -10.969655
K 0.000000 4.387862 -13.163586
K 2.193931 2.193931 -10.969655
Y 4.387862 4.387862 -8.775724


-112.589937	032130201203123023210101	0011011011000100100100111001110001110110000
25

K 0.000000 0.000000 0.000000
K 2.193931 2.193931 -2.193931
P 4.387862 0.000000 -4.387862
G 6.581793 2.193931 -6.581793
A 8.775724 0.000000 -8.775724
S 10.969655 2.193931 -10.969655
L 13.163586 4.387862 -8.775724
A 15.357517 2.193931 -6.581793
A 17.551448 4.387862 -4.387862
L 15.357517 6.581793 -2.193931
Q 13.163586 8.775724 -4.387862
A 10.969655 6.581793 -6.581793
L 8.775724 4.387862 -4.387862
Q 10.969655 2.193931 -2.193931
A 13.163586 0.000000 -4.387862
L 10.969655 -2.193931 -6.581793
Q 8.775724 -4.387862 -4.387862
A 6.581793 -2.193931 -2.193931
A 8.775724 0.000000 -0.000000
Q 6.581793 2.193931 2.193931
A 4.387862 4.387862 -0.000000
A 6.581793 6.581793 -2.193931
K 8.775724 8.775724 -0.000000
K 10.969655 6.581793 2.193931
Y 13.163586 4.387862 -0.000000


-112.589937	023120301302132032310101	0001111001001100101100011011010011011110000
25

K 0.000000 0.000000 0.000000
K 2.193931 2.193931 -2.193931
P 4.387862 0.000000 -4.387862
G 6.581793 2.193931 -6.581793
A 8.775724 0.000000 -8.775724
S 10.969655 2.193931 -10.969655
L 8.775724 4.387862 -13.163586
A 6.581793 2.193931 -15.357517
A 4.387862 4.387862 -17.551448
L 2.193931 6.581793 -15.357517
Q 4.387862 8.775724 -13.163586
A 6.581793 6.581793 -10.969655
L 4.387862 4.387862 -8.775724
Q 2.193931 2.193931 -10.969655
A 4.387862 0.000000 -13.163586
L 6.581793 -2.193931 -10.969655
Q 4.387862 -4.387862 -8.775724
A 2.193931 -2.193931 -6.581793
A 0.000000 0.000000 -8.775724
Q -2.193931 2.193931 -6.581793
A 0.000000 4.387862 -4.387862
A 2.193931 6.581793 -6.581793
K 0.000000 8.775724 -8.775724
K -2.193931 6.581793 -10.969655
Y 0.000000 4.387862 -13.163586


-112.589937	012310203201321021230301	0010011110000100110100101101100001100111001
25

K 0.000000 0.000000 0.000000
K 2.193931 2.193931 -2.193931
P 4.387862 0.000000 -4.387862
G 6.581793 -2.193931 -2.193931
A 8.775724 -4.387862 -4.387862
S 10.969655 -6.581793 -2.193931
L 13.163586 -4.387862 0.000000
A 15.357517 -2.193931 -2.193931
A 17.551448 -0.000000 0.000000
L 15.357517 2.193931 2.193931
Q 13.163586 -0.000000 4.387862
A 10.969655 -2.193931 2.193931
L 8.775724 -0.000000 0.000000
Q 10.969655 2.193931 -2.193931
A 13.163586 -0.000000 -4.387862
L 10.969655 -2.193931 -6.581793
Q 8.775724 -0.000000 -8.775724
A 6.581793 2.193931 -6.581793
A 8.775724 4.387862 -4.387862
Q 6.581793 6.581793 -2.193931
A 4.387862 4.387862 -0.000000
A 6.581793 2.193931 2.193931
K 8.775724 4.387862 4.387862
K 10.969655 6.581793 2.193931
Y 13.163586 4.387862 -0.000000


-112.487134	320103201302123120123101	1101001000110100101100011001111001001001110
25

K 0.000000 0.000000 0.000000
K 2.193931 2.193931 -2.193931
P 4.387862 0.000000 -4.387862
G 6.581793 2.193931 -6.581793
A 4.387862 4.387862 -8.775724
S 2.193931 2.193931 -10.969655
L 0.000000 0.000000 -8.775724
A -2.193931 2.193931 -6.581793
A 0.000000 4.387862 -4.387862
L 2.193931 6.581793 -6.581793
Q 0.000000 8.775724 -8.775724
A -2.193931 6.581793 -10.969655
L -4.387862 4.387862 -8.775724
Q -6.581793 2.193931 -10.969655
A -4.387862 0.000000 -13.163586
L -2.193931 -2.193931 -10.969655
Q -4.387862 -4.387862 -8.775724
A -6.581793 -2.193931 -6.581793
A -4.387862 0.000000 -4.387862
Q -2.193931 -2.193931 -2.193931
A 0.000000 -4.387862 -4.387862
A 2.193931 -2.193931 -6.581793
K 4.387862 -4.387862 -8.775724
K 2.193931 -6.581793 -10.969655
Y 0.000000 -4.387862 -13.163586


-112.487134	230102301203132130132101	0111001000011100100100111011011011001011010
25

K 0.000000 0.000000 0.000000
K 2.193931 2.193931 -2.193931
P 4.387862 0.000000 -4.387862
G 6.581793 2.193931 -6.581793
A 8.775724 4.387862 -4.387862
S 10.969655 2.193931 -2.193931
L 8.775724 0.000000 -0.000000
A 6.581793 2.193931 2.193931
A 4.387862 4.387862 -0.000000
L 6.581793 6.581793 -2.193931
Q 8.775724 8.775724 -0.000000
A 10.969655 6.581793 2.193931
L 8.775724 4.387862 4.387862
Q 10.969655 2.193931 6.581793
A 13.163586 0.000000 4.387862
L 10.969655 -2.193931 2.193931
Q 8.775724 -4.387862 4.387862
A 6.581793 -2.193931 6.581793
A 4.387862 0.000000 4.387862
Q 2.193931 -2.193931 2.193931
A 4.387862 -4.387862 -0.000000
A 6.581793 -2.193931 -2.193931
K 8.775724 -4.387862 -4.387862
K 10.969655 -6.581793 -2.193931
Y 13.163586 -4.387862 -0.000000


-112.456804	201302103231012013021301	0100101100011000110111100010010010110001101
25

K 0.000000 0.000000 0.000000
K 2.193931 2.193931 -2.193931
P 4.387862 0.000000 -4.387862
G 6.581793 -2.193931 -2.193931
A 4.387862 -4.387862 0.000000
S 2.193931 -6.581793 -2.193931
L 4.387862 -8.775724 -4.387862
A 6.581793 -10.969655 -2.193931
A 4.387862 -13.163586 0.000000
L 2.193931 -10.969655 2.193931
Q 4.387862 -8.775724 4.387862
A 6.581793 -6.581793 2.193931
L 8.775724 -8.775724 0.000000
Q 10.969655 -6.581793 -2.193931
A 8.775724 -4.387862 -4.387862
L 6.581793 -6.581793 -6.581793
Q 4.387862 -4.387862 -8.775724
A 2.193931 -2.193931 -6.581793
A 0.000000 -4.387862 -4.387862
Q -2.193931 -6.581793 -6.581793
A 0.000000 -8.775724 -8.775724
A 2.193931 -10.969655 -6.581793
K 0.000000 -13.163586 -4.387862
K -2.193931 -10.969655 -2.193931
Y 0.000000 -8.775724 -0.000000


-112.451714	213103121231213013123101	0110111000111001100111100110110010111001110
25

K 0.000000 0.000000 0.000000
K 2.193931 2.193931 -2.193931
P 4.387862 0.000000 -4.387862
G 6.581793 2.193931 -6.581793
A 4.387862 4.387862 -8.775724
S 2.193931 2.193931 -10.969655
L 0.000000 0.000000 -8.775724
A 2.193931 -2.193931 -6.581793
A 0.000000 -4.387862 -4.387862
L -2.193931 -2.193931 -2.193931
Q -4.387862 0.000000 -4.387862
A -2.193931 2.193931 -6.581793
L 0.000000 4.387862 -4.387862
Q 2.193931 6.581793 -6.581793
A 0.000000 8.775724 -8.775724
L -2.193931 6.581793 -10.969655
Q -4.387862 4.387862 -8.775724
A -6.581793 2.193931 -10.969655
A -8.775724 0.000000 -8.775724
Q -6.581793 -2.193931 -6.581793
A -4.387862 -4.387862 -8.775724
A -2.193931 -2.193931 -10.969655
K -4.387862 0.000000 -13.163586
K -2.193931 2.193931 -15.357517
Y 0.000000 4.387862 -13.163586


-112.451714	312102131321312012132101	1110011000011011101101101110010010011011010
25

K 0.000000 0.000000 0.000000
K 2.193931 2.193931 -2.193931
P 4.387862 0.000000 -4.387862
G 6.581793 2.193931 -6.581793
A 8.775724 4.387862 -4.387862
S 10.969655 2.193931 -2.193931
L 8.775724 0.000000 -0.000000
A 6.581793 -2.193931 -2.193931
A 4.387862 -4.387862 -0.000000
L 2.193931 -2.193931 2.193931
Q 4.387862 0.000000 4.387862
A 6.581793 2.193931 2.193931
L 4.387862 4.387862 -0.000000
Q 6.581793 6.581793 -2.193931
A 8.775724 8.775724 -0.000000
L 10.969655 6.581793 2.193931
Q 8.775724 4.387862 4.387862
A 10.969655 2.193931 6.581793
A 8.775724 0.000000 8.775724
Q 6.581793 -2.193931 6.581793
A 8.775724 -4.387862 4.387862
A 10.969655 -2.193931 2.193931
K 13.163586 0.000000 4.387862
K 15.357517 2.193931 2.193931
Y 13.163586 4.387862 -0.000000


-112.444557	210312013230102103120301	0110001110010010110111001000011000111001001
25

K 0.000000 0.000000 0.000000
K 2.193931 2.193931 -2.193931
P 4.387862 0.000000 -4.387862
G 6.581793 -2.193931 -2.193931
A 8.775724 -4.387862 -4.387862
S 6.581793 -6.581793 -6.581793
L 4.387862 -8.775724 -4.387862
A 6.581793 -10.969655 -2.193931
A 8.775724 -13.163586 -4.387862
L 10.969655 -10.969655 -6.581793
Q 13.163586 -8.775724 -4.387862
A 10.969655 -6.581793 -2.193931
L 8.775724 -8.775724 -0.000000
Q 6.581793 -6.581793 2.193931
A 4.387862 -4.387862 -0.000000
L 2.193931 -6.581793 -2.193931
Q 0.000000 -4.387862 -4.387862
A 2.193931 -2.193931 -6.581793
A 4.387862 -4.387862 -8.775724
Q 2.193931 -6.581793 -10.969655
A 0.000000 -8.775724 -8.775724
A 2.193931 -10.969655 -6.581793
K 4.387862 -13.163586 -8.775724
K 6.581793 -10.969655 -10.969655
Y 8.775724 -8.775724 -8.775724


-112.434290	013123101031310312103101	0010111001111000100011101110001110011000110
25

K 0.000000 0.000000 0.000000
K 2.193931 2.193931 -2.193931
P 4.387862 0.000000 -4.387862
G 6.581793 2.193931 -6.581793
A 4.387862 4.387862 -8.775724
S 2.193931 6.581793 -6.581793
L 0.000000 4.387862 -4.387862
A -2.193931 2.193931 -6.581793
A -4.387862 0.000000 -4.387862
L -2.193931 -2.193931 -2.193931
Q 0.000000 -4.387862 -4.387862
A 2.193931 -2.193931 -6.581793
L 0.000000 0.000000 -8.775724
Q 2.193931 2.193931 -10.969655
A 0.000000 4.387862 -13.163586
L -2.193931 6.581793 -10.969655
Q -4.387862 4.387862 -8.775724
A -6.581793 6.581793 -6.581793
A -8.775724 4.387862 -4.387862
Q -6.581793 2.193931 -2.193931
A -4.387862 4.387862 -0.000000
A -2.193931 6.581793 -2.193931
K -4.387862 8.775724 -4.387862
K -2.193931 10.969655 -6.581793
Y 0.000000 8.775724 -8.775724


-112.434290	012132101021210213102101	0010011011011000100001100110000110111000010
25

K 0.000000 0.000000 0.000000
K 2.193931 2.193931 -2.193931
P 4.387862 0.000000 -4.387862
G 6.581793 2.193931 -6.581793
A 8.775724 4.387862 -4.387862
S 6.581793 6.581793 -2.193931
L 4.387862 4.387862 -0.000000
A 6.581793 2.193931 2.193931
A 4.387862 0.000000 4.387862
L 2.193931 -2.193931 2.193931
Q 4.387862 -4.387862 -0.000000
A 6.581793 -2.193931 -2.193931
L 8.775724 0.000000 -0.000000
Q 10.969655 2.193931 -2.193931
A 13.163586 4.387862 -0.000000
L 10.969655 6.581793 2.193931
Q 8.775724 4.387862 4.387862
A 6.581793 6.581793 6.581793
A 4.387862 4.387862 8.775724
Q 2.193931 2.193931 6.581793
A 0.000000 4.387862 4.387862
A 2.193931 6.581793 2.193931
K 4.387862 8.775724 4.387862
K 6.581793 10.969655 2.193931
Y 8.775724 8.775724 -0.000000


-112.364807	013230132012312103201301	0010110111001011010010011110011000110100101
25

K 0.000000 0.000000 0.000000
K 2.193931 2.193931 -2.193931
P 4.387862 0.000000 -4.387862
G 6.581793 -2.193931 -2.193931
A 4.387862 -4.387862 0.000000
S 2.193931 -2.193931 2.193931
L 4.387862 0.000000 4.387862
A 6.581793 -2.193931 6.581793
A 8.775724 -4.387862 4.387862
L 10.969655 -2.193931 2.193931
Q 13.163586 0.000000 4.387862
A 15.357517 2.193931 2.193931
L 13.163586 4.387862 0.000000
Q 10.969655 2.193931 -2.193931
A 8.775724 0.000000 0.000000
L 6.581793 2.193931 2.193931
Q 8.775724 4.387862 4.387862
A 10.969655 2.193931 6.581793
A 8.775724 0.000000 8.775724
Q 6.581793 2.193931 10.969655
A 4.387862 4.387862 8.775724
A 2.193931 2.193931 6.581793
K 0.000000 4.387862 4.387862
K 2.193931 6.581793 2.193931
Y 4.387862 4.387862 0.000000


-112.275692	321023120301213210231301	1101100001111001001100100110110110000111101
25

K 0.000000 0.000000 0.000000
K 2.193931 2.193931 -2.193931
P 4.387862 0.000000 -4.387862
G 6.581793 -2.193931 -2.193931
A 4.387862 -4.387862 0.000000
S 6.581793 -6.581793 2.193931
L 8.775724 -4.387862 4.387862
A 6.581793 -2.193931 6.581793
A 4.387862 -4.387862 8.775724
L 2.193931 -6.581793 6.581793
Q 0.000000 -4.387862 4.387862
A 2.193931 -2.193931 2.193931
L 4.387862 -0.000000 4.387862
Q 6.581793 2.193931 2.193931
A 8.775724 -0.000000 0.000000
L 10.969655 -2.193931 2.193931
Q 13.163586 -4.387862 0.000000
A 10.969655 -6.581793 -2.193931
A 8.775724 -8.775724 0.000000
Q 10.969655 -10.969655 2.193931
A 13.163586 -8.775724 4.387862
A 10.969655 -6.581793 6.581793
K 8.775724 -8.775724 8.775724
K 6.581793 -10.969655 6.581793
Y 4.387862 -8.775724 4.387862


-112.215119	021310312013030130201301	0001101110001110010010110011001011000100101
25

K 0.000000 0.000000 0.000000
K 2.193931 2.193931 -2.193931
P 4.387862 0.000000 -4.387862
G 6.581793 -2.193931 -2.193931
A 4.387862 -4.387862 0.000000
S 2.193931 -2.193931 2.193931
L 4.387862 0.000000 4.387862
A 2.193931 2.193931 6.581793
A 0.000000 4.387862 4.387862
L 2.193931 6.581793 2.193931
Q 4.387862 4.387862 0.000000
A 6.581793 2.193931 2.193931
L 8.775724 0.000000 0.000000
Q 10.969655 -2.193931 2.193931
A 8.775724 -4.387862 4.387862
L 6.581793 -2.193931 6.581793
Q 8.775724 0.000000 8.775724
A 10.969655 2.193931 6.581793
A 8.775724 4.387862 4.387862
Q 6.581793 6.581793 6.581793
A 4.387862 4.387862 8.775724
A 6.581793 2.193931 10.969655
K 4.387862 0.000000 13.163586
K 2.193931 -2.193931 10.969655
Y 4.387862 -4.387862 8.775724


-112.144517	321301231210302103102101	1101101100100111100110001100011000111000010
25

K 0.000000 0.000000 0.000000
K 2.193931 2.193931 -2.193931
P 4.387862 0.000000 -4.387862
G 6.581793 2.193931 -6.581793
A 8.775724 4.387862 -4.387862
S 6.581793 6.581793 -2.193931
L 4.387862 4.387862 -0.000000
A 6.581793 2.193931 2.193931
A 8.775724 0.000000 -0.000000
L 10.969655 2.193931 -2.193931
Q 13.163586 4.387862 -0.000000
A 10.969655 6.581793 2.193931
L 8.775724 8.775724 -0.000000
Q 6.581793 10.969655 2.193931
A 4.387862 8.775724 4.387862
L 2.193931 6.581793 2.193931
Q 0.000000 4.387862 4.387862
A 2.193931 2.193931 6.581793
A 4.387862 4.387862 8.775724
Q 6.581793 6.581793 6.581793
A 8.775724 4.387862 4.387862
A 10.969655 2.193931 6.581793
K 8.775724 0.000000 8.775724
K 6.581793 -2.193931 6.581793
Y 4.387862 0.000000 4.387862


-112.144517	231201321310203102103101	0111100100101101101110000100111000011000110
25

K 0.000000 0.000000 0.000000
K 2.193931 2.193931 -2.193931
P 4.387862 0.000000 -4.387862
G 6.581793 2.193931 -6.581793
A 4.387862 4.387862 -8.775724
S 2.193931 6.581793 -6.581793
L 0.000000 4.387862 -4.387862
A -2.193931 2.193931 -6.581793
A 0.000000 0.000000 -8.775724
L 2.193931 2.193931 -10.969655
Q 0.000000 4.387862 -13.163586
A -2.193931 6.581793 -10.969655
L 0.000000 8.775724 -8.775724
Q -2.193931 10.969655 -6.581793
A -4.387862 8.775724 -4.387862
L -2.193931 6.581793 -2.193931
Q -4.387862 4.387862 -0.000000
A -6.581793 2.193931 -2.193931
A -8.775724 4.387862 -4.387862
Q -6.581793 6.581793 -6.581793
A -4.387862 4.387862 -8.775724
A -6.581793 2.193931 -10.969655
K -8.775724 0.000000 -8.775724
K -6.581793 -2.193931 -6.581793
Y -4.387862 0.000000 -4.387862


-112.050625	302123131201213210120301	1100011001111011100100100110110110001001001
25

K 0.000000 0.000000 0.000000
K 2.193931 2.193931 -2.193931
P 4.387862 0.000000 -4.387862
G 6.581793 -2.193931 -2.193931
A 8.775724 -4.387862 -4.387862
S 6.581793 -6.581793 -6.581793
L 4.387862 -8.775724 -4.387862
A 2.193931 -6.581793 -2.193931
A 0.000000 -8.775724 -0.000000
L -2.193931 -10.969655 -2.193931
Q -4.387862 -8.775724 -4.387862
A -2.193931 -6.581793 -6.581793
L 0.000000 -4.387862 -4.387862
Q 2.193931 -2.193931 -6.581793
A 4.387862 -4.387862 -8.775724
L 2.193931 -6.581793 -10.969655
Q 0.000000 -8.775724 -8.775724
A 2.193931 -10.969655 -6.581793
A 0.000000 -13.163586 -4.387862
Q 2.193931 -15.357517 -2.193931
A 4.387862 -13.163586 -0.000000
A 6.581793 -10.969655 -2.193931
K 8.775724 -8.775724 -0.000000
K 6.581793 -6.581793 2.193931
Y 4.387862 -4.387862 -0.000000


-111.919404	023230130320203201302301	0001110111001011001101000100110100101100011
25

K 0.000000 0.000000 0.000000
K 2.193931 2.193931 -2.193931
P 4.387862 0.000000 -4.387862
G 6.581793 -2.193931 -2.193931
A 8.775724 0.000000 0.000000
S 6.581793 2.193931 2.193931
L 4.387862 4.387862 0.000000
A 6.581793 6.581793 -2.193931
A 8.775724 4.387862 -4.387862
L 6.581793 2.193931 -6.581793
Q 4.387862 4.387862 -8.775724
A 2.193931 6.581793 -6.581793
L 4.387862 8.775724 -4.387862
Q 2.193931 10.969655 -2.193931
A 4.387862 13.163586 -0.000000
L 6.581793 10.969655 2.193931
Q 8.775724 8.775724 -0.000000
A 10.969655 6.581793 2.193931
A 8.775724 4.387862 4.387862
Q 6.581793 6.581793 6.581793
A 4.387862 8.775724 4.387862
A 2.193931 6.581793 2.193931
K 0.000000 8.775724 -0.000000
K -2.193931 6.581793 -2.193931
Y 0.000000 4.387862 -4.387862


-111.898808	031010310213013130102101	0011100010001110000110110010111011001000010
25

K 0.000000 0.000000 0.000000
K 2.193931 2.193931 -2.193931
P 4.387862 0.000000 -4.387862
G 6.581793 2.193931 -6.581793
A 8.775724 4.387862 -4.387862
S 6.581793 6.581793 -2.193931
L 4.387862 4.387862 -0.000000
A 2.193931 6.581793 2.193931
A 0.000000 8.775724 -0.000000
L 2.193931 10.969655 -2.193931
Q 0.000000 13.163586 -4.387862
A 2.193931 15.357517 -6.581793
L 4.387862 13.163586 -8.775724
Q 6.581793 10.969655 -6.581793
A 4.387862 8.775724 -4.387862
L 2.193931 6.581793 -6.581793
Q 4.387862 4.387862 -8.775724
A 6.581793 6.581793 -10.969655
A 4.387862 8.775724 -13.163586
Q 2.193931 10.969655 -10.969655
A 0.000000 8.775724 -8.775724
A -2.193931 10.969655 -6.581793
K -4.387862 8.775724 -4.387862
K -2.193931 6.581793 -2.193931
Y 0.000000 4.387862 -4.387862


-111.898808	021010210312012120103101	0001100010000110001110010010011001001000110
25

K 0.000000 0.000000 0.000000
K 2.193931 2.193931 -2.193931
P 4.387862 0.000000 -4.387862
G 6.581793 2.193931 -6.581793
A 4.387862 4.387862 -8.775724
S 2.193931 6.581793 -6.581793
L 0.000000 4.387862 -4.387862
A -2.193931 6.581793 -2.193931
A 0.000000 8.775724 -0.000000
L 2.193931 10.969655 -2.193931
Q 4.387862 13.163586 -0.000000
A 6.581793 15.357517 -2.193931
L 8.775724 13.163586 -4.387862
Q 6.581793 10.969655 -6.581793
A 4.387862 8.775724 -4.387862
L 6.581793 6.581793 -2.193931
Q 8.775724 4.387862 -4.387862
A 10.969655 6.581793 -6.581793
A 13.163586 8.775724 -4.387862
Q 10.969655 10.969655 -2.193931
A 8.775724 8.775724 -0.000000
A 6.581793 10.969655 2.193931
K 4.387862 8.775724 4.387862
K 2.193931 6.581793 2.193931
Y 4.387862 4.387862 -0.000000


-111.882826	032320120230302301302301	0011011101001001000111001100011100101100011
25

K 0.000000 0.000000 0.000000
K 2.193931 2.193931 -2.193931
P 4.387862 0.000000 -4.387862
G 6.581793 -2.193931 -2.193931
A 8.775724 0.000000 0.000000
S 6.581793 2.193931 2.193931
L 4.387862 4.387862 0.000000
A 6.581793 6.581793 -2.193931
A 8.775724 4.387862 -4.387862
L 10.969655 2.193931 -2.193931
Q 13.163586 4.387862 0.000000
A 10.969655 6.581793 2.193931
L 8.775724 8.775724 0.000000
Q 6.581793 10.969655 2.193931
A 4.387862 13.163586 0.000000
L 2.193931 10.969655 -2.193931
Q 4.387862 8.775724 -4.387862
A 2.193931 6.581793 -6.581793
A 0.000000 4.387862 -4.387862
Q -2.193931 6.581793 -2.193931
A 0.000000 8.775724 -0.000000
A 2.193931 6.581793 2.193931
K 4.387862 8.775724 4.387862
K 6.581793 6.581793 6.581793
Y 8.775724 4.387862 4.387862


-111.878660	210132101201012310120101	0110001011011000100100100010011110001001000
25

K 0.000000 0.000000 0.000000
K 2.193931 2.193931 -2.193931
P 4.387862 0.000000 -4.387862
G 6.581793 2.193931 -6.581793
A 8.775724 0.000000 -8.775724
S 6.581793 -2.193931 -10.969655
L 4.387862 -4.387862 -8.775724
A 2.193931 -2.193931 -6.581793
A 0.000000 -4.387862 -4.387862
L 2.193931 -6.581793 -2.193931
Q 4.387862 -4.387862 -0.000000
A 6.581793 -2.193931 -2.193931
L 8.775724 -4.387862 -4.387862
Q 10.969655 -2.193931 -6.581793
A 13.163586 -4.387862 -8.775724
L 10.969655 -6.581793 -10.969655
Q 8.775724 -8.775724 -8.775724
A 6.581793 -6.581793 -6.581793
A 4.387862 -8.775724 -4.387862
Q 2.193931 -10.969655 -6.581793
A 0.000000 -8.775724 -8.775724
A 2.193931 -6.581793 -10.969655
K 4.387862 -8.775724 -13.163586
K 6.581793 -6.581793 -15.357517
Y 8.775724 -4.387862 -13.163586


-111.878660	310123101301013210130101	1110001001111000101100100010110110001011000
25

K 0.000000 0.000000 0.000000
K 2.193931 2.193931 -2.193931
P 4.387862 0.000000 -4.387862
G 6.581793 2.193931 -6.581793
A 8.775724 0.000000 -8.775724
S 10.969655 -2.193931 -6.581793
L 8.775724 -4.387862 -4.387862
A 6.581793 -2.193931 -2.193931
A 4.387862 -4.387862 -0.000000
L 2.193931 -6.581793 -2.193931
Q 0.000000 -4.387862 -4.387862
A 2.193931 -2.193931 -6.581793
L 4.387862 -4.387862 -8.775724
Q 6.581793 -2.193931 -10.969655
A 8.775724 -4.387862 -13.163586
L 10.969655 -6.581793 -10.969655
Q 8.775724 -8.775724 -8.775724
A 6.581793 -6.581793 -6.581793
A 4.387862 -8.775724 -4.387862
Q 6.581793 -10.969655 -2.193931
A 8.775724 -8.775724 -0.000000
A 10.969655 -6.581793 -2.193931
K 13.163586 -8.775724 -4.387862
K 15.357517 -6.581793 -6.581793
Y 13.163586 -4.387862 -8.775724


-111.764290	230301321310203201321301	0111001100101101101110000100110100101101101
25

K 0.000000 0.000000 0.000000
K 2.193931 2.193931 -2.193931
P 4.387862 0.000000 -4.387862
G 6.581793 -2.193931 -2.193931
A 4.387862 -4.387862 0.000000
S 2.193931 -6.581793 -2.193931
L 0.000000 -4.387862 -4.387862
A 2.193931 -2.193931 -6.581793
A 4.387862 -4.387862 -8.775724
L 2.193931 -6.581793 -10.969655
Q 0.000000 -4.387862 -13.163586
A -2.193931 -2.193931 -10.969655
L 0.000000 -0.000000 -8.775724
Q -2.193931 2.193931 -6.581793
A -4.387862 -0.000000 -4.387862
L -2.193931 -2.193931 -2.193931
Q -4.387862 -4.387862 -0.000000
A -6.581793 -6.581793 -2.193931
A -8.775724 -4.387862 -4.387862
Q -6.581793 -2.193931 -6.581793
A -4.387862 -4.387862 -8.775724
A -2.193931 -6.581793 -6.581793
K 0.000000 -8.775724 -8.775724
K 2.193931 -10.969655 -6.581793
Y 4.387862 -8.775724 -4.387862


-111.700681	213210130201213210103101	0110110110001011000100100110110110001000110
25

K 0.000000 0.000000 0.000000
K 2.193931 2.193931 -2.193931
P 4.387862 0.000000 -4.387862
G 6.581793 2.193931 -6.581793
A 4.387862 4.387862 -8.775724
S 2.193931 6.581793 -6.581793
L 0.000000 4.387862 -4.387862
A -2.193931 6.581793 -2.193931
A -4.387862 4.387862 -0.000000
L -6.581793 2.193931 -2.193931
Q -8.775724 4.387862 -4.387862
A -6.581793 6.581793 -6.581793
L -4.387862 8.775724 -4.387862
Q -2.193931 10.969655 -6.581793
A 0.000000 8.775724 -8.775724
L -2.193931 6.581793 -10.969655
Q 0.000000 4.387862 -13.163586
A 2.193931 2.193931 -10.969655
A 0.000000 0.000000 -8.775724
Q -2.193931 2.193931 -6.581793
A -4.387862 0.000000 -4.387862
A -6.581793 -2.193931 -6.581793
K -8.775724 0.000000 -8.775724
K -6.581793 2.193931 -10.969655
Y -4.387862 4.387862 -8.775724


-111.700681	312310120301312310102101	1110011110001001001100101110011110001000010
25

K 0.000000 0.000000 0.000000
K 2.193931 2.193931 -2.193931
P 4.387862 0.000000 -4.387862
G 6.581793 2.193931 -6.581793
A 8.775724 4.387862 -4.387862
S 6.581793 6.581793 -2.193931
L 4.387862 4.387862 -0.000000
A 2.193931 6.581793 2.193931
A 0.000000 4.387862 4.387862
L 2.193931 2.193931 6.581793
Q 4.387862 4.387862 8.775724
A 6.581793 6.581793 6.581793
L 4.387862 8.775724 4.387862
Q 6.581793 10.969655 2.193931
A 8.775724 8.775724 -0.000000
L 10.969655 6.581793 2.193931
Q 13.163586 4.387862 -0.000000
A 10.969655 2.193931 -2.193931
A 8.775724 0.000000 -0.000000
Q 6.581793 2.193931 2.193931
A 4.387862 0.000000 4.387862
A 6.581793 -2.193931 6.581793
K 8.775724 0.000000 8.775724
K 10.969655 2.193931 6.581793
Y 8.775724 4.387862 4.387862


-111.644501	023130132031010310201301	0001111011001011010011100010001110000100101
25

K 0.000000 0.000000 0.000000
K 2.193931 2.193931 -2.193931
P 4.387862 0.000000 -4.387862
G 6.581793 -2.193931 -2.193931
A 4.387862 -4.387862 0.000000
S 2.193931 -2.193931 2.193931
L 4.387862 0.000000 4.387862
A 2.193931 2.193931 6.581793
A 0.000000 0.000000 8.775724
L 2.193931 -2.193931 10.969655
Q 4.387862 -4.387862 8.775724
A 6.581793 -2.193931 6.581793
L 8.775724 -4.387862 4.387862
Q 10.969655 -2.193931 2.193931
A 8.775724 0.000000 0.000000
L 6.581793 2.193931 2.193931
Q 8.775724 4.387862 4.387862
A 10.969655 2.193931 6.581793
A 8.775724 0.000000 8.775724
Q 6.581793 2.193931 10.969655
A 4.387862 4.387862 8.775724
A 6.581793 6.581793 6.581793
K 4.387862 8.775724 4.387862
K 2.193931 6.581793 2.193931
Y 4.387862 4.387862 0.000000


-111.629075	032020120321021230302101	0011010001001001001101100001100111001100010
25

K 0.000000 0.000000 0.000000
K 2.193931 2.193931 -2.193931
P 4.387862 0.000000 -4.387862
G 6.581793 2.193931 -6.581793
A 8.775724 4.387862 -4.387862
S 6.581793 6.581793 -2.193931
L 4.387862 8.775724 -4.387862
A 2.193931 10.969655 -2.193931
A 0.000000 13.163586 -4.387862
L -2.193931 10.969655 -6.581793
Q -4.387862 8.775724 -4.387862
A -6.581793 6.581793 -6.581793
L -4.387862 4.387862 -8.775724
Q -2.193931 6.581793 -10.969655
A 0.000000 8.775724 -8.775724
L 2.193931 6.581793 -6.581793
Q 4.387862 4.387862 -8.775724
A 2.193931 2.193931 -10.969655
A 0.000000 0.000000 -8.775724
Q -2.193931 2.193931 -6.581793
A 0.000000 4.387862 -4.387862
A -2.193931 6.581793 -2.193931
K 0.000000 8.775724 -0.000000
K 2.193931 6.581793 2.193931
Y 4.387862 4.387862 -0.000000


-111.629075	023030130231031320203101	0001110011001011000111100011101101000100110
25

K 0.000000 0.000000 0.000000
K 2.193931 2.193931 -2.193931
P 4.387862 0.000000 -4.387862
G 6.581793 2.193931 -6.581793
A 4.387862 4.387862 -8.775724
S 2.193931 6.581793 -6.581793
L 4.387862 8.775724 -4.387862
A 2.193931 10.969655 -2.193931
A 4.387862 13.163586 -0.000000
L 6.581793 10.969655 2.193931
Q 4.387862 8.775724 4.387862
A 6.581793 6.581793 6.581793
L 8.775724 4.387862 4.387862
Q 10.969655 6.581793 2.193931
A 8.775724 8.775724 -0.000000
L 6.581793 6.581793 -2.193931
Q 8.775724 4.387862 -4.387862
A 10.969655 2.193931 -2.193931
A 8.775724 0.000000 -0.000000
Q 6.581793 2.193931 2.193931
A 4.387862 4.387862 -0.000000
A 2.193931 6.581793 2.193931
K 0.000000 8.775724 -0.000000
K -2.193931 6.581793 -2.193931
Y 0.000000 4.387862 -4.387862


-111.587321	321320120301312310102101	1101101101001001001100101110011110001000010
25

K 0.000000 0.000000 0.000000
K 2.193931 2.193931 -2.193931
P 4.387862 0.000000 -4.387862
G 6.581793 2.193931 -6.581793
A 8.775724 4.387862 -4.387862
S 6.581793 6.581793 -2.193931
L 4.387862 4.387862 -0.000000
A 2.193931 6.581793 2.193931
A 0.000000 4.387862 4.387862
L 2.193931 2.193931 6.581793
Q 4.387862 4.387862 8.775724
A 6.581793 6.581793 6.581793
L 4.387862 8.775724 4.387862
Q 6.581793 10.969655 2.193931
A 8.775724 8.775724 -0.000000
L 10.969655 6.581793 2.193931
Q 13.163586 4.387862 -0.000000
A 10.969655 2.193931 -2.193931
A 8.775724 0.000000 -0.000000
Q 6.581793 2.193931 2.193931
A 8.775724 4.387862 4.387862
A 10.969655 2.193931 6.581793
K 8.775724 0.000000 8.775724
K 6.581793 -2.193931 6.581793
Y 4.387862 0.000000 4.387862


-111.587321	231230130201213210103101	0111100111001011000100100110110110001000110
25

K 0.000000 0.000000 0.000000
K 2.193931 2.193931 -2.193931
P 4.387862 0.000000 -4.387862
G 6.581793 2.193931 -6.581793
A 4.387862 4.387862 -8.775724
S 2.193931 6.581793 -6.581793
L 0.000000 4.387862 -4.387862
A -2.193931 6.581793 -2.193931
A -4.387862 4.387862 -0.000000
L -6.581793 2.193931 -2.193931
Q -8.775724 4.387862 -4.387862
A -6.581793 6.581793 -6.581793
L -4.387862 8.775724 -4.387862
Q -2.193931 10.969655 -6.581793
A 0.000000 8.775724 -8.775724
L -2.193931 6.581793 -10.969655
Q 0.000000 4.387862 -13.163586
A 2.193931 2.193931 -10.969655
A 0.000000 0.000000 -8.775724
Q -2.193931 2.193931 -6.581793
A -4.387862 4.387862 -8.775724
A -6.581793 2.193931 -10.969655
K -8.775724 0.000000 -8.775724
K -6.581793 -2.193931 -6.581793
Y -4.387862 0.000000 -4.387862


-111.476686	321013012310303103201301	1101100010110010011110001100111000110100101
25

K 0.000000 0.000000 0.000000
K 2.193931 2.193931 -2.193931
P 4.387862 0.000000 -4.387862
G 6.581793 -2.193931 -2.193931
A 4.387862 -4.387862 0.000000
S 2.193931 -2.193931 2.193931
L 4.387862 0.000000 4.387862
A 6.581793 -2.193931 6.581793
A 8.775724 -4.387862 4.387862
L 10.969655 -2.193931 2.193931
Q 8.775724 0.000000 0.000000
A 6.581793 2.193931 2.193931
L 4.387862 4.387862 0.000000
Q 2.193931 6.581793 2.193931
A 0.000000 4.387862 4.387862
L 2.193931 2.193931 6.581793
Q 4.387862 4.387862 8.775724
A 6.581793 6.581793 6.581793
A 8.775724 4.387862 4.387862
Q 10.969655 2.193931 6.581793
A 8.775724 0.000000 8.775724
A 6.581793 2.193931 10.969655
K 4.387862 0.000000 13.163586
K 2.193931 -2.193931 10.969655
Y 0.000000 0.000000 8.775724


-111.465732	312013210302123120132301	1110010010110110001100011001111001001011011
25

K 0.000000 0.000000 0.000000
K 2.193931 2.193931 -2.193931
P 4.387862 0.000000 -4.387862
G 6.581793 -2.193931 -2.193931
A 8.775724 0.000000 0.000000
S 10.969655 -2.193931 2.193931
L 8.775724 -4.387862 4.387862
A 6.581793 -2.193931 6.581793
A 8.775724 0.000000 8.775724
L 10.969655 2.193931 6.581793
Q 8.775724 4.387862 4.387862
A 6.581793 2.193931 2.193931
L 4.387862 0.000000 4.387862
Q 2.193931 -2.193931 2.193931
A 4.387862 -4.387862 0.000000
L 6.581793 -6.581793 2.193931
Q 8.775724 -8.775724 0.000000
A 10.969655 -6.581793 -2.193931
A 13.163586 -4.387862 0.000000
Q 15.357517 -6.581793 2.193931
A 13.163586 -8.775724 4.387862
A 10.969655 -6.581793 6.581793
K 13.163586 -4.387862 8.775724
K 15.357517 -2.193931 6.581793
Y 13.163586 -0.000000 4.387862


-111.418933	321313213021321213232101	1101101110110110110001101101100110110111010
25

K 0.000000 0.000000 0.000000
K 2.193931 2.193931 -2.193931
P 4.387862 0.000000 -4.387862
G 6.581793 2.193931 -6.581793
A 8.775724 4.387862 -4.387862
S 10.969655 2.193931 -2.193931
L 13.163586 4.387862 -0.000000
A 15.357517 2.193931 2.193931
A 13.163586 0.000000 4.387862
L 10.969655 -2.193931 2.193931
Q 8.775724 -4.387862 4.387862
A 6.581793 -6.581793 2.193931
L 4.387862 -4.387862 -0.000000
Q 6.581793 -2.193931 -2.193931
A 8.775724 -0.000000 -0.000000
L 6.581793 2.193931 2.193931
Q 4.387862 4.387862 -0.000000
A 6.581793 6.581793 -2.193931
A 8.775724 8.775724 -0.000000
Q 10.969655 6.581793 2.193931
A 8.775724 4.387862 4.387862
A 10.969655 2.193931 6.581793
K 8.775724 -0.000000 8.775724
K 6.581793 -2.193931 6.581793
Y 4.387862 -0.000000 4.387862


-111.418933	231212312031231312323101	0111100110011110010011100111101110011101110
25

K 0.000000 0.000000 0.000000
K 2.193931 2.193931 -2.193931
P 4.387862 0.000000 -4.387862
G 6.581793 2.193931 -6.581793
A 4.387862 4.387862 -8.775724
S 2.193931 2.193931 -10.969655
L 0.000000 4.387862 -13.163586
A -2.193931 2.193931 -15.357517
A -4.387862 0.000000 -13.163586
L -2.193931 -2.193931 -10.969655
Q -4.387862 -4.387862 -8.775724
A -2.193931 -6.581793 -6.581793
L 0.000000 -4.387862 -4.387862
Q 2.193931 -2.193931 -6.581793
A 0.000000 -0.000000 -8.775724
L -2.193931 2.193931 -6.581793
Q 0.000000 4.387862 -4.387862
A 2.193931 6.581793 -6.581793
A 0.000000 8.775724 -8.775724
Q -2.193931 6.581793 -10.969655
A -4.387862 4.387862 -8.775724
A -6.581793 2.193931 -10.969655
K -8.775724 -0.000000 -8.775724
K -6.581793 -2.193931 -6.581793
Y -4.387862 -0.000000 -4.387862


-111.360641	032320120230302103102101	0011011101001001000111001100011000111000010
25

K 0.000000 0.000000 0.000000
K 2.193931 2.193931 -2.193931
P 4.387862 0.000000 -4.387862
G 6.581793 2.193931 -6.581793
A 8.775724 4.387862 -4.387862
S 6.581793 6.581793 -2.193931
L 4.387862 4.387862 -0.000000
A 6.581793 2.193931 2.193931
A 8.775724 0.000000 -0.000000
L 10.969655 2.193931 -2.193931
Q 13.163586 4.387862 -0.000000
A 10.969655 6.581793 2.193931
L 8.775724 8.775724 -0.000000
Q 6.581793 10.969655 2.193931
A 4.387862 13.163586 -0.000000
L 2.193931 10.969655 -2.193931
Q 4.387862 8.775724 -4.387862
A 2.193931 6.581793 -6.581793
A 0.000000 4.387862 -4.387862
Q -2.193931 6.581793 -2.193931
A 0.000000 8.775724 -0.000000
A 2.193931 6.581793 2.193931
K 4.387862 8.775724 4.387862
K 6.581793 6.581793 6.581793
Y 8.775724 4.387862 4.387862


-111.360641	023230130320203102103101	0001110111001011001101000100111000011000110
25

K 0.000000 0.000000 0.000000
K 2.193931 2.193931 -2.193931
P 4.387862 0.000000 -4.387862
G 6.581793 2.193931 -6.581793
A 4.387862 4.387862 -8.775724
S 2.193931 6.581793 -6.581793
L 0.000000 4.387862 -4.387862
A -2.193931 2.193931 -6.581793
A 0.000000 0.000000 -8.775724
L 2.193931 2.193931 -10.969655
Q 0.000000 4.387862 -13.163586
A -2.193931 6.581793 -10.969655
L 0.000000 8.775724 -8.775724
Q -2.193931 10.969655 -6.581793
A 0.000000 13.163586 -4.387862
L 2.193931 10.969655 -2.193931
Q 4.387862 8.775724 -4.387862
A 6.581793 6.581793 -2.193931
A 4.387862 4.387862 -0.000000
Q 2.193931 6.581793 2.193931
A 0.000000 8.775724 -0.000000
A -2.193931 6.581793 -2.193931
K -4.387862 8.775724 -4.387862
K -6.581793 6.581793 -6.581793
Y -4.387862 4.387862 -8.775724


-111.293422	103201212032021023230101	1000110100100110010011010001100001110111000
25

K 0.000000 0.000000 0.000000
K 2.193931 2.193931 -2.193931
P 4.387862 0.000000 -4.387862
G 6.581793 2.193931 -6.581793
A 8.775724 0.000000 -8.775724
S 10.969655 -2.193931 -6.581793
L 13.163586 0.000000 -4.387862
A 15.357517 -2.193931 -2.193931
A 17.551448 0.000000 -0.000000
L 15.357517 2.193931 2.193931
Q 13.163586 0.000000 4.387862
A 10.969655 -2.193931 2.193931
L 13.163586 -4.387862 -0.000000
Q 10.969655 -6.581793 -2.193931
A 8.775724 -4.387862 -4.387862
L 6.581793 -2.193931 -2.193931
Q 8.775724 -0.000000 -0.000000
A 10.969655 2.193931 -2.193931
A 13.163586 4.387862 -0.000000
Q 15.357517 6.581793 -2.193931
A 17.551448 4.387862 -4.387862
A 15.357517 2.193931 -6.581793
K 13.163586 4.387862 -8.775724
K 10.969655 6.581793 -6.581793
Y 8.775724 4.387862 -4.387862


-111.293422	321023030210203201012301	1101100001110011000110000100110100100010011
25

K 0.000000 0.000000 0.000000
K 2.193931 2.193931 -2.193931
P 4.387862 0.000000 -4.387862
G 6.581793 -2.193931 -2.193931
A 8.775724 0.000000 0.000000
S 10.969655 2.193931 -2.193931
L 13.163586 0.000000 -4.387862
A 15.357517 2.193931 -6.581793
A 17.551448 0.000000 -8.775724
L 15.357517 -2.193931 -10.969655
Q 13.163586 0.000000 -13.163586
A 10.969655 2.193931 -10.969655
L 13.163586 4.387862 -8.775724
Q 10.969655 6.581793 -6.581793
A 8.775724 4.387862 -4.387862
L 6.581793 2.193931 -6.581793
Q 8.775724 0.000000 -8.775724
A 10.969655 -2.193931 -6.581793
A 13.163586 -4.387862 -8.775724
Q 15.357517 -6.581793 -6.581793
A 17.551448 -4.387862 -4.387862
A 15.357517 -2.193931 -2.193931
K 13.163586 -4.387862 -0.000000
K 10.969655 -6.581793 -2.193931
Y 8.775724 -4.387862 -4.387862


-111.293422	102301313023031032320101	1000011100101110110001110011100011011101000
25

K 0.000000 0.000000 0.000000
K 2.193931 2.193931 -2.193931
P 4.387862 0.000000 -4.387862
G 6.581793 2.193931 -6.581793
A 8.775724 0.000000 -8.775724
S 6.581793 -2.193931 -10.969655
L 4.387862 0.000000 -13.163586
A 2.193931 -2.193931 -15.357517
A 0.000000 0.000000 -17.551448
L -2.193931 2.193931 -15.357517
Q -4.387862 0.000000 -13.163586
A -2.193931 -2.193931 -10.969655
L 0.000000 -4.387862 -13.163586
Q 2.193931 -6.581793 -10.969655
A 4.387862 -4.387862 -8.775724
L 2.193931 -2.193931 -6.581793
Q 0.000000 -0.000000 -8.775724
A 2.193931 2.193931 -10.969655
A 0.000000 4.387862 -13.163586
Q 2.193931 6.581793 -15.357517
A 4.387862 4.387862 -17.551448
A 6.581793 2.193931 -15.357517
K 8.775724 4.387862 -13.163586
K 6.581793 6.581793 -10.969655
Y 4.387862 4.387862 -8.775724


-111.293422	132031010320301302023101	1011010011100010001101001100101100010001110
25

K 0.000000 0.000000 0.000000
K 2.193931 2.193931 -2.193931
P 4.387862 0.000000 -4.387862
G 6.581793 2.193931 -6.581793
A 4.387862 4.387862 -8.775724
S 2.193931 2.193931 -10.969655
L 4.387862 0.000000 -13.163586
A 2.193931 -2.193931 -15.357517
A 4.387862 -4.387862 -17.551448
L 6.581793 -6.581793 -15.357517
Q 4.387862 -8.775724 -13.163586
A 2.193931 -6.581793 -10.969655
L 0.000000 -4.387862 -13.163586
Q -2.193931 -2.193931 -10.969655
A 0.000000 -0.000000 -8.775724
L 2.193931 -2.193931 -6.581793
Q 4.387862 -4.387862 -8.775724
A 6.581793 -2.193931 -10.969655
A 8.775724 -4.387862 -13.163586
Q 10.969655 -2.193931 -15.357517
A 8.775724 -0.000000 -17.551448
A 6.581793 2.193931 -15.357517
K 8.775724 4.387862 -13.163586
K 10.969655 2.193931 -10.969655
Y 8.775724 -0.000000 -8.775724


-111.293422	123021010230201203032101	1001110001100010000111000100100100110011010
25

K 0.000000 0.000000 0.000000
K 2.193931 2.193931 -2.193931
P 4.387862 0.000000 -4.387862
G 6.581793 2.193931 -6.581793
A 8.775724 4.387862 -4.387862
S 10.969655 2.193931 -2.193931
L 13.163586 0.000000 -4.387862
A 15.357517 -2.193931 -2.193931
A 17.551448 -4.387862 -4.387862
L 15.357517 -6.581793 -6.581793
Q 13.163586 -8.775724 -4.387862
A 10.969655 -6.581793 -2.193931
L 13.163586 -4.387862 -0.000000
Q 10.969655 -2.193931 2.193931
A 8.775724 -0.000000 -0.000000
L 6.581793 -2.193931 -2.193931
Q 8.775724 -4.387862 -4.387862
A 10.969655 -2.193931 -6.581793
A 13.163586 -4.387862 -8.775724
Q 15.357517 -2.193931 -10.969655
A 17.551448 -0.000000 -8.775724
A 15.357517 2.193931 -6.581793
K 13.163586 4.387862 -8.775724
K 10.969655 2.193931 -10.969655
Y 8.775724 -0.000000 -8.775724


-111.293422	301203232012023021210301	1100100100110111010010010001110001100110001
25

K 0.000000 0.000000 0.000000
K 2.193931 2.193931 -2.193931
P 4.387862 0.000000 -4.387862
G 6.581793 -2.193931 -2.193931
A 8.775724 -4.387862 -4.387862
S 10.969655 -2.193931 -6.581793
L 13.163586 0.000000 -4.387862
A 15.357517 2.193931 -6.581793
A 17.551448 4.387862 -4.387862
L 15.357517 6.581793 -2.193931
Q 13.163586 8.775724 -4.387862
A 10.969655 6.581793 -6.581793
L 13.163586 4.387862 -8.775724
Q 10.969655 2.193931 -10.969655
A 8.775724 0.000000 -8.775724
L 6.581793 2.193931 -6.581793
Q 8.775724 4.387862 -4.387862
A 10.969655 2.193931 -2.193931
A 13.163586 4.387862 -0.000000
Q 15.357517 2.193931 2.193931
A 17.551448 0.000000 -0.000000
A 15.357517 -2.193931 -2.193931
K 13.163586 -4.387862 -0.000000
K 10.969655 -2.193931 2.193931
Y 8.775724 0.000000 -0.000000


-111.273303	213132120123231230120101	0110111011011001001001110111100111001001000
25

K 0.000000 0.000000 0.000000
K 2.193931 2.193931 -2.193931
P 4.387862 0.000000 -4.387862
G 6.581793 2.193931 -6.581793
A 8.775724 0.000000 -8.775724
S 6.581793 -2.193931 -10.969655
L 4.387862 -4.387862 -8.775724
A 2.193931 -2.193931 -6.581793
A 0.000000 0.000000 -8.775724
L -2.193931 -2.193931 -10.969655
Q -4.387862 -4.387862 -8.775724
A -2.193931 -6.581793 -6.581793
L 0.000000 -4.387862 -4.387862
Q 2.193931 -6.581793 -2.193931
A 4.387862 -4.387862 -0.000000
L 6.581793 -2.193931 -2.193931
Q 8.775724 -4.387862 -4.387862
A 6.581793 -6.581793 -6.581793
A 4.387862 -8.775724 -4.387862
Q 2.193931 -10.969655 -6.581793
A 0.000000 -8.775724 -8.775724
A 2.193931 -6.581793 -10.969655
K 0.000000 -4.387862 -13.163586
K 2.193931 -2.193931 -15.357517
Y 4.387862 -0.000000 -13.163586


-111.273303	312123130132321320130101	1110011001111011001011011101101101001011000
25

K 0.000000 0.000000 0.000000
K 2.193931 2.193931 -2.193931
P 4.387862 0.000000 -4.387862
G 6.581793 2.193931 -6.581793
A 8.775724 0.000000 -8.775724
S 10.969655 -2.193931 -6.581793
L 8.775724 -4.387862 -4.387862
A 6.581793 -2.193931 -2.193931
A 8.775724 0.000000 -0.000000
L 10.969655 -2.193931 2.193931
Q 8.775724 -4.387862 4.387862
A 6.581793 -6.581793 2.193931
L 4.387862 -4.387862 -0.000000
Q 2.193931 -6.581793 -2.193931
A 0.000000 -4.387862 -4.387862
L 2.193931 -2.193931 -6.581793
Q 4.387862 -4.387862 -8.775724
A 6.581793 -6.581793 -6.581793
A 4.387862 -8.775724 -4.387862
Q 6.581793 -10.969655 -2.193931
A 8.775724 -8.775724 -0.000000
A 10.969655 -6.581793 -2.193931
K 13.163586 -4.387862 -0.000000
K 15.357517 -2.193931 -2.193931
Y 13.163586 -0.000000 -4.387862


-111.206452	103201213023031032320101	1000110100100110110001110011100011011101000
25

K 0.000000 0.000000 0.000000
K 2.193931 2.193931 -2.193931
P 4.387862 0.000000 -4.387862
G 6.581793 2.193931 -6.581793
A 8.775724 0.000000 -8.775724
S 6.581793 -2.193931 -10.969655
L 4.387862 0.000000 -13.163586
A 2.193931 -2.193931 -15.357517
A 0.000000 0.000000 -17.551448
L -2.193931 2.193931 -15.357517
Q -4.387862 0.000000 -13.163586
A -2.193931 -2.193931 -10.969655
L 0.000000 -4.387862 -13.163586
Q 2.193931 -6.581793 -10.969655
A 4.387862 -4.387862 -8.775724
L 2.193931 -2.193931 -6.581793
Q 0.000000 -0.000000 -8.775724
A 2.193931 2.193931 -10.969655
A 4.387862 4.387862 -8.775724
Q 6.581793 6.581793 -10.969655
A 8.775724 4.387862 -13.163586
A 6.581793 2.193931 -15.357517
K 4.387862 4.387862 -17.551448
K 2.193931 6.581793 -15.357517
Y 0.000000 4.387862 -13.163586


-111.206452	102301312032021023230101	1000011100101110010011010001100001110111000
25

K 0.000000 0.000000 0.000000
K 2.193931 2.193931 -2.193931
P 4.387862 0.000000 -4.387862
G 6.581793 2.193931 -6.581793
A 8.775724 0.000000 -8.775724
S 10.969655 -2.193931 -6.581793
L 13.163586 0.000000 -4.387862
A 15.357517 -2.193931 -2.193931
A 17.551448 0.000000 -0.000000
L 15.357517 2.193931 2.193931
Q 13.163586 0.000000 4.387862
A 10.969655 -2.193931 2.193931
L 13.163586 -4.387862 -0.000000
Q 10.969655 -6.581793 -2.193931
A 8.775724 -4.387862 -4.387862
L 6.581793 -2.193931 -2.193931
Q 8.775724 -0.000000 -0.000000
A 10.969655 2.193931 -2.193931
A 8.775724 4.387862 -4.387862
Q 10.969655 6.581793 -6.581793
A 13.163586 4.387862 -8.775724
A 15.357517 2.193931 -6.581793
K 17.551448 4.387862 -4.387862
K 15.357517 6.581793 -2.193931
Y 13.163586 4.387862 -0.000000


-111.206452	320123130210203201012301	1101001001111011000110000100110100100010011
25

K 0.000000 0.000000 0.000000
K 2.193931 2.193931 -2.193931
P 4.387862 0.000000 -4.387862
G 6.581793 -2.193931 -2.193931
A 8.775724 0.000000 0.000000
S 10.969655 2.193931 -2.193931
L 13.163586 0.000000 -4.387862
A 15.357517 2.193931 -6.581793
A 17.551448 0.000000 -8.775724
L 15.357517 -2.193931 -10.969655
Q 13.163586 0.000000 -13.163586
A 10.969655 2.193931 -10.969655
L 13.163586 4.387862 -8.775724
Q 10.969655 6.581793 -6.581793
A 8.775724 4.387862 -4.387862
L 6.581793 2.193931 -6.581793
Q 8.775724 0.000000 -8.775724
A 10.969655 -2.193931 -6.581793
A 8.775724 -4.387862 -4.387862
Q 10.969655 -6.581793 -2.193931
A 13.163586 -4.387862 -0.000000
A 15.357517 -2.193931 -2.193931
K 17.551448 -4.387862 -4.387862
K 15.357517 -6.581793 -6.581793
Y 13.163586 -4.387862 -8.775724


-111.206452	130231210320301302023101	1011000111100110001101001100101100010001110
25

K 0.000000 0.000000 0.000000
K 2.193931 2.193931 -2.193931
P 4.387862 0.000000 -4.387862
G 6.581793 2.193931 -6.581793
A 4.387862 4.387862 -8.775724
S 2.193931 2.193931 -10.969655
L 4.387862 0.000000 -13.163586
A 2.193931 -2.193931 -15.357517
A 4.387862 -4.387862 -17.551448
L 6.581793 -6.581793 -15.357517
Q 4.387862 -8.775724 -13.163586
A 2.193931 -6.581793 -10.969655
L 0.000000 -4.387862 -13.163586
Q -2.193931 -2.193931 -10.969655
A 0.000000 -0.000000 -8.775724
L 2.193931 -2.193931 -6.581793
Q 4.387862 -4.387862 -8.775724
A 6.581793 -2.193931 -10.969655
A 8.775724 -0.000000 -8.775724
Q 10.969655 2.193931 -10.969655
A 8.775724 4.387862 -13.163586
A 6.581793 2.193931 -15.357517
K 8.775724 -0.000000 -17.551448
K 10.969655 -2.193931 -15.357517
Y 8.775724 -4.387862 -13.163586


-111.206452	120321310230201203032101	1001001101101110000111000100100100110011010
25

K 0.000000 0.000000 0.000000
K 2.193931 2.193931 -2.193931
P 4.387862 0.000000 -4.387862
G 6.581793 2.193931 -6.581793
A 8.775724 4.387862 -4.387862
S 10.969655 2.193931 -2.193931
L 13.163586 0.000000 -4.387862
A 15.357517 -2.193931 -2.193931
A 17.551448 -4.387862 -4.387862
L 15.357517 -6.581793 -6.581793
Q 13.163586 -8.775724 -4.387862
A 10.969655 -6.581793 -2.193931
L 13.163586 -4.387862 -0.000000
Q 10.969655 -2.193931 2.193931
A 8.775724 -0.000000 -0.000000
L 6.581793 -2.193931 -2.193931
Q 8.775724 -4.387862 -4.387862
A 10.969655 -2.193931 -6.581793
A 8.775724 -0.000000 -8.775724
Q 10.969655 2.193931 -10.969655
A 13.163586 4.387862 -8.775724
A 15.357517 2.193931 -6.581793
K 17.551448 -0.000000 -8.775724
K 15.357517 -2.193931 -10.969655
Y 13.163586 -4.387862 -8.775724


-111.206452	302103132012023021210301	1100011000111011010010010001110001100110001
25

K 0.000000 0.000000 0.000000
K 2.193931 2.193931 -2.193931
P 4.387862 0.000000 -4.387862
G 6.581793 -2.193931 -2.193931
A 8.775724 -4.387862 -4.387862
S 10.969655 -2.193931 -6.581793
L 13.163586 0.000000 -4.387862
A 15.357517 2.193931 -6.581793
A 17.551448 4.387862 -4.387862
L 15.357517 6.581793 -2.193931
Q 13.163586 8.775724 -4.387862
A 10.969655 6.581793 -6.581793
L 13.163586 4.387862 -8.775724
Q 10.969655 2.193931 -10.969655
A 8.775724 0.000000 -8.775724
L 6.581793 2.193931 -6.581793
Q 8.775724 4.387862 -4.387862
A 10.969655 2.193931 -2.193931
A 8.775724 0.000000 -0.000000
Q 10.969655 -2.193931 2.193931
A 13.163586 -4.387862 -0.000000
A 15.357517 -2.193931 -2.193931
K 17.551448 0.000000 -0.000000
K 15.357517 2.193931 2.193931
Y 13.163586 4.387862 -0.000000


-111.191958	103021210212012310102101	1000110001100110000110010010011110001000010
25

K 0.000000 0.000000 0.000000
K 2.193931 2.193931 -2.193931
P 4.387862 0.000000 -4.387862
G 6.581793 2.193931 -6.581793
A 8.775724 4.387862 -4.387862
S 6.581793 6.581793 -2.193931
L 4.387862 4.387862 -0.000000
A 2.193931 6.581793 2.193931
A 0.000000 4.387862 4.387862
L 2.193931 2.193931 6.581793
Q 4.387862 4.387862 8.775724
A 6.581793 6.581793 6.581793
L 8.775724 4.387862 4.387862
Q 6.581793 2.193931 2.193931
A 4.387862 0.000000 4.387862
L 2.193931 -2.193931 2.193931
Q 4.387862 -4.387862 -0.000000
A 6.581793 -2.193931 -2.193931
A 8.775724 0.000000 -0.000000
Q 10.969655 2.193931 -2.193931
A 13.163586 4.387862 -0.000000
A 10.969655 6.581793 2.193931
K 8.775724 8.775724 -0.000000
K 6.581793 10.969655 2.193931
Y 4.387862 8.775724 4.387862


-111.191958	102031310313013210103101	1000010011101110001110110010110110001000110
25

K 0.000000 0.000000 0.000000
K 2.193931 2.193931 -2.193931
P 4.387862 0.000000 -4.387862
G 6.581793 2.193931 -6.581793
A 4.387862 4.387862 -8.775724
S 2.193931 6.581793 -6.581793
L 0.000000 4.387862 -4.387862
A -2.193931 6.581793 -2.193931
A -4.387862 4.387862 -0.000000
L -6.581793 2.193931 -2.193931
Q -8.775724 4.387862 -4.387862
A -6.581793 6.581793 -6.581793
L -4.387862 4.387862 -8.775724
Q -2.193931 2.193931 -6.581793
A -4.387862 0.000000 -4.387862
L -2.193931 -2.193931 -2.193931
Q 0.000000 -4.387862 -4.387862
A 2.193931 -2.193931 -6.581793
A 0.000000 0.000000 -8.775724
Q 2.193931 2.193931 -10.969655
A 0.000000 4.387862 -13.163586
A -2.193931 6.581793 -10.969655
K 0.000000 8.775724 -8.775724
K -2.193931 10.969655 -6.581793
Y -4.387862 8.775724 -4.387862


-111.166538	131202312321323013123101	1011100100011110011101101101110010111001110
25

K 0.000000 0.000000 0.000000
K 2.193931 2.193931 -2.193931
P 4.387862 0.000000 -4.387862
G 6.581793 2.193931 -6.581793
A 4.387862 4.387862 -8.775724
S 2.193931 2.193931 -10.969655
L 0.000000 0.000000 -8.775724
A 2.193931 -2.193931 -6.581793
A 0.000000 -4.387862 -4.387862
L -2.193931 -2.193931 -2.193931
Q -4.387862 0.000000 -4.387862
A -6.581793 -2.193931 -6.581793
L -8.775724 0.000000 -8.775724
Q -6.581793 2.193931 -10.969655
A -4.387862 4.387862 -8.775724
L -2.193931 2.193931 -6.581793
Q 0.000000 4.387862 -4.387862
A 2.193931 6.581793 -6.581793
A 0.000000 8.775724 -8.775724
Q -2.193931 6.581793 -10.969655
A 0.000000 4.387862 -13.163586
A -2.193931 2.193931 -15.357517
K -4.387862 0.000000 -13.163586
K -2.193931 -2.193931 -10.969655
Y -4.387862 -4.387862 -8.775724


-111.166538	121303213231232012132101	1001101100110110110111100111010010011011010
25

K 0.000000 0.000000 0.000000
K 2.193931 2.193931 -2.193931
P 4.387862 0.000000 -4.387862
G 6.581793 2.193931 -6.581793
A 8.775724 4.387862 -4.387862
S 10.969655 2.193931 -2.193931
L 8.775724 0.000000 -0.000000
A 6.581793 -2.193931 -2.193931
A 4.387862 -4.387862 -0.000000
L 2.193931 -2.193931 2.193931
Q 4.387862 0.000000 4.387862
A 6.581793 -2.193931 6.581793
L 8.775724 0.000000 8.775724
Q 10.969655 2.193931 6.581793
A 8.775724 4.387862 4.387862
L 6.581793 2.193931 2.193931
Q 4.387862 4.387862 -0.000000
A 6.581793 6.581793 -2.193931
A 8.775724 8.775724 -0.000000
Q 10.969655 6.581793 2.193931
A 13.163586 4.387862 -0.000000
A 15.357517 2.193931 2.193931
K 13.163586 0.000000 4.387862
K 10.969655 -2.193931 2.193931
Y 8.775724 -4.387862 4.387862


-111.162435	310203102312012130201301	1110000100111000011110010010011011000100101
25

K 0.000000 0.000000 0.000000
K 2.193931 2.193931 -2.193931
P 4.387862 0.000000 -4.387862
G 6.581793 -2.193931 -2.193931
A 4.387862 -4.387862 0.000000
S 2.193931 -2.193931 2.193931
L 4.387862 0.000000 4.387862
A 2.193931 2.193931 6.581793
A 0.000000 4.387862 4.387862
L 2.193931 6.581793 2.193931
Q 4.387862 8.775724 4.387862
A 6.581793 10.969655 2.193931
L 8.775724 8.775724 0.000000
Q 6.581793 6.581793 -2.193931
A 4.387862 4.387862 0.000000
L 6.581793 2.193931 2.193931
Q 8.775724 4.387862 4.387862
A 6.581793 6.581793 6.581793
A 4.387862 4.387862 8.775724
Q 6.581793 2.193931 10.969655
A 8.775724 0.000000 8.775724
A 6.581793 -2.193931 6.581793
K 8.775724 -4.387862 4.387862
K 10.969655 -2.193931 2.193931
Y 8.775724 0.000000 0.000000


-111.154830	321213012123121031231301	1101100110110010011001111001100011100111101
25

K 0.000000 0.000000 0.000000
K 2.193931 2.193931 -2.193931
P 4.387862 0.000000 -4.387862
G 6.581793 -2.193931 -2.193931
A 4.387862 -4.387862 0.000000
S 6.581793 -6.581793 2.193931
L 8.775724 -4.387862 4.387862
A 10.969655 -2.193931 2.193931
A 8.775724 -0.000000 0.000000
L 6.581793 2.193931 2.193931
Q 4.387862 -0.000000 4.387862
A 2.193931 -2.193931 2.193931
L 0.000000 -4.387862 4.387862
Q 2.193931 -6.581793 6.581793
A 4.387862 -4.387862 8.775724
L 6.581793 -2.193931 6.581793
Q 8.775724 -0.000000 8.775724
A 10.969655 2.193931 6.581793
A 13.163586 -0.000000 4.387862
Q 15.357517 -2.193931 6.581793
A 13.163586 -4.387862 8.775724
A 10.969655 -6.581793 6.581793
K 8.775724 -8.775724 8.775724
K 6.581793 -10.969655 6.581793
Y 4.387862 -8.775724 4.387862


-111.151135	312123021213212032132301	1110011001110001100110110110010011011011011
25

K 0.000000 0.000000 0.000000
K 2.193931 2.193931 -2.193931
P 4.387862 0.000000 -4.387862
G 6.581793 -2.193931 -2.193931
A 8.775724 0.000000 0.000000
S 10.969655 -2.193931 2.193931
L 8.775724 -4.387862 4.387862
A 6.581793 -6.581793 2.193931
A 4.387862 -4.387862 0.000000
L 2.193931 -2.193931 2.193931
Q 4.387862 -0.000000 4.387862
A 6.581793 2.193931 2.193931
L 8.775724 4.387862 4.387862
Q 10.969655 2.193931 6.581793
A 8.775724 -0.000000 8.775724
L 6.581793 -2.193931 6.581793
Q 4.387862 -4.387862 8.775724
A 2.193931 -6.581793 6.581793
A 4.387862 -8.775724 4.387862
Q 6.581793 -10.969655 6.581793
A 8.775724 -8.775724 8.775724
A 10.969655 -6.581793 6.581793
K 13.163586 -4.387862 8.775724
K 15.357517 -2.193931 6.581793
Y 13.163586 -0.000000 4.387862


-111.144228	213013120201213010120101	0110110010111001000100100110110010001001000
25

K 0.000000 0.000000 0.000000
K 2.193931 2.193931 -2.193931
P 4.387862 0.000000 -4.387862
G 6.581793 2.193931 -6.581793
A 8.775724 0.000000 -8.775724
S 6.581793 -2.193931 -10.969655
L 4.387862 -4.387862 -8.775724
A 2.193931 -2.193931 -6.581793
A 0.000000 -4.387862 -4.387862
L -2.193931 -2.193931 -2.193931
Q -4.387862 0.000000 -4.387862
A -2.193931 2.193931 -6.581793
L 0.000000 4.387862 -4.387862
Q 2.193931 6.581793 -6.581793
A 4.387862 4.387862 -8.775724
L 2.193931 2.193931 -10.969655
Q 4.387862 0.000000 -13.163586
A 2.193931 -2.193931 -15.357517
A 0.000000 -4.387862 -13.163586
Q 2.193931 -6.581793 -10.969655
A 0.000000 -8.775724 -8.775724
A -2.193931 -6.581793 -6.581793
K -4.387862 -4.387862 -8.775724
K -2.193931 -2.193931 -10.969655
Y 0.000000 0.000000 -8.775724


-111.144228	312012130301312010130101	1110010010011011001100101110010010001011000
25

K 0.000000 0.000000 0.000000
K 2.193931 2.193931 -2.193931
P 4.387862 0.000000 -4.387862
G 6.581793 2.193931 -6.581793
A 8.775724 0.000000 -8.775724
S 10.969655 -2.193931 -6.581793
L 8.775724 -4.387862 -4.387862
A 6.581793 -2.193931 -2.193931
A 4.387862 -4.387862 -0.000000
L 2.193931 -2.193931 2.193931
Q 4.387862 0.000000 4.387862
A 6.581793 2.193931 2.193931
L 4.387862 4.387862 -0.000000
Q 6.581793 6.581793 -2.193931
A 8.775724 4.387862 -4.387862
L 10.969655 2.193931 -2.193931
Q 13.163586 0.000000 -4.387862
A 15.357517 -2.193931 -2.193931
A 13.163586 -4.387862 -0.000000
Q 10.969655 -6.581793 -2.193931
A 8.775724 -8.775724 -0.000000
A 6.581793 -6.581793 2.193931
K 8.775724 -4.387862 4.387862
K 10.969655 -2.193931 2.193931
Y 8.775724 0.000000 -0.000000


-111.079614	031012013130101301203101	0011100010010010111011001000101100100100110
25

K 0.000000 0.000000 0.000000
K 2.193931 2.193931 -2.193931
P 4.387862 0.000000 -4.387862
G 6.581793 2.193931 -6.581793
A 4.387862 4.387862 -8.775724
S 2.193931 6.581793 -6.581793
L 4.387862 8.775724 -4.387862
A 6.581793 10.969655 -6.581793
A 8.775724 8.775724 -8.775724
L 10.969655 6.581793 -6.581793
Q 8.775724 4.387862 -4.387862
A 6.581793 6.581793 -2.193931
L 4.387862 4.387862 -0.000000
Q 2.193931 6.581793 2.193931
A 0.000000 8.775724 -0.000000
L 2.193931 10.969655 -2.193931
Q 0.000000 13.163586 -4.387862
A 2.193931 15.357517 -6.581793
A 4.387862 13.163586 -8.775724
Q 2.193931 10.969655 -10.969655
A 0.000000 8.775724 -8.775724
A -2.193931 10.969655 -6.581793
K -4.387862 8.775724 -4.387862
K -2.193931 6.581793 -2.193931
Y 0.000000 4.387862 -4.387862


-111.079614	021013012120101201302101	0001100010110010011001001000100100101100010
25

K 0.000000 0.000000 0.000000
K 2.193931 2.193931 -2.193931
P 4.387862 0.000000 -4.387862
G 6.581793 2.193931 -6.581793
A 8.775724 4.387862 -4.387862
S 6.581793 6.581793 -2.193931
L 4.387862 8.775724 -4.387862
A 6.581793 10.969655 -6.581793
A 8.775724 8.775724 -8.775724
L 6.581793 6.581793 -10.969655
Q 4.387862 4.387862 -8.775724
A 2.193931 6.581793 -6.581793
L 0.000000 4.387862 -4.387862
Q -2.193931 6.581793 -2.193931
A 0.000000 8.775724 -0.000000
L 2.193931 10.969655 -2.193931
Q 4.387862 13.163586 -0.000000
A 6.581793 15.357517 -2.193931
A 8.775724 13.163586 -4.387862
Q 10.969655 10.969655 -2.193931
A 8.775724 8.775724 -0.000000
A 6.581793 10.969655 2.193931
K 4.387862 8.775724 4.387862
K 2.193931 6.581793 2.193931
Y 4.387862 4.387862 -0.000000


-111.064540	130131201013030130201301	1011001011100100100010110011001011000100101
25

K 0.000000 0.000000 0.000000
K 2.193931 2.193931 -2.193931
P 4.387862 0.000000 -4.387862
G 6.581793 -2.193931 -2.193931
A 4.387862 -4.387862 0.000000
S 2.193931 -2.193931 2.193931
L 4.387862 0.000000 4.387862
A 2.193931 2.193931 6.581793
A 0.000000 4.387862 4.387862
L 2.193931 6.581793 2.193931
Q 4.387862 4.387862 0.000000
A 6.581793 2.193931 2.193931
L 8.775724 0.000000 0.000000
Q 10.969655 -2.193931 2.193931
A 8.775724 -4.387862 4.387862
L 6.581793 -2.193931 6.581793
Q 4.387862 -4.387862 8.775724
A 2.193931 -2.193931 10.969655
A 4.387862 0.000000 13.163586
Q 6.581793 2.193931 10.969655
A 4.387862 4.387862 8.775724
A 6.581793 6.581793 6.581793
K 8.775724 4.387862 4.387862
K 10.969655 2.193931 6.581793
Y 8.775724 0.000000 8.775724


-111.040964	013021321203102031231301	0010110001101101100100111000010011100111101
25

K 0.000000 0.000000 0.000000
K 2.193931 2.193931 -2.193931
P 4.387862 0.000000 -4.387862
G 6.581793 -2.193931 -2.193931
A 4.387862 -4.387862 0.000000
S 6.581793 -6.581793 2.193931
L 8.775724 -4.387862 4.387862
A 10.969655 -2.193931 2.193931
A 8.775724 -0.000000 0.000000
L 6.581793 2.193931 2.193931
Q 8.775724 4.387862 4.387862
A 6.581793 6.581793 6.581793
L 4.387862 4.387862 8.775724
Q 6.581793 2.193931 10.969655
A 8.775724 -0.000000 8.775724
L 6.581793 -2.193931 6.581793
Q 4.387862 -4.387862 8.775724
A 2.193931 -6.581793 6.581793
A 0.000000 -4.387862 4.387862
Q 2.193931 -2.193931 2.193931
A 4.387862 -0.000000 4.387862
A 2.193931 2.193931 6.581793
K 0.000000 4.387862 4.387862
K 2.193931 6.581793 2.193931
Y 4.387862 4.387862 0.000000


-111.036725	031210213021031012320101	0011100110000110110001100011100010011101000
25

K 0.000000 0.000000 0.000000
K 2.193931 2.193931 -2.193931
P 4.387862 0.000000 -4.387862
G 6.581793 2.193931 -6.581793
A 8.775724 0.000000 -8.775724
S 6.581793 -2.193931 -10.969655
L 4.387862 0.000000 -13.163586
A 2.193931 -2.193931 -15.357517
A 0.000000 -4.387862 -13.163586
L -2.193931 -2.193931 -10.969655
Q -4.387862 -4.387862 -8.775724
A -2.193931 -6.581793 -6.581793
L 0.000000 -8.775724 -8.775724
Q 2.193931 -6.581793 -10.969655
A 4.387862 -4.387862 -8.775724
L 2.193931 -2.193931 -6.581793
Q 0.000000 -0.000000 -8.775724
A 2.193931 2.193931 -10.969655
A 4.387862 4.387862 -8.775724
Q 2.193931 6.581793 -6.581793
A 0.000000 4.387862 -4.387862
A -2.193931 2.193931 -6.581793
K -4.387862 -0.000000 -4.387862
K -2.193931 -2.193931 -2.193931
Y 0.000000 -4.387862 -4.387862


-111.036725	021310312031021013230101	0001101110001110010011100001100010110111000
25

K 0.000000 0.000000 0.000000
K 2.193931 2.193931 -2.193931
P 4.387862 0.000000 -4.387862
G 6.581793 2.193931 -6.581793
A 8.775724 0.000000 -8.775724
S 10.969655 -2.193931 -6.581793
L 13.163586 0.000000 -4.387862
A 15.357517 -2.193931 -2.193931
A 13.163586 -4.387862 -0.000000
L 10.969655 -2.193931 2.193931
Q 8.775724 -4.387862 4.387862
A 6.581793 -6.581793 2.193931
L 8.775724 -8.775724 -0.000000
Q 10.969655 -6.581793 -2.193931
A 8.775724 -4.387862 -4.387862
L 6.581793 -2.193931 -2.193931
Q 8.775724 -0.000000 -0.000000
A 10.969655 2.193931 -2.193931
A 8.775724 4.387862 -4.387862
Q 6.581793 6.581793 -2.193931
A 4.387862 4.387862 -0.000000
A 6.581793 2.193931 2.193931
K 4.387862 -0.000000 4.387862
K 2.193931 -2.193931 2.193931
Y 4.387862 -4.387862 -0.000000


-111.013093	132021023120301302103101	1011010001100001111001001100101100011000110
25

K 0.000000 0.000000 0.000000
K 2.193931 2.193931 -2.193931
P 4.387862 0.000000 -4.387862
G 6.581793 2.193931 -6.581793
A 4.387862 4.387862 -8.775724
S 2.193931 6.581793 -6.581793
L 0.000000 4.387862 -4.387862
A -2.193931 2.193931 -6.581793
A 0.000000 0.000000 -8.775724
L 2.193931 -2.193931 -6.581793
Q 0.000000 -4.387862 -4.387862
A -2.193931 -2.193931 -2.193931
L -4.387862 0.000000 -4.387862
Q -6.581793 2.193931 -2.193931
A -4.387862 4.387862 -0.000000
L -2.193931 6.581793 -2.193931
Q -4.387862 8.775724 -4.387862
A -6.581793 6.581793 -6.581793
A -4.387862 4.387862 -8.775724
Q -2.193931 6.581793 -10.969655
A 0.000000 8.775724 -8.775724
A -2.193931 10.969655 -6.581793
K 0.000000 13.163586 -4.387862
K 2.193931 10.969655 -2.193931
Y 0.000000 8.775724 -0.000000


-111.013093	123031032130201203102101	1001110011100011011011000100100100111000010
25

K 0.000000 0.000000 0.000000
K 2.193931 2.193931 -2.193931
P 4.387862 0.000000 -4.387862
G 6.581793 2.193931 -6.581793
A 8.775724 4.387862 -4.387862
S 6.581793 6.581793 -2.193931
L 4.387862 4.387862 -0.000000
A 6.581793 2.193931 2.193931
A 8.775724 0.000000 -0.000000
L 6.581793 -2.193931 -2.193931
Q 4.387862 -4.387862 -0.000000
A 2.193931 -2.193931 2.193931
L 4.387862 0.000000 4.387862
Q 2.193931 2.193931 6.581793
A 0.000000 4.387862 4.387862
L 2.193931 6.581793 2.193931
Q 4.387862 8.775724 4.387862
A 6.581793 6.581793 6.581793
A 8.775724 4.387862 4.387862
Q 10.969655 6.581793 2.193931
A 8.775724 8.775724 -0.000000
A 6.581793 10.969655 2.193931
K 4.387862 13.163586 -0.000000
K 2.193931 10.969655 -2.193931
Y 0.000000 8.775724 -0.000000


-110.887304	131202012130231230120101	1011100100010010011011000111100111001001000
25

K 0.000000 0.000000 0.000000
K 2.193931 2.193931 -2.193931
P 4.387862 0.000000 -4.387862
G 6.581793 2.193931 -6.581793
A 8.775724 0.000000 -8.775724
S 6.581793 -2.193931 -10.969655
L 4.387862 -4.387862 -8.775724
A 2.193931 -2.193931 -6.581793
A 0.000000 0.000000 -8.775724
L -2.193931 -2.193931 -10.969655
Q -4.387862 -4.387862 -8.775724
A -2.193931 -6.581793 -6.581793
L 0.000000 -4.387862 -4.387862
Q -2.193931 -2.193931 -2.193931
A -4.387862 -0.000000 -4.387862
L -2.193931 2.193931 -6.581793
Q 0.000000 4.387862 -4.387862
A 2.193931 6.581793 -6.581793
A 4.387862 4.387862 -8.775724
Q 2.193931 2.193931 -10.969655
A 4.387862 -0.000000 -13.163586
A 2.193931 -2.193931 -15.357517
K 0.000000 -4.387862 -13.163586
K 2.193931 -6.581793 -10.969655
Y 0.000000 -8.775724 -8.775724


-110.887304	121303013120321320130101	1001101100110010111001001101101101001011000
25

K 0.000000 0.000000 0.000000
K 2.193931 2.193931 -2.193931
P 4.387862 0.000000 -4.387862
G 6.581793 2.193931 -6.581793
A 8.775724 0.000000 -8.775724
S 10.969655 -2.193931 -6.581793
L 8.775724 -4.387862 -4.387862
A 6.581793 -2.193931 -2.193931
A 8.775724 0.000000 -0.000000
L 10.969655 -2.193931 2.193931
Q 8.775724 -4.387862 4.387862
A 6.581793 -6.581793 2.193931
L 4.387862 -4.387862 -0.000000
Q 2.193931 -2.193931 2.193931
A 4.387862 -0.000000 4.387862
L 6.581793 2.193931 2.193931
Q 4.387862 4.387862 -0.000000
A 6.581793 6.581793 -2.193931
A 8.775724 4.387862 -4.387862
Q 10.969655 2.193931 -2.193931
A 13.163586 -0.000000 -4.387862
A 15.357517 -2.193931 -2.193931
K 13.163586 -4.387862 -0.000000
K 10.969655 -6.581793 -2.193931
Y 8.775724 -8.775724 -0.000000


