-11.950000	30132101301	11001011011000101
12

F 0.000000 0.000000 0.000000
A 2.193931 2.193931 -2.193931
T 4.387862 0.000000 -4.387862
M 6.581793 -2.193931 -2.193931
R 4.387862 -4.387862 0.000000
Y 2.193931 -2.193931 2.193931
P 0.000000 -4.387862 4.387862
S -2.193931 -6.581793 2.193931
D -4.387862 -4.387862 0.000000
S -2.193931 -2.193931 -2.193931
D 0.000000 -4.387862 -4.387862
E 2.193931 -6.581793 -2.193931


-11.420000	10132101301	10001011011000101
12

F 0.000000 0.000000 0.000000
A 2.193931 2.193931 -2.193931
T 4.387862 0.000000 -4.387862
M 6.581793 -2.193931 -2.193931
R 4.387862 -4.387862 0.000000
Y 2.193931 -2.193931 2.193931
P 0.000000 -4.387862 4.387862
S -2.193931 -6.581793 2.193931
D -4.387862 -4.387862 0.000000
S -2.193931 -2.193931 -2.193931
D 0.000000 -4.387862 -4.387862
E 2.193931 -2.193931 -6.581793


-10.920000	21031201301	01100011100100101
12

F 0.000000 0.000000 0.000000
A 2.193931 2.193931 -2.193931
T 4.387862 0.000000 -4.387862
M 6.581793 -2.193931 -2.193931
R 4.387862 -4.387862 0.000000
Y 2.193931 -2.193931 2.193931
P 4.387862 0.000000 4.387862
S 6.581793 2.193931 2.193931
D 4.387862 4.387862 0.000000
S 2.193931 6.581793 2.193931
D 0.000000 4.387862 4.387862
E -2.193931 2.193931 2.193931


-10.840000	03102101301	00111000011000101
12

F 0.000000 0.000000 0.000000
A 2.193931 2.193931 -2.193931
T 4.387862 0.000000 -4.387862
M 6.581793 -2.193931 -2.193931
R 4.387862 -4.387862 0.000000
Y 2.193931 -2.193931 2.193931
P 0.000000 -4.387862 4.387862
S -2.193931 -6.581793 2.193931
D 0.000000 -8.775724 0.000000
S 2.193931 -6.581793 -2.193931
D 0.000000 -4.387862 -4.387862
E -2.193931 -2.193931 -2.193931


-10.500000	21301201301	01101100100100101
12

F 0.000000 0.000000 0.000000
A 2.193931 2.193931 -2.193931
T 4.387862 0.000000 -4.387862
M 6.581793 -2.193931 -2.193931
R 4.387862 -4.387862 0.000000
Y 2.193931 -2.193931 2.193931
P 4.387862 0.000000 4.387862
S 6.581793 2.193931 2.193931
D 8.775724 0.000000 0.000000
S 10.969655 -2.193931 2.193931
D 8.775724 -4.387862 4.387862
E 6.581793 -6.581793 2.193931


-10.150000	03202102301	00110100011000011
12

F 0.000000 0.000000 0.000000
A 2.193931 2.193931 -2.193931
T 4.387862 0.000000 -4.387862
M 6.581793 -2.193931 -2.193931
R 8.775724 0.000000 0.000000
Y 6.581793 2.193931 2.193931
P 4.387862 0.000000 4.387862
S 2.193931 -2.193931 2.193931
D 4.387862 -4.387862 0.000000
S 2.193931 -6.581793 -2.193931
D 0.000000 -4.387862 -4.387862
E -2.193931 -2.193931 -2.193931


-9.970000	23101201301	01111000100100101
12

F 0.000000 0.000000 0.000000
A 2.193931 2.193931 -2.193931
T 4.387862 0.000000 -4.387862
M 6.581793 -2.193931 -2.193931
R 4.387862 -4.387862 0.000000
Y 2.193931 -2.193931 2.193931
P 4.387862 0.000000 4.387862
S 6.581793 2.193931 2.193931
D 8.775724 0.000000 0.000000
S 10.969655 2.193931 -2.193931
D 8.775724 4.387862 -4.387862
E 6.581793 2.193931 -6.581793


-9.850000	12310321301	10011110001101101
12

F 0.000000 0.000000 0.000000
A 2.193931 2.193931 -2.193931
T 4.387862 0.000000 -4.387862
M 6.581793 -2.193931 -2.193931
R 4.387862 -4.387862 0.000000
Y 2.193931 -6.581793 -2.193931
P 0.000000 -4.387862 -4.387862
S -2.193931 -2.193931 -2.193931
D -4.387862 -4.387862 0.000000
S -2.193931 -6.581793 2.193931
D 0.000000 -4.387862 4.387862
E 2.193931 -2.193931 2.193931


-9.680000	01230201301	00100111000100101
12

F 0.000000 0.000000 0.000000
A 2.193931 2.193931 -2.193931
T 4.387862 0.000000 -4.387862
M 6.581793 -2.193931 -2.193931
R 4.387862 -4.387862 0.000000
Y 2.193931 -2.193931 2.193931
P 4.387862 0.000000 4.387862
S 2.193931 2.193931 6.581793
D 0.000000 4.387862 4.387862
S -2.193931 2.193931 2.193931
D -4.387862 0.000000 4.387862
E -6.581793 2.193931 6.581793


-9.680000	32130101301	11011011001000101
12

F 0.000000 0.000000 0.000000
A 2.193931 2.193931 -2.193931
T 4.387862 0.000000 -4.387862
M 6.581793 -2.193931 -2.193931
R 4.387862 -4.387862 0.000000
Y 2.193931 -2.193931 2.193931
P 0.000000 -4.387862 4.387862
S -2.193931 -2.193931 6.581793
D -4.387862 0.000000 4.387862
S -2.193931 2.193931 2.193931
D 0.000000 4.387862 4.387862
E 2.193931 2.193931 6.581793


-9.680000	03230201301	00110111000100101
12

F 0.000000 0.000000 0.000000
A 2.193931 2.193931 -2.193931
T 4.387862 0.000000 -4.387862
M 6.581793 -2.193931 -2.193931
R 4.387862 -4.387862 0.000000
Y 2.193931 -2.193931 2.193931
P 4.387862 0.000000 4.387862
S 2.193931 2.193931 6.581793
D 0.000000 4.387862 4.387862
S -2.193931 2.193931 2.193931
D -4.387862 4.387862 0.000000
E -6.581793 6.581793 2.193931


-9.680000	03132101301	00111011011000101
12

F 0.000000 0.000000 0.000000
A 2.193931 2.193931 -2.193931
T 4.387862 0.000000 -4.387862
M 6.581793 -2.193931 -2.193931
R 4.387862 -4.387862 0.000000
Y 2.193931 -2.193931 2.193931
P 0.000000 -4.387862 4.387862
S -2.193931 -6.581793 2.193931
D -4.387862 -4.387862 0.000000
S -2.193931 -2.193931 -2.193931
D -4.387862 -0.000000 -4.387862
E -6.581793 2.193931 -2.193931


-9.680000	03130101301	00111011001000101
12

F 0.000000 0.000000 0.000000
A 2.193931 2.193931 -2.193931
T 4.387862 0.000000 -4.387862
M 6.581793 -2.193931 -2.193931
R 4.387862 -4.387862 0.000000
Y 2.193931 -2.193931 2.193931
P 0.000000 -4.387862 4.387862
S -2.193931 -2.193931 6.581793
D -4.387862 0.000000 4.387862
S -2.193931 2.193931 2.193931
D -4.387862 4.387862 0.000000
E -6.581793 6.581793 2.193931


-9.680000	23230201301	01110111000100101
12

F 0.000000 0.000000 0.000000
A 2.193931 2.193931 -2.193931
T 4.387862 0.000000 -4.387862
M 6.581793 -2.193931 -2.193931
R 4.387862 -4.387862 0.000000
Y 2.193931 -2.193931 2.193931
P 4.387862 0.000000 4.387862
S 2.193931 2.193931 6.581793
D 0.000000 4.387862 4.387862
S -2.193931 2.193931 2.193931
D -4.387862 4.387862 0.000000
E -6.581793 2.193931 -2.193931


-9.680000	21230201301	01100111000100101
12

F 0.000000 0.000000 0.000000
A 2.193931 2.193931 -2.193931
T 4.387862 0.000000 -4.387862
M 6.581793 -2.193931 -2.193931
R 4.387862 -4.387862 0.000000
Y 2.193931 -2.193931 2.193931
P 4.387862 0.000000 4.387862
S 2.193931 2.193931 6.581793
D 0.000000 4.387862 4.387862
S -2.193931 2.193931 2.193931
D -4.387862 0.000000 4.387862
E -6.581793 -2.193931 2.193931


-9.680000	02130101301	00011011001000101
12

F 0.000000 0.000000 0.000000
A 2.193931 2.193931 -2.193931
T 4.387862 0.000000 -4.387862
M 6.581793 -2.193931 -2.193931
R 4.387862 -4.387862 0.000000
Y 2.193931 -2.193931 2.193931
P 0.000000 -4.387862 4.387862
S -2.193931 -2.193931 6.581793
D -4.387862 0.000000 4.387862
S -2.193931 2.193931 2.193931
D 0.000000 4.387862 4.387862
E -2.193931 6.581793 6.581793


-9.680000	13230201301	10110111000100101
12

F 0.000000 0.000000 0.000000
A 2.193931 2.193931 -2.193931
T 4.387862 0.000000 -4.387862
M 6.581793 -2.193931 -2.193931
R 4.387862 -4.387862 0.000000
Y 2.193931 -2.193931 2.193931
P 4.387862 0.000000 4.387862
S 2.193931 2.193931 6.581793
D 0.000000 4.387862 4.387862
S -2.193931 2.193931 2.193931
D -4.387862 4.387862 0.000000
E -2.193931 6.581793 -2.193931


-9.680000	13132101301	10111011011000101
12

F 0.000000 0.000000 0.000000
A 2.193931 2.193931 -2.193931
T 4.387862 0.000000 -4.387862
M 6.581793 -2.193931 -2.193931
R 4.387862 -4.387862 0.000000
Y 2.193931 -2.193931 2.193931
P 0.000000 -4.387862 4.387862
S -2.193931 -6.581793 2.193931
D -4.387862 -4.387862 0.000000
S -2.193931 -2.193931 -2.193931
D -4.387862 -0.000000 -4.387862
E -2.193931 2.193931 -6.581793


-9.680000	13130101301	10111011001000101
12

F 0.000000 0.000000 0.000000
A 2.193931 2.193931 -2.193931
T 4.387862 0.000000 -4.387862
M 6.581793 -2.193931 -2.193931
R 4.387862 -4.387862 0.000000
Y 2.193931 -2.193931 2.193931
P 0.000000 -4.387862 4.387862
S -2.193931 -2.193931 6.581793
D -4.387862 0.000000 4.387862
S -2.193931 2.193931 2.193931
D -4.387862 4.387862 0.000000
E -2.193931 6.581793 -2.193931


-9.680000	20132101301	01001011011000101
12

F 0.000000 0.000000 0.000000
A 2.193931 2.193931 -2.193931
T 4.387862 0.000000 -4.387862
M 6.581793 -2.193931 -2.193931
R 4.387862 -4.387862 0.000000
Y 2.193931 -2.193931 2.193931
P 0.000000 -4.387862 4.387862
S -2.193931 -6.581793 2.193931
D -4.387862 -4.387862 0.000000
S -2.193931 -2.193931 -2.193931
D 0.000000 -4.387862 -4.387862
E -2.193931 -6.581793 -6.581793


-9.680000	31230201301	11100111000100101
12

F 0.000000 0.000000 0.000000
A 2.193931 2.193931 -2.193931
T 4.387862 0.000000 -4.387862
M 6.581793 -2.193931 -2.193931
R 4.387862 -4.387862 0.000000
Y 2.193931 -2.193931 2.193931
P 4.387862 0.000000 4.387862
S 2.193931 2.193931 6.581793
D 0.000000 4.387862 4.387862
S -2.193931 2.193931 2.193931
D -4.387862 0.000000 4.387862
E -2.193931 -2.193931 6.581793


-9.680000	12130101301	10011011001000101
12

F 0.000000 0.000000 0.000000
A 2.193931 2.193931 -2.193931
T 4.387862 0.000000 -4.387862
M 6.581793 -2.193931 -2.193931
R 4.387862 -4.387862 0.000000
Y 2.193931 -2.193931 2.193931
P 0.000000 -4.387862 4.387862
S -2.193931 -2.193931 6.581793
D -4.387862 0.000000 4.387862
S -2.193931 2.193931 2.193931
D 0.000000 4.387862 4.387862
E 2.193931 6.581793 2.193931


-9.680000	23132101301	01111011011000101
12

F 0.000000 0.000000 0.000000
A 2.193931 2.193931 -2.193931
T 4.387862 0.000000 -4.387862
M 6.581793 -2.193931 -2.193931
R 4.387862 -4.387862 0.000000
Y 2.193931 -2.193931 2.193931
P 0.000000 -4.387862 4.387862
S -2.193931 -6.581793 2.193931
D -4.387862 -4.387862 0.000000
S -2.193931 -2.193931 -2.193931
D -4.387862 -0.000000 -4.387862
E -6.581793 -2.193931 -6.581793


-9.680000	23130101301	01111011001000101
12

F 0.000000 0.000000 0.000000
A 2.193931 2.193931 -2.193931
T 4.387862 0.000000 -4.387862
M 6.581793 -2.193931 -2.193931
R 4.387862 -4.387862 0.000000
Y 2.193931 -2.193931 2.193931
P 0.000000 -4.387862 4.387862
S -2.193931 -2.193931 6.581793
D -4.387862 0.000000 4.387862
S -2.193931 2.193931 2.193931
D -4.387862 4.387862 0.000000
E -6.581793 2.193931 -2.193931


-9.490000	03103201301	00111000110100101
12

F 0.000000 0.000000 0.000000
A 2.193931 2.193931 -2.193931
T 4.387862 0.000000 -4.387862
M 6.581793 -2.193931 -2.193931
R 4.387862 -4.387862 0.000000
Y 2.193931 -2.193931 2.193931
P 4.387862 0.000000 4.387862
S 6.581793 -2.193931 6.581793
D 8.775724 -4.387862 4.387862
S 10.969655 -2.193931 2.193931
D 8.775724 0.000000 0.000000
E 6.581793 2.193931 2.193931


-9.490000	01301201301	00101100100100101
12

F 0.000000 0.000000 0.000000
A 2.193931 2.193931 -2.193931
T 4.387862 0.000000 -4.387862
M 6.581793 -2.193931 -2.193931
R 4.387862 -4.387862 0.000000
Y 2.193931 -2.193931 2.193931
P 4.387862 0.000000 4.387862
S 6.581793 2.193931 2.193931
D 8.775724 0.000000 0.000000
S 10.969655 -2.193931 2.193931
D 8.775724 -4.387862 4.387862
E 6.581793 -2.193931 6.581793


-9.220000	10230101301	10000111001000101
12

F 0.000000 0.000000 0.000000
A 2.193931 2.193931 -2.193931
T 4.387862 0.000000 -4.387862
M 6.581793 -2.193931 -2.193931
R 4.387862 -4.387862 0.000000
Y 2.193931 -2.193931 2.193931
P 0.000000 -4.387862 4.387862
S -2.193931 -2.193931 6.581793
D -4.387862 0.000000 4.387862
S -6.581793 -2.193931 2.193931
D -4.387862 -4.387862 0.000000
E -2.193931 -2.193931 -2.193931


-9.220000	13210201301	10110110000100101
12

F 0.000000 0.000000 0.000000
A 2.193931 2.193931 -2.193931
T 4.387862 0.000000 -4.387862
M 6.581793 -2.193931 -2.193931
R 4.387862 -4.387862 0.000000
Y 2.193931 -2.193931 2.193931
P 4.387862 0.000000 4.387862
S 2.193931 2.193931 6.581793
D 0.000000 0.000000 8.775724
S -2.193931 -2.193931 6.581793
D -4.387862 0.000000 4.387862
E -2.193931 2.193931 2.193931


-9.220000	12032101301	10010011011000101
12

F 0.000000 0.000000 0.000000
A 2.193931 2.193931 -2.193931
T 4.387862 0.000000 -4.387862
M 6.581793 -2.193931 -2.193931
R 4.387862 -4.387862 0.000000
Y 2.193931 -2.193931 2.193931
P 0.000000 -4.387862 4.387862
S -2.193931 -6.581793 2.193931
D -4.387862 -4.387862 0.000000
S -6.581793 -2.193931 2.193931
D -4.387862 -0.000000 4.387862
E -2.193931 2.193931 2.193931


-9.220000	23120101301	01111001001000101
12

F 0.000000 0.000000 0.000000
A 2.193931 2.193931 -2.193931
T 4.387862 0.000000 -4.387862
M 6.581793 -2.193931 -2.193931
R 4.387862 -4.387862 0.000000
Y 2.193931 -2.193931 2.193931
P 0.000000 -4.387862 4.387862
S -2.193931 -2.193931 6.581793
D 0.000000 0.000000 8.775724
S 2.193931 2.193931 6.581793
D 0.000000 4.387862 4.387862
E -2.193931 2.193931 2.193931


-9.100000	20131201301	01001011100100101
12

F 0.000000 0.000000 0.000000
A 2.193931 2.193931 -2.193931
T 4.387862 0.000000 -4.387862
M 6.581793 -2.193931 -2.193931
R 4.387862 -4.387862 0.000000
Y 2.193931 -2.193931 2.193931
P 4.387862 0.000000 4.387862
S 6.581793 2.193931 2.193931
D 4.387862 4.387862 0.000000
S 6.581793 6.581793 -2.193931
D 8.775724 4.387862 -4.387862
E 6.581793 2.193931 -6.581793


-9.020000	13102101301	10111000011000101
12

F 0.000000 0.000000 0.000000
A 2.193931 2.193931 -2.193931
T 4.387862 0.000000 -4.387862
M 6.581793 -2.193931 -2.193931
R 4.387862 -4.387862 0.000000
Y 2.193931 -2.193931 2.193931
P 0.000000 -4.387862 4.387862
S -2.193931 -6.581793 2.193931
D 0.000000 -8.775724 0.000000
S 2.193931 -6.581793 -2.193931
D 0.000000 -4.387862 -4.387862
E 2.193931 -2.193931 -6.581793


-8.860000	12302102301	10011100011000011
12

F 0.000000 0.000000 0.000000
A 2.193931 2.193931 -2.193931
T 4.387862 0.000000 -4.387862
M 6.581793 -2.193931 -2.193931
R 8.775724 0.000000 0.000000
Y 6.581793 2.193931 2.193931
P 4.387862 0.000000 4.387862
S 2.193931 -2.193931 2.193931
D 4.387862 -4.387862 0.000000
S 6.581793 -6.581793 2.193931
D 8.775724 -4.387862 4.387862
E 10.969655 -2.193931 2.193931


-8.860000	12032132301	10010011011011011
12

F 0.000000 0.000000 0.000000
A 2.193931 2.193931 -2.193931
T 4.387862 0.000000 -4.387862
M 6.581793 -2.193931 -2.193931
R 8.775724 0.000000 0.000000
Y 10.969655 -2.193931 2.193931
P 8.775724 -4.387862 4.387862
S 6.581793 -6.581793 2.193931
D 4.387862 -4.387862 0.000000
S 2.193931 -2.193931 2.193931
D 4.387862 -0.000000 4.387862
E 6.581793 2.193931 2.193931


-8.620000	30130201301	11001011000100101
12

F 0.000000 0.000000 0.000000
A 2.193931 2.193931 -2.193931
T 4.387862 0.000000 -4.387862
M 6.581793 -2.193931 -2.193931
R 4.387862 -4.387862 0.000000
Y 2.193931 -2.193931 2.193931
P 4.387862 0.000000 4.387862
S 2.193931 2.193931 6.581793
D 0.000000 4.387862 4.387862
S 2.193931 6.581793 2.193931
D 4.387862 4.387862 0.000000
E 6.581793 2.193931 2.193931


-8.620000	31031201301	11100011100100101
12

F 0.000000 0.000000 0.000000
A 2.193931 2.193931 -2.193931
T 4.387862 0.000000 -4.387862
M 6.581793 -2.193931 -2.193931
R 4.387862 -4.387862 0.000000
Y 2.193931 -2.193931 2.193931
P 4.387862 0.000000 4.387862
S 6.581793 2.193931 2.193931
D 4.387862 4.387862 0.000000
S 2.193931 6.581793 2.193931
D 0.000000 4.387862 4.387862
E 2.193931 2.193931 6.581793


-8.520000	10130121301	10001011001001101
12

F 0.000000 0.000000 0.000000
A 2.193931 2.193931 -2.193931
T 4.387862 0.000000 -4.387862
M 6.581793 -2.193931 -2.193931
R 4.387862 -4.387862 0.000000
Y 2.193931 -6.581793 -2.193931
P 0.000000 -8.775724 0.000000
S -2.193931 -6.581793 2.193931
D -4.387862 -4.387862 0.000000
S -2.193931 -2.193931 -2.193931
D 0.000000 -4.387862 -4.387862
E 2.193931 -2.193931 -6.581793


-8.420000	03213201301	00110110110100101
12

F 0.000000 0.000000 0.000000
A 2.193931 2.193931 -2.193931
T 4.387862 0.000000 -4.387862
M 6.581793 -2.193931 -2.193931
R 4.387862 -4.387862 0.000000
Y 2.193931 -2.193931 2.193931
P 4.387862 0.000000 4.387862
S 6.581793 -2.193931 6.581793
D 4.387862 -4.387862 8.775724
S 2.193931 -6.581793 6.581793
D 0.000000 -4.387862 4.387862
E -2.193931 -2.193931 6.581793


-8.420000	30120101301	11001001001000101
12

F 0.000000 0.000000 0.000000
A 2.193931 2.193931 -2.193931
T 4.387862 0.000000 -4.387862
M 6.581793 -2.193931 -2.193931
R 4.387862 -4.387862 0.000000
Y 2.193931 -2.193931 2.193931
P 0.000000 -4.387862 4.387862
S -2.193931 -2.193931 6.581793
D 0.000000 0.000000 8.775724
S 2.193931 2.193931 6.581793
D 4.387862 0.000000 4.387862
E 6.581793 -2.193931 6.581793


-8.420000	03123101301	00111001111000101
12

F 0.000000 0.000000 0.000000
A 2.193931 2.193931 -2.193931
T 4.387862 0.000000 -4.387862
M 6.581793 -2.193931 -2.193931
R 4.387862 -4.387862 0.000000
Y 2.193931 -2.193931 2.193931
P 0.000000 -4.387862 4.387862
S 2.193931 -6.581793 6.581793
D 4.387862 -4.387862 8.775724
S 6.581793 -2.193931 6.581793
D 4.387862 -0.000000 4.387862
E 2.193931 2.193931 6.581793


-8.420000	10120101301	10001001001000101
12

F 0.000000 0.000000 0.000000
A 2.193931 2.193931 -2.193931
T 4.387862 0.000000 -4.387862
M 6.581793 -2.193931 -2.193931
R 4.387862 -4.387862 0.000000
Y 2.193931 -2.193931 2.193931
P 0.000000 -4.387862 4.387862
S -2.193931 -2.193931 6.581793
D 0.000000 0.000000 8.775724
S 2.193931 2.193931 6.581793
D 4.387862 0.000000 4.387862
E 6.581793 2.193931 2.193931


-8.420000	20210201301	01000110000100101
12

F 0.000000 0.000000 0.000000
A 2.193931 2.193931 -2.193931
T 4.387862 0.000000 -4.387862
M 6.581793 -2.193931 -2.193931
R 4.387862 -4.387862 0.000000
Y 2.193931 -2.193931 2.193931
P 4.387862 0.000000 4.387862
S 2.193931 2.193931 6.581793
D 0.000000 0.000000 8.775724
S -2.193931 -2.193931 6.581793
D 0.000000 -4.387862 4.387862
E -2.193931 -6.581793 2.193931


-8.420000	13123101301	10111001111000101
12

F 0.000000 0.000000 0.000000
A 2.193931 2.193931 -2.193931
T 4.387862 0.000000 -4.387862
M 6.581793 -2.193931 -2.193931
R 4.387862 -4.387862 0.000000
Y 2.193931 -2.193931 2.193931
P 0.000000 -4.387862 4.387862
S 2.193931 -6.581793 6.581793
D 4.387862 -4.387862 8.775724
S 6.581793 -2.193931 6.581793
D 4.387862 -0.000000 4.387862
E 6.581793 2.193931 2.193931


-8.420000	23213201301	01110110110100101
12

F 0.000000 0.000000 0.000000
A 2.193931 2.193931 -2.193931
T 4.387862 0.000000 -4.387862
M 6.581793 -2.193931 -2.193931
R 4.387862 -4.387862 0.000000
Y 2.193931 -2.193931 2.193931
P 4.387862 0.000000 4.387862
S 6.581793 -2.193931 6.581793
D 4.387862 -4.387862 8.775724
S 2.193931 -6.581793 6.581793
D 0.000000 -4.387862 4.387862
E -2.193931 -6.581793 2.193931


-8.420000	30210201301	11000110000100101
12

F 0.000000 0.000000 0.000000
A 2.193931 2.193931 -2.193931
T 4.387862 0.000000 -4.387862
M 6.581793 -2.193931 -2.193931
R 4.387862 -4.387862 0.000000
Y 2.193931 -2.193931 2.193931
P 4.387862 0.000000 4.387862
S 2.193931 2.193931 6.581793
D 0.000000 0.000000 8.775724
S -2.193931 -2.193931 6.581793
D 0.000000 -4.387862 4.387862
E 2.193931 -6.581793 6.581793


-8.400000	21031231301	01100011100111101
12

F 0.000000 0.000000 0.000000
A 2.193931 2.193931 -2.193931
T 4.387862 0.000000 -4.387862
M 6.581793 -2.193931 -2.193931
R 4.387862 -4.387862 0.000000
Y 6.581793 -6.581793 2.193931
P 8.775724 -4.387862 4.387862
S 10.969655 -2.193931 2.193931
D 8.775724 -0.000000 0.000000
S 6.581793 2.193931 2.193931
D 4.387862 -0.000000 4.387862
E 2.193931 -2.193931 2.193931


-8.350000	20310302301	01001110001100011
12

F 0.000000 0.000000 0.000000
A 2.193931 2.193931 -2.193931
T 4.387862 0.000000 -4.387862
M 6.581793 -2.193931 -2.193931
R 8.775724 0.000000 0.000000
Y 6.581793 2.193931 2.193931
P 4.387862 4.387862 0.000000
S 2.193931 6.581793 2.193931
D 0.000000 4.387862 4.387862
S 2.193931 2.193931 6.581793
D 4.387862 0.000000 4.387862
E 2.193931 -2.193931 2.193931


-8.330000	13202102301	10110100011000011
12

F 0.000000 0.000000 0.000000
A 2.193931 2.193931 -2.193931
T 4.387862 0.000000 -4.387862
M 6.581793 -2.193931 -2.193931
R 8.775724 0.000000 0.000000
Y 6.581793 2.193931 2.193931
P 4.387862 0.000000 4.387862
S 2.193931 -2.193931 2.193931
D 4.387862 -4.387862 0.000000
S 2.193931 -6.581793 -2.193931
D 0.000000 -4.387862 -4.387862
E 2.193931 -2.193931 -6.581793


-8.280000	01031021301	00100011100001101
12

F 0.000000 0.000000 0.000000
A 2.193931 2.193931 -2.193931
T 4.387862 0.000000 -4.387862
M 6.581793 -2.193931 -2.193931
R 4.387862 -4.387862 0.000000
Y 2.193931 -6.581793 -2.193931
P 4.387862 -8.775724 -4.387862
S 6.581793 -6.581793 -6.581793
D 4.387862 -4.387862 -8.775724
S 2.193931 -2.193931 -6.581793
D 0.000000 -4.387862 -4.387862
E -2.193931 -2.193931 -2.193931


-8.230000	20301201301	01001100100100101
12

F 0.000000 0.000000 0.000000
A 2.193931 2.193931 -2.193931
T 4.387862 0.000000 -4.387862
M 6.581793 -2.193931 -2.193931
R 4.387862 -4.387862 0.000000
Y 2.193931 -2.193931 2.193931
P 4.387862 0.000000 4.387862
S 6.581793 2.193931 2.193931
D 8.775724 0.000000 0.000000
S 10.969655 -2.193931 2.193931
D 13.163586 -4.387862 0.000000
E 10.969655 -6.581793 -2.193931


