-57.905446	013012130101301	0010110010011011001000101
16

R 0.000000 0.000000 0.000000
H 2.193931 2.193931 -2.193931
Y 4.387862 0.000000 -4.387862
Y 6.581793 -2.193931 -2.193931
K 4.387862 -4.387862 0.000000
F 2.193931 -2.193931 2.193931
N 0.000000 -4.387862 4.387862
S -2.193931 -2.193931 6.581793
T -4.387862 0.000000 4.387862
G -2.193931 2.193931 2.193931
R 0.000000 4.387862 4.387862
H 2.193931 6.581793 2.193931
Y 4.387862 4.387862 0.000000
H 6.581793 2.193931 2.193931
Y 4.387862 0.000000 4.387862
Y 2.193931 2.193931 6.581793


-57.507795	310312103101301	1110001110011000111000101
16

R 0.000000 0.000000 0.000000
H 2.193931 2.193931 -2.193931
Y 4.387862 0.000000 -4.387862
Y 6.581793 -2.193931 -2.193931
K 4.387862 -4.387862 0.000000
F 2.193931 -2.193931 2.193931
N 0.000000 -4.387862 4.387862
S 2.193931 -6.581793 6.581793
T 4.387862 -8.775724 4.387862
G 6.581793 -6.581793 2.193931
R 8.775724 -4.387862 4.387862
H 10.969655 -2.193931 2.193931
Y 8.775724 -0.000000 0.000000
H 6.581793 2.193931 2.193931
Y 4.387862 -0.000000 4.387862
Y 6.581793 -2.193931 6.581793


-57.237960	031032130101301	0011100011011011001000101
16

R 0.000000 0.000000 0.000000
H 2.193931 2.193931 -2.193931
Y 4.387862 0.000000 -4.387862
Y 6.581793 -2.193931 -2.193931
K 4.387862 -4.387862 0.000000
F 2.193931 -2.193931 2.193931
N 0.000000 -4.387862 4.387862
S -2.193931 -2.193931 6.581793
T -4.387862 0.000000 4.387862
G -2.193931 2.193931 2.193931
R 0.000000 4.387862 4.387862
H 2.193931 2.193931 6.581793
Y 4.387862 0.000000 4.387862
H 6.581793 2.193931 2.193931
Y 4.387862 4.387862 0.000000
Y 2.193931 6.581793 2.193931


-56.950536	301302103101301	1100101100011000111000101
16

R 0.000000 0.000000 0.000000
H 2.193931 2.193931 -2.193931
Y 4.387862 0.000000 -4.387862
Y 6.581793 -2.193931 -2.193931
K 4.387862 -4.387862 0.000000
F 2.193931 -2.193931 2.193931
N 0.000000 -4.387862 4.387862
S 2.193931 -6.581793 6.581793
T 4.387862 -8.775724 4.387862
G 6.581793 -6.581793 2.193931
R 8.775724 -4.387862 4.387862
H 6.581793 -2.193931 6.581793
Y 4.387862 -0.000000 4.387862
H 6.581793 2.193931 2.193931
Y 8.775724 -0.000000 0.000000
Y 10.969655 -2.193931 2.193931


-56.554991	023102132120301	0001111000011011011001001
16

R 0.000000 0.000000 0.000000
H 2.193931 2.193931 -2.193931
Y 4.387862 0.000000 -4.387862
Y 6.581793 -2.193931 -2.193931
K 8.775724 -4.387862 -4.387862
F 6.581793 -6.581793 -6.581793
N 4.387862 -8.775724 -4.387862
S 2.193931 -10.969655 -6.581793
T 0.000000 -8.775724 -8.775724
G 2.193931 -6.581793 -10.969655
R 4.387862 -4.387862 -8.775724
H 2.193931 -2.193931 -6.581793
Y 0.000000 -4.387862 -4.387862
H 2.193931 -6.581793 -2.193931
Y 4.387862 -4.387862 -0.000000
Y 2.193931 -2.193931 2.193931


-56.368453	213013123101301	0110110010111001111000101
16

R 0.000000 0.000000 0.000000
H 2.193931 2.193931 -2.193931
Y 4.387862 0.000000 -4.387862
Y 6.581793 -2.193931 -2.193931
K 4.387862 -4.387862 0.000000
F 2.193931 -2.193931 2.193931
N 0.000000 -4.387862 4.387862
S 2.193931 -6.581793 6.581793
T 4.387862 -4.387862 8.775724
G 6.581793 -2.193931 6.581793
R 4.387862 -0.000000 4.387862
H 6.581793 2.193931 2.193931
Y 8.775724 -0.000000 0.000000
H 10.969655 -2.193931 2.193931
Y 8.775724 -4.387862 4.387862
Y 6.581793 -6.581793 2.193931


-56.323590	032030310302301	0011010011001110001100011
16

R 0.000000 0.000000 0.000000
H 2.193931 2.193931 -2.193931
Y 4.387862 0.000000 -4.387862
Y 6.581793 -2.193931 -2.193931
K 8.775724 0.000000 0.000000
F 6.581793 2.193931 2.193931
N 4.387862 4.387862 0.000000
S 2.193931 6.581793 2.193931
T 0.000000 4.387862 4.387862
G 2.193931 2.193931 6.581793
R 4.387862 0.000000 4.387862
H 6.581793 -2.193931 6.581793
Y 8.775724 -4.387862 4.387862
H 6.581793 -6.581793 2.193931
Y 4.387862 -4.387862 0.000000
Y 2.193931 -2.193931 2.193931


-56.278453	210310120101301	0110001110001001001000101
16

R 0.000000 0.000000 0.000000
H 2.193931 2.193931 -2.193931
Y 4.387862 0.000000 -4.387862
Y 6.581793 -2.193931 -2.193931
K 4.387862 -4.387862 0.000000
F 2.193931 -2.193931 2.193931
N 0.000000 -4.387862 4.387862
S -2.193931 -2.193931 6.581793
T 0.000000 0.000000 8.775724
G 2.193931 2.193931 6.581793
R 4.387862 0.000000 4.387862
H 6.581793 2.193931 2.193931
Y 4.387862 4.387862 0.000000
H 2.193931 6.581793 2.193931
Y 0.000000 4.387862 4.387862
Y -2.193931 2.193931 2.193931


-56.257301	320321203202301	1101001101100100110100011
16

R 0.000000 0.000000 0.000000
H 2.193931 2.193931 -2.193931
Y 4.387862 0.000000 -4.387862
Y 6.581793 -2.193931 -2.193931
K 8.775724 0.000000 0.000000
F 6.581793 2.193931 2.193931
N 8.775724 4.387862 4.387862
S 10.969655 2.193931 6.581793
T 13.163586 0.000000 4.387862
G 10.969655 -2.193931 2.193931
R 8.775724 -4.387862 4.387862
H 6.581793 -6.581793 2.193931
Y 4.387862 -4.387862 0.000000
H 2.193931 -2.193931 2.193931
Y 4.387862 -0.000000 4.387862
Y 6.581793 -2.193931 6.581793


-55.700043	302301203202301	1100011100100100110100011
16

R 0.000000 0.000000 0.000000
H 2.193931 2.193931 -2.193931
Y 4.387862 0.000000 -4.387862
Y 6.581793 -2.193931 -2.193931
K 8.775724 0.000000 0.000000
F 6.581793 2.193931 2.193931
N 8.775724 4.387862 4.387862
S 10.969655 2.193931 6.581793
T 13.163586 0.000000 4.387862
G 10.969655 -2.193931 2.193931
R 8.775724 -4.387862 4.387862
H 6.581793 -2.193931 6.581793
Y 4.387862 0.000000 4.387862
H 2.193931 -2.193931 2.193931
Y 4.387862 -4.387862 0.000000
Y 6.581793 -6.581793 2.193931


-55.625564	010123121021301	0010001001111001100001101
16

R 0.000000 0.000000 0.000000
H 2.193931 2.193931 -2.193931
Y 4.387862 0.000000 -4.387862
Y 6.581793 -2.193931 -2.193931
K 4.387862 -4.387862 0.000000
F 2.193931 -6.581793 -2.193931
N 4.387862 -8.775724 -4.387862
S 6.581793 -6.581793 -6.581793
T 8.775724 -4.387862 -4.387862
G 10.969655 -2.193931 -6.581793
R 8.775724 -0.000000 -8.775724
H 6.581793 -2.193931 -10.969655
Y 4.387862 -4.387862 -8.775724
H 2.193931 -2.193931 -6.581793
Y 0.000000 -4.387862 -4.387862
Y -2.193931 -2.193931 -2.193931


-55.379918	310313103201301	1110001110111000110100101
16

R 0.000000 0.000000 0.000000
H 2.193931 2.193931 -2.193931
Y 4.387862 0.000000 -4.387862
Y 6.581793 -2.193931 -2.193931
K 4.387862 -4.387862 0.000000
F 2.193931 -2.193931 2.193931
N 4.387862 0.000000 4.387862
S 6.581793 -2.193931 6.581793
T 8.775724 -4.387862 4.387862
G 10.969655 -2.193931 2.193931
R 8.775724 0.000000 0.000000
H 10.969655 2.193931 -2.193931
Y 8.775724 4.387862 -4.387862
H 6.581793 6.581793 -2.193931
Y 4.387862 4.387862 0.000000
Y 6.581793 2.193931 2.193931


-55.338414	120320210232301	1001001101000110000111011
16

R 0.000000 0.000000 0.000000
H 2.193931 2.193931 -2.193931
Y 4.387862 0.000000 -4.387862
Y 6.581793 -2.193931 -2.193931
K 8.775724 0.000000 0.000000
F 10.969655 -2.193931 2.193931
N 13.163586 0.000000 4.387862
S 10.969655 2.193931 6.581793
T 8.775724 0.000000 8.775724
G 6.581793 -2.193931 6.581793
R 8.775724 -4.387862 4.387862
H 6.581793 -6.581793 2.193931
Y 4.387862 -4.387862 0.000000
H 2.193931 -2.193931 2.193931
Y 4.387862 -0.000000 4.387862
Y 6.581793 2.193931 2.193931


-55.250780	020230210320301	0001000111000110001101001
16

R 0.000000 0.000000 0.000000
H 2.193931 2.193931 -2.193931
Y 4.387862 0.000000 -4.387862
Y 6.581793 -2.193931 -2.193931
K 8.775724 -4.387862 -4.387862
F 6.581793 -6.581793 -6.581793
N 4.387862 -4.387862 -8.775724
S 2.193931 -2.193931 -6.581793
T 0.000000 -4.387862 -4.387862
G -2.193931 -6.581793 -6.581793
R 0.000000 -8.775724 -8.775724
H 2.193931 -10.969655 -6.581793
Y 4.387862 -8.775724 -4.387862
H 2.193931 -6.581793 -2.193931
Y 4.387862 -4.387862 -0.000000
Y 2.193931 -2.193931 2.193931


-55.117960	123023213202301	1001110001110110110100011
16

R 0.000000 0.000000 0.000000
H 2.193931 2.193931 -2.193931
Y 4.387862 0.000000 -4.387862
Y 6.581793 -2.193931 -2.193931
K 8.775724 0.000000 0.000000
F 6.581793 2.193931 2.193931
N 8.775724 4.387862 4.387862
S 10.969655 2.193931 6.581793
T 8.775724 0.000000 8.775724
G 6.581793 -2.193931 6.581793
R 4.387862 0.000000 4.387862
H 2.193931 -2.193931 2.193931
Y 4.387862 -4.387862 0.000000
H 6.581793 -6.581793 2.193931
Y 8.775724 -4.387862 4.387862
Y 10.969655 -2.193931 2.193931


-55.109526	013010130201301	0010110010001011000100101
16

R 0.000000 0.000000 0.000000
H 2.193931 2.193931 -2.193931
Y 4.387862 0.000000 -4.387862
Y 6.581793 -2.193931 -2.193931
K 4.387862 -4.387862 0.000000
F 2.193931 -2.193931 2.193931
N 4.387862 0.000000 4.387862
S 2.193931 2.193931 6.581793
T 0.000000 4.387862 4.387862
G 2.193931 6.581793 2.193931
R 4.387862 4.387862 0.000000
H 6.581793 6.581793 -2.193931
Y 8.775724 4.387862 -4.387862
H 10.969655 2.193931 -2.193931
Y 8.775724 0.000000 0.000000
Y 6.581793 2.193931 2.193931


-55.059815	203032012302101	0100110011010010011100010
16

R 0.000000 0.000000 0.000000
H 2.193931 2.193931 -2.193931
Y 4.387862 0.000000 -4.387862
Y 6.581793 2.193931 -6.581793
K 8.775724 4.387862 -4.387862
F 6.581793 6.581793 -2.193931
N 4.387862 8.775724 -4.387862
S 2.193931 6.581793 -6.581793
T 0.000000 4.387862 -4.387862
G -2.193931 6.581793 -2.193931
R 0.000000 8.775724 -0.000000
H 2.193931 6.581793 2.193931
Y 4.387862 4.387862 -0.000000
H 6.581793 2.193931 2.193931
Y 8.775724 0.000000 -0.000000
Y 6.581793 -2.193931 -2.193931


-55.059815	302023013203101	1100010001110010110100110
16

R 0.000000 0.000000 0.000000
H 2.193931 2.193931 -2.193931
Y 4.387862 0.000000 -4.387862
Y 6.581793 2.193931 -6.581793
K 4.387862 4.387862 -8.775724
F 2.193931 6.581793 -6.581793
N 4.387862 8.775724 -4.387862
S 6.581793 6.581793 -2.193931
T 4.387862 4.387862 -0.000000
G 2.193931 6.581793 2.193931
R 0.000000 8.775724 -0.000000
H -2.193931 6.581793 -2.193931
Y 0.000000 4.387862 -4.387862
H -2.193931 2.193931 -6.581793
Y 0.000000 0.000000 -8.775724
Y 2.193931 -2.193931 -6.581793


-54.926245	030230310320301	0011000111001110001101001
16

R 0.000000 0.000000 0.000000
H 2.193931 2.193931 -2.193931
Y 4.387862 0.000000 -4.387862
Y 6.581793 -2.193931 -2.193931
K 8.775724 -4.387862 -4.387862
F 6.581793 -6.581793 -6.581793
N 4.387862 -4.387862 -8.775724
S 2.193931 -2.193931 -6.581793
T 0.000000 -4.387862 -4.387862
G 2.193931 -6.581793 -2.193931
R 4.387862 -8.775724 -4.387862
H 6.581793 -10.969655 -2.193931
Y 8.775724 -8.775724 -0.000000
H 6.581793 -6.581793 2.193931
Y 4.387862 -4.387862 -0.000000
Y 2.193931 -2.193931 2.193931


-54.836739	010323123021301	0010001101111001110001101
16

R 0.000000 0.000000 0.000000
H 2.193931 2.193931 -2.193931
Y 4.387862 0.000000 -4.387862
Y 6.581793 -2.193931 -2.193931
K 4.387862 -4.387862 0.000000
F 2.193931 -6.581793 -2.193931
N 4.387862 -8.775724 -4.387862
S 6.581793 -10.969655 -2.193931
T 8.775724 -8.775724 0.000000
G 10.969655 -6.581793 -2.193931
R 8.775724 -4.387862 -4.387862
H 6.581793 -6.581793 -6.581793
Y 4.387862 -4.387862 -8.775724
H 2.193931 -2.193931 -6.581793
Y 0.000000 -4.387862 -4.387862
Y -2.193931 -2.193931 -2.193931


-54.800292	103032012302101	1000110011010010011100010
16

R 0.000000 0.000000 0.000000
H 2.193931 2.193931 -2.193931
Y 4.387862 0.000000 -4.387862
Y 6.581793 2.193931 -6.581793
K 8.775724 4.387862 -4.387862
F 6.581793 6.581793 -2.193931
N 4.387862 8.775724 -4.387862
S 2.193931 6.581793 -6.581793
T 0.000000 4.387862 -4.387862
G -2.193931 6.581793 -2.193931
R 0.000000 8.775724 -0.000000
H 2.193931 6.581793 2.193931
Y 4.387862 4.387862 -0.000000
H 6.581793 2.193931 2.193931
Y 8.775724 0.000000 -0.000000
Y 10.969655 2.193931 -2.193931


-54.800292	102023013203101	1000010001110010110100110
16

R 0.000000 0.000000 0.000000
H 2.193931 2.193931 -2.193931
Y 4.387862 0.000000 -4.387862
Y 6.581793 2.193931 -6.581793
K 4.387862 4.387862 -8.775724
F 2.193931 6.581793 -6.581793
N 4.387862 8.775724 -4.387862
S 6.581793 6.581793 -2.193931
T 4.387862 4.387862 -0.000000
G 2.193931 6.581793 2.193931
R 0.000000 8.775724 -0.000000
H -2.193931 6.581793 -2.193931
Y 0.000000 4.387862 -4.387862
H -2.193931 2.193931 -6.581793
Y 0.000000 0.000000 -8.775724
Y 2.193931 2.193931 -10.969655


-54.764617	210310120131301	0110001110001001001011101
16

R 0.000000 0.000000 0.000000
H 2.193931 2.193931 -2.193931
Y 4.387862 0.000000 -4.387862
Y 6.581793 -2.193931 -2.193931
K 4.387862 -4.387862 0.000000
F 6.581793 -6.581793 2.193931
N 4.387862 -8.775724 4.387862
S 2.193931 -6.581793 6.581793
T 4.387862 -4.387862 8.775724
G 6.581793 -2.193931 6.581793
R 8.775724 -4.387862 4.387862
H 10.969655 -2.193931 2.193931
Y 8.775724 -0.000000 0.000000
H 6.581793 2.193931 2.193931
Y 4.387862 -0.000000 4.387862
Y 2.193931 -2.193931 2.193931


-54.637733	023020310302301	0001110001001110001100011
16

R 0.000000 0.000000 0.000000
H 2.193931 2.193931 -2.193931
Y 4.387862 0.000000 -4.387862
Y 6.581793 -2.193931 -2.193931
K 8.775724 0.000000 0.000000
F 6.581793 2.193931 2.193931
N 4.387862 4.387862 0.000000
S 2.193931 6.581793 2.193931
T 0.000000 4.387862 4.387862
G 2.193931 2.193931 6.581793
R 4.387862 0.000000 4.387862
H 2.193931 -2.193931 2.193931
Y 4.387862 -4.387862 0.000000
H 6.581793 -6.581793 2.193931
Y 8.775724 -4.387862 4.387862
Y 6.581793 -2.193931 6.581793


-54.498164	032031030230301	0011010011100011000111001
16

R 0.000000 0.000000 0.000000
H 2.193931 2.193931 -2.193931
Y 4.387862 0.000000 -4.387862
Y 6.581793 -2.193931 -2.193931
K 8.775724 -4.387862 -4.387862
F 10.969655 -6.581793 -2.193931
N 13.163586 -4.387862 0.000000
S 10.969655 -2.193931 2.193931
T 8.775724 -0.000000 0.000000
G 6.581793 2.193931 2.193931
R 4.387862 -0.000000 4.387862
H 6.581793 -2.193931 6.581793
Y 8.775724 -4.387862 4.387862
H 6.581793 -6.581793 2.193931
Y 4.387862 -4.387862 0.000000
Y 2.193931 -2.193931 2.193931


-54.397522	032031230232301	0011010011100111000111011
16

R 0.000000 0.000000 0.000000
H 2.193931 2.193931 -2.193931
Y 4.387862 0.000000 -4.387862
Y 6.581793 -2.193931 -2.193931
K 8.775724 0.000000 0.000000
F 10.969655 -2.193931 2.193931
N 13.163586 0.000000 4.387862
S 10.969655 2.193931 6.581793
T 8.775724 4.387862 4.387862
G 6.581793 2.193931 2.193931
R 4.387862 0.000000 4.387862
H 6.581793 -2.193931 6.581793
Y 8.775724 -4.387862 4.387862
H 6.581793 -6.581793 2.193931
Y 4.387862 -4.387862 0.000000
Y 2.193931 -2.193931 2.193931


-54.339815	023031030320301	0001110011100011001101001
16

R 0.000000 0.000000 0.000000
H 2.193931 2.193931 -2.193931
Y 4.387862 0.000000 -4.387862
Y 6.581793 -2.193931 -2.193931
K 8.775724 -4.387862 -4.387862
F 6.581793 -6.581793 -6.581793
N 4.387862 -4.387862 -8.775724
S 2.193931 -2.193931 -6.581793
T 0.000000 -0.000000 -8.775724
G -2.193931 2.193931 -6.581793
R -4.387862 -0.000000 -4.387862
H -2.193931 -2.193931 -2.193931
Y 0.000000 -4.387862 -4.387862
H 2.193931 -6.581793 -2.193931
Y 4.387862 -4.387862 -0.000000
Y 2.193931 -2.193931 2.193931


-54.307131	102013010210301	1000010010110010000110001
16

R 0.000000 0.000000 0.000000
H 2.193931 2.193931 -2.193931
Y 4.387862 0.000000 -4.387862
Y 6.581793 -2.193931 -2.193931
K 8.775724 -4.387862 -4.387862
F 10.969655 -2.193931 -6.581793
N 13.163586 0.000000 -4.387862
S 10.969655 2.193931 -2.193931
T 8.775724 0.000000 -0.000000
G 6.581793 2.193931 2.193931
R 4.387862 4.387862 -0.000000
H 6.581793 6.581793 -2.193931
Y 8.775724 4.387862 -4.387862
H 6.581793 2.193931 -6.581793
Y 8.775724 0.000000 -8.775724
Y 10.969655 2.193931 -10.969655


-54.307131	203021020320101	0100110001100001001101000
16

R 0.000000 0.000000 0.000000
H 2.193931 2.193931 -2.193931
Y 4.387862 0.000000 -4.387862
Y 6.581793 2.193931 -6.581793
K 8.775724 0.000000 -8.775724
F 6.581793 -2.193931 -10.969655
N 4.387862 0.000000 -13.163586
S 2.193931 2.193931 -10.969655
T 4.387862 4.387862 -8.775724
G 2.193931 6.581793 -6.581793
R 0.000000 4.387862 -4.387862
H -2.193931 2.193931 -6.581793
Y 0.000000 0.000000 -8.775724
H 2.193931 -2.193931 -6.581793
Y 4.387862 -4.387862 -8.775724
Y 2.193931 -6.581793 -10.969655


-54.307131	202031030230101	0100010011100011000111000
16

R 0.000000 0.000000 0.000000
H 2.193931 2.193931 -2.193931
Y 4.387862 0.000000 -4.387862
Y 6.581793 2.193931 -6.581793
K 8.775724 0.000000 -8.775724
F 10.969655 -2.193931 -6.581793
N 13.163586 0.000000 -4.387862
S 10.969655 2.193931 -2.193931
T 8.775724 4.387862 -4.387862
G 6.581793 6.581793 -2.193931
R 4.387862 4.387862 -0.000000
H 6.581793 2.193931 2.193931
Y 8.775724 0.000000 -0.000000
H 6.581793 -2.193931 -2.193931
Y 8.775724 -4.387862 -4.387862
Y 6.581793 -6.581793 -6.581793


-54.307131	202013010210301	0100010010110010000110001
16

R 0.000000 0.000000 0.000000
H 2.193931 2.193931 -2.193931
Y 4.387862 0.000000 -4.387862
Y 6.581793 -2.193931 -2.193931
K 8.775724 -4.387862 -4.387862
F 10.969655 -2.193931 -6.581793
N 13.163586 0.000000 -4.387862
S 10.969655 2.193931 -2.193931
T 8.775724 0.000000 -0.000000
G 6.581793 2.193931 2.193931
R 4.387862 4.387862 -0.000000
H 6.581793 6.581793 -2.193931
Y 8.775724 4.387862 -4.387862
H 6.581793 2.193931 -6.581793
Y 8.775724 0.000000 -8.775724
Y 6.581793 -2.193931 -10.969655


-54.307131	303021020320101	1100110001100001001101000
16

R 0.000000 0.000000 0.000000
H 2.193931 2.193931 -2.193931
Y 4.387862 0.000000 -4.387862
Y 6.581793 2.193931 -6.581793
K 8.775724 0.000000 -8.775724
F 6.581793 -2.193931 -10.969655
N 4.387862 0.000000 -13.163586
S 2.193931 2.193931 -10.969655
T 4.387862 4.387862 -8.775724
G 2.193931 6.581793 -6.581793
R 0.000000 4.387862 -4.387862
H -2.193931 2.193931 -6.581793
Y 0.000000 0.000000 -8.775724
H 2.193931 -2.193931 -6.581793
Y 4.387862 -4.387862 -8.775724
Y 6.581793 -6.581793 -6.581793


-54.307131	302031030230101	1100010011100011000111000
16

R 0.000000 0.000000 0.000000
H 2.193931 2.193931 -2.193931
Y 4.387862 0.000000 -4.387862
Y 6.581793 2.193931 -6.581793
K 8.775724 0.000000 -8.775724
F 10.969655 -2.193931 -6.581793
N 13.163586 0.000000 -4.387862
S 10.969655 2.193931 -2.193931
T 8.775724 4.387862 -4.387862
G 6.581793 6.581793 -2.193931
R 4.387862 4.387862 -0.000000
H 6.581793 2.193931 2.193931
Y 8.775724 0.000000 -0.000000
H 6.581793 -2.193931 -2.193931
Y 8.775724 -4.387862 -4.387862
Y 10.969655 -6.581793 -2.193931


-54.260661	313013132101301	1110110010111011011000101
16

R 0.000000 0.000000 0.000000
H 2.193931 2.193931 -2.193931
Y 4.387862 0.000000 -4.387862
Y 6.581793 -2.193931 -2.193931
K 4.387862 -4.387862 0.000000
F 2.193931 -2.193931 2.193931
N 0.000000 -4.387862 4.387862
S -2.193931 -6.581793 2.193931
T -4.387862 -4.387862 0.000000
G -2.193931 -2.193931 -2.193931
R -4.387862 -0.000000 -4.387862
H -2.193931 2.193931 -6.581793
Y 0.000000 -0.000000 -8.775724
H 2.193931 -2.193931 -6.581793
Y 0.000000 -4.387862 -4.387862
Y 2.193931 -6.581793 -2.193931


-54.207914	103013020130101	1000110010110001001011000
16

R 0.000000 0.000000 0.000000
H 2.193931 2.193931 -2.193931
Y 4.387862 0.000000 -4.387862
Y 6.581793 2.193931 -6.581793
K 8.775724 0.000000 -8.775724
F 10.969655 -2.193931 -6.581793
N 8.775724 -4.387862 -4.387862
S 6.581793 -2.193931 -2.193931
T 8.775724 0.000000 -0.000000
G 6.581793 2.193931 2.193931
R 4.387862 4.387862 -0.000000
H 6.581793 6.581793 -2.193931
Y 8.775724 4.387862 -4.387862
H 10.969655 2.193931 -2.193931
Y 13.163586 0.000000 -4.387862
Y 15.357517 2.193931 -6.581793


-54.207914	102012030120101	1000010010010011001001000
16

R 0.000000 0.000000 0.000000
H 2.193931 2.193931 -2.193931
Y 4.387862 0.000000 -4.387862
Y 6.581793 2.193931 -6.581793
K 8.775724 0.000000 -8.775724
F 6.581793 -2.193931 -10.969655
N 4.387862 -4.387862 -8.775724
S 2.193931 -2.193931 -6.581793
T 0.000000 0.000000 -8.775724
G -2.193931 2.193931 -6.581793
R 0.000000 4.387862 -4.387862
H 2.193931 6.581793 -6.581793
Y 4.387862 4.387862 -8.775724
H 2.193931 2.193931 -10.969655
Y 4.387862 0.000000 -13.163586
Y 6.581793 2.193931 -15.357517


-54.207914	101031020310301	1000100011100001001110001
16

R 0.000000 0.000000 0.000000
H 2.193931 2.193931 -2.193931
Y 4.387862 0.000000 -4.387862
Y 6.581793 -2.193931 -2.193931
K 8.775724 -4.387862 -4.387862
F 10.969655 -2.193931 -6.581793
N 8.775724 0.000000 -8.775724
S 6.581793 2.193931 -6.581793
T 8.775724 4.387862 -4.387862
G 6.581793 6.581793 -2.193931
R 4.387862 4.387862 -0.000000
H 6.581793 2.193931 2.193931
Y 8.775724 0.000000 -0.000000
H 10.969655 2.193931 -2.193931
Y 13.163586 0.000000 -4.387862
Y 15.357517 2.193931 -6.581793


-54.207914	202012030120101	0100010010010011001001000
16

R 0.000000 0.000000 0.000000
H 2.193931 2.193931 -2.193931
Y 4.387862 0.000000 -4.387862
Y 6.581793 2.193931 -6.581793
K 8.775724 0.000000 -8.775724
F 6.581793 -2.193931 -10.969655
N 4.387862 -4.387862 -8.775724
S 2.193931 -2.193931 -6.581793
T 0.000000 0.000000 -8.775724
G -2.193931 2.193931 -6.581793
R 0.000000 4.387862 -4.387862
H 2.193931 6.581793 -6.581793
Y 4.387862 4.387862 -8.775724
H 2.193931 2.193931 -10.969655
Y 4.387862 0.000000 -13.163586
Y 2.193931 -2.193931 -15.357517


-54.207914	303013020130101	1100110010110001001011000
16

R 0.000000 0.000000 0.000000
H 2.193931 2.193931 -2.193931
Y 4.387862 0.000000 -4.387862
Y 6.581793 2.193931 -6.581793
K 8.775724 0.000000 -8.775724
F 10.969655 -2.193931 -6.581793
N 8.775724 -4.387862 -4.387862
S 6.581793 -2.193931 -2.193931
T 8.775724 0.000000 -0.000000
G 6.581793 2.193931 2.193931
R 4.387862 4.387862 -0.000000
H 6.581793 6.581793 -2.193931
Y 8.775724 4.387862 -4.387862
H 10.969655 2.193931 -2.193931
Y 13.163586 0.000000 -4.387862
Y 15.357517 -2.193931 -2.193931


-54.207914	301031020310301	1100100011100001001110001
16

R 0.000000 0.000000 0.000000
H 2.193931 2.193931 -2.193931
Y 4.387862 0.000000 -4.387862
Y 6.581793 -2.193931 -2.193931
K 8.775724 -4.387862 -4.387862
F 10.969655 -2.193931 -6.581793
N 8.775724 0.000000 -8.775724
S 6.581793 2.193931 -6.581793
T 8.775724 4.387862 -4.387862
G 6.581793 6.581793 -2.193931
R 4.387862 4.387862 -0.000000
H 6.581793 2.193931 2.193931
Y 8.775724 0.000000 -0.000000
H 10.969655 2.193931 -2.193931
Y 13.163586 0.000000 -4.387862
Y 15.357517 -2.193931 -2.193931


-53.946683	323103132130301	1101111000111011011011001
16

R 0.000000 0.000000 0.000000
H 2.193931 2.193931 -2.193931
Y 4.387862 0.000000 -4.387862
Y 6.581793 -2.193931 -2.193931
K 8.775724 -4.387862 -4.387862
F 10.969655 -6.581793 -2.193931
N 8.775724 -8.775724 0.000000
S 6.581793 -10.969655 -2.193931
T 4.387862 -8.775724 -4.387862
G 6.581793 -6.581793 -6.581793
R 4.387862 -4.387862 -8.775724
H 2.193931 -2.193931 -6.581793
Y 0.000000 -4.387862 -4.387862
H 2.193931 -6.581793 -2.193931
Y 4.387862 -4.387862 -0.000000
Y 6.581793 -6.581793 2.193931


-53.853481	132020310302301	1011010001001110001100011
16

R 0.000000 0.000000 0.000000
H 2.193931 2.193931 -2.193931
Y 4.387862 0.000000 -4.387862
Y 6.581793 -2.193931 -2.193931
K 8.775724 0.000000 0.000000
F 6.581793 2.193931 2.193931
N 4.387862 4.387862 0.000000
S 2.193931 6.581793 2.193931
T 0.000000 4.387862 4.387862
G 2.193931 2.193931 6.581793
R 4.387862 0.000000 4.387862
H 2.193931 -2.193931 2.193931
Y 4.387862 -4.387862 0.000000
H 2.193931 -6.581793 -2.193931
Y 0.000000 -4.387862 -4.387862
Y 2.193931 -2.193931 -6.581793


-53.743481	210103101201301	0110001000111000100100101
16

R 0.000000 0.000000 0.000000
H 2.193931 2.193931 -2.193931
Y 4.387862 0.000000 -4.387862
Y 6.581793 -2.193931 -2.193931
K 4.387862 -4.387862 0.000000
F 2.193931 -2.193931 2.193931
N 4.387862 0.000000 4.387862
S 6.581793 2.193931 2.193931
T 8.775724 0.000000 0.000000
G 10.969655 2.193931 -2.193931
R 8.775724 4.387862 -4.387862
H 6.581793 6.581793 -2.193931
Y 4.387862 4.387862 0.000000
H 2.193931 6.581793 2.193931
Y 0.000000 4.387862 4.387862
Y -2.193931 2.193931 2.193931


-53.730474	301213210201301	1100100110110110000100101
16

R 0.000000 0.000000 0.000000
H 2.193931 2.193931 -2.193931
Y 4.387862 0.000000 -4.387862
Y 6.581793 -2.193931 -2.193931
K 4.387862 -4.387862 0.000000
F 2.193931 -2.193931 2.193931
N 4.387862 0.000000 4.387862
S 2.193931 2.193931 6.581793
T 0.000000 0.000000 8.775724
G -2.193931 -2.193931 6.581793
R -4.387862 0.000000 4.387862
H -2.193931 2.193931 2.193931
Y 0.000000 4.387862 4.387862
H 2.193931 6.581793 2.193931
Y 4.387862 4.387862 0.000000
Y 6.581793 2.193931 2.193931


-53.717897	010310102101301	0010001110001000011000101
16

R 0.000000 0.000000 0.000000
H 2.193931 2.193931 -2.193931
Y 4.387862 0.000000 -4.387862
Y 6.581793 -2.193931 -2.193931
K 4.387862 -4.387862 0.000000
F 2.193931 -2.193931 2.193931
N 0.000000 -4.387862 4.387862
S -2.193931 -6.581793 2.193931
T 0.000000 -8.775724 0.000000
G 2.193931 -6.581793 -2.193931
R 4.387862 -8.775724 -4.387862
H 6.581793 -6.581793 -6.581793
Y 4.387862 -4.387862 -8.775724
H 2.193931 -2.193931 -6.581793
Y 0.000000 -4.387862 -4.387862
Y -2.193931 -2.193931 -2.193931


-53.666966	023021230232301	0001110001100111000111011
16

R 0.000000 0.000000 0.000000
H 2.193931 2.193931 -2.193931
Y 4.387862 0.000000 -4.387862
Y 6.581793 -2.193931 -2.193931
K 8.775724 0.000000 0.000000
F 10.969655 -2.193931 2.193931
N 13.163586 0.000000 4.387862
S 10.969655 2.193931 6.581793
T 8.775724 4.387862 4.387862
G 6.581793 2.193931 2.193931
R 4.387862 0.000000 4.387862
H 2.193931 -2.193931 2.193931
Y 4.387862 -4.387862 0.000000
H 6.581793 -6.581793 2.193931
Y 8.775724 -4.387862 4.387862
Y 6.581793 -2.193931 6.581793


-53.636785	103023013202101	1000110001110010110100010
16

R 0.000000 0.000000 0.000000
H 2.193931 2.193931 -2.193931
Y 4.387862 0.000000 -4.387862
Y 6.581793 2.193931 -6.581793
K 8.775724 4.387862 -4.387862
F 6.581793 6.581793 -2.193931
N 8.775724 8.775724 -0.000000
S 10.969655 6.581793 2.193931
T 8.775724 4.387862 4.387862
G 6.581793 6.581793 6.581793
R 4.387862 8.775724 4.387862
H 2.193931 6.581793 2.193931
Y 4.387862 4.387862 -0.000000
H 6.581793 2.193931 2.193931
Y 8.775724 0.000000 -0.000000
Y 10.969655 2.193931 -2.193931


-53.636785	102032012303101	1000010011010010011100110
16

R 0.000000 0.000000 0.000000
H 2.193931 2.193931 -2.193931
Y 4.387862 0.000000 -4.387862
Y 6.581793 2.193931 -6.581793
K 4.387862 4.387862 -8.775724
F 2.193931 6.581793 -6.581793
N 0.000000 8.775724 -8.775724
S -2.193931 6.581793 -10.969655
T -4.387862 4.387862 -8.775724
G -6.581793 6.581793 -6.581793
R -4.387862 8.775724 -4.387862
H -2.193931 6.581793 -2.193931
Y 0.000000 4.387862 -4.387862
H -2.193931 2.193931 -6.581793
Y 0.000000 0.000000 -8.775724
Y 2.193931 2.193931 -10.969655


-53.636785	301021031202301	1100100001100011100100011
16

R 0.000000 0.000000 0.000000
H 2.193931 2.193931 -2.193931
Y 4.387862 0.000000 -4.387862
Y 6.581793 -2.193931 -2.193931
K 8.775724 0.000000 0.000000
F 6.581793 2.193931 2.193931
N 8.775724 4.387862 4.387862
S 10.969655 6.581793 2.193931
T 8.775724 8.775724 0.000000
G 6.581793 10.969655 2.193931
R 4.387862 8.775724 4.387862
H 2.193931 6.581793 2.193931
Y 4.387862 4.387862 0.000000
H 6.581793 6.581793 -2.193931
Y 8.775724 4.387862 -4.387862
Y 10.969655 2.193931 -2.193931


-53.626166	032120123102301	0011011001001001111000011
16

R 0.000000 0.000000 0.000000
H 2.193931 2.193931 -2.193931
Y 4.387862 0.000000 -4.387862
Y 6.581793 -2.193931 -2.193931
K 8.775724 0.000000 0.000000
F 6.581793 2.193931 2.193931
N 4.387862 0.000000 4.387862
S 6.581793 -2.193931 6.581793
T 8.775724 0.000000 8.775724
G 10.969655 2.193931 6.581793
R 13.163586 0.000000 4.387862
H 10.969655 -2.193931 2.193931
Y 8.775724 -4.387862 4.387862
H 6.581793 -6.581793 2.193931
Y 4.387862 -4.387862 0.000000
Y 2.193931 -2.193931 2.193931


-53.605587	213102032012301	0110111000010011010010011
16

R 0.000000 0.000000 0.000000
H 2.193931 2.193931 -2.193931
Y 4.387862 0.000000 -4.387862
Y 6.581793 -2.193931 -2.193931
K 8.775724 0.000000 0.000000
F 10.969655 2.193931 -2.193931
N 13.163586 0.000000 -4.387862
S 10.969655 -2.193931 -6.581793
T 8.775724 0.000000 -8.775724
G 6.581793 2.193931 -6.581793
R 8.775724 4.387862 -4.387862
H 6.581793 6.581793 -2.193931
Y 4.387862 4.387862 -0.000000
H 6.581793 2.193931 2.193931
Y 4.387862 0.000000 4.387862
Y 2.193931 -2.193931 2.193931


-53.456801	301303103201301	1100101100111000110100101
16

R 0.000000 0.000000 0.000000
H 2.193931 2.193931 -2.193931
Y 4.387862 0.000000 -4.387862
Y 6.581793 -2.193931 -2.193931
K 4.387862 -4.387862 0.000000
F 2.193931 -2.193931 2.193931
N 4.387862 0.000000 4.387862
S 6.581793 -2.193931 6.581793
T 8.775724 -4.387862 4.387862
G 10.969655 -2.193931 2.193931
R 8.775724 0.000000 0.000000
H 6.581793 2.193931 2.193931
Y 4.387862 4.387862 0.000000
H 6.581793 6.581793 -2.193931
Y 8.775724 4.387862 -4.387862
Y 10.969655 2.193931 -2.193931


-53.402925	203231230302301	0100110111100111001100011
16

R 0.000000 0.000000 0.000000
H 2.193931 2.193931 -2.193931
Y 4.387862 0.000000 -4.387862
Y 6.581793 -2.193931 -2.193931
K 8.775724 0.000000 0.000000
F 6.581793 2.193931 2.193931
N 4.387862 4.387862 0.000000
S 2.193931 6.581793 2.193931
T 0.000000 8.775724 0.000000
G -2.193931 6.581793 -2.193931
R -4.387862 4.387862 0.000000
H -2.193931 2.193931 2.193931
Y 0.000000 4.387862 4.387862
H 2.193931 2.193931 6.581793
Y 4.387862 0.000000 4.387862
Y 2.193931 -2.193931 2.193931


-53.365956	213130131201301	0110111011001011100100101
16

R 0.000000 0.000000 0.000000
H 2.193931 2.193931 -2.193931
Y 4.387862 0.000000 -4.387862
Y 6.581793 -2.193931 -2.193931
K 4.387862 -4.387862 0.000000
F 2.193931 -2.193931 2.193931
N 4.387862 0.000000 4.387862
S 6.581793 2.193931 2.193931
T 4.387862 4.387862 0.000000
G 6.581793 6.581793 -2.193931
R 8.775724 4.387862 -4.387862
H 10.969655 2.193931 -2.193931
Y 8.775724 0.000000 0.000000
H 10.969655 -2.193931 2.193931
Y 8.775724 -4.387862 4.387862
Y 6.581793 -6.581793 2.193931


-53.288022	123013213102301	1001110010110110111000011
16

R 0.000000 0.000000 0.000000
H 2.193931 2.193931 -2.193931
Y 4.387862 0.000000 -4.387862
Y 6.581793 -2.193931 -2.193931
K 8.775724 0.000000 0.000000
F 6.581793 2.193931 2.193931
N 4.387862 0.000000 4.387862
S 6.581793 -2.193931 6.581793
T 4.387862 -4.387862 8.775724
G 2.193931 -6.581793 6.581793
R 0.000000 -4.387862 4.387862
H 2.193931 -2.193931 2.193931
Y 4.387862 -4.387862 0.000000
H 6.581793 -6.581793 2.193931
Y 8.775724 -4.387862 4.387862
Y 10.969655 -2.193931 2.193931


-53.264969	213103131231301	0110111000111011100111101
16

R 0.000000 0.000000 0.000000
H 2.193931 2.193931 -2.193931
Y 4.387862 0.000000 -4.387862
Y 6.581793 -2.193931 -2.193931
K 4.387862 -4.387862 0.000000
F 6.581793 -6.581793 2.193931
N 8.775724 -4.387862 4.387862
S 10.969655 -2.193931 2.193931
T 8.775724 -0.000000 0.000000
G 10.969655 2.193931 -2.193931
R 8.775724 4.387862 -4.387862
H 6.581793 6.581793 -2.193931
Y 4.387862 4.387862 0.000000
H 6.581793 2.193931 2.193931
Y 4.387862 -0.000000 4.387862
Y 2.193931 -2.193931 2.193931


-53.222596	023021030230301	0001110001100011000111001
16

R 0.000000 0.000000 0.000000
H 2.193931 2.193931 -2.193931
Y 4.387862 0.000000 -4.387862
Y 6.581793 -2.193931 -2.193931
K 8.775724 -4.387862 -4.387862
F 10.969655 -6.581793 -2.193931
N 13.163586 -4.387862 0.000000
S 10.969655 -2.193931 2.193931
T 8.775724 -0.000000 0.000000
G 6.581793 2.193931 2.193931
R 4.387862 -0.000000 4.387862
H 2.193931 -2.193931 2.193931
Y 4.387862 -4.387862 0.000000
H 6.581793 -6.581793 2.193931
Y 8.775724 -4.387862 4.387862
Y 6.581793 -2.193931 6.581793


-53.178022	031030210103101	0011100011000110001000110
16

R 0.000000 0.000000 0.000000
H 2.193931 2.193931 -2.193931
Y 4.387862 0.000000 -4.387862
Y 6.581793 2.193931 -6.581793
K 4.387862 4.387862 -8.775724
F 2.193931 6.581793 -6.581793
N 0.000000 4.387862 -4.387862
S -2.193931 6.581793 -2.193931
T -4.387862 4.387862 -0.000000
G -6.581793 2.193931 -2.193931
R -4.387862 0.000000 -4.387862
H -2.193931 -2.193931 -2.193931
Y 0.000000 -4.387862 -4.387862
H 2.193931 -2.193931 -6.581793
Y 0.000000 0.000000 -8.775724
Y -2.193931 2.193931 -6.581793


-53.178022	021020310102101	0001100001001110001000010
16

R 0.000000 0.000000 0.000000
H 2.193931 2.193931 -2.193931
Y 4.387862 0.000000 -4.387862
Y 6.581793 2.193931 -6.581793
K 8.775724 4.387862 -4.387862
F 6.581793 6.581793 -2.193931
N 4.387862 4.387862 -0.000000
S 2.193931 6.581793 2.193931
T 0.000000 4.387862 4.387862
G 2.193931 2.193931 6.581793
R 4.387862 0.000000 4.387862
H 2.193931 -2.193931 2.193931
Y 4.387862 -4.387862 -0.000000
H 6.581793 -2.193931 -2.193931
Y 8.775724 0.000000 -0.000000
Y 6.581793 2.193931 2.193931


-53.076183	031030130201301	0011100011001011000100101
16

R 0.000000 0.000000 0.000000
H 2.193931 2.193931 -2.193931
Y 4.387862 0.000000 -4.387862
Y 6.581793 -2.193931 -2.193931
K 4.387862 -4.387862 0.000000
F 2.193931 -2.193931 2.193931
N 4.387862 0.000000 4.387862
S 2.193931 2.193931 6.581793
T 0.000000 4.387862 4.387862
G 2.193931 6.581793 2.193931
R 4.387862 4.387862 0.000000
H 6.581793 2.193931 2.193931
Y 8.775724 0.000000 0.000000
H 10.969655 2.193931 -2.193931
Y 8.775724 4.387862 -4.387862
Y 6.581793 6.581793 -2.193931


-53.047585	013021320323101	0010110001101101001101110
16

R 0.000000 0.000000 0.000000
H 2.193931 2.193931 -2.193931
Y 4.387862 0.000000 -4.387862
Y 6.581793 2.193931 -6.581793
K 4.387862 4.387862 -8.775724
F 2.193931 2.193931 -10.969655
N 0.000000 4.387862 -13.163586
S -2.193931 6.581793 -10.969655
T 0.000000 8.775724 -8.775724
G 2.193931 6.581793 -6.581793
R 0.000000 4.387862 -4.387862
H -2.193931 2.193931 -6.581793
Y 0.000000 0.000000 -8.775724
H 2.193931 -2.193931 -6.581793
Y 0.000000 -4.387862 -4.387862
Y -2.193931 -2.193931 -2.193931


-53.047585	012031230232101	0010010011100111000111010
16

R 0.000000 0.000000 0.000000
H 2.193931 2.193931 -2.193931
Y 4.387862 0.000000 -4.387862
Y 6.581793 2.193931 -6.581793
K 8.775724 4.387862 -4.387862
F 10.969655 2.193931 -2.193931
N 13.163586 4.387862 -0.000000
S 10.969655 6.581793 2.193931
T 8.775724 8.775724 -0.000000
G 6.581793 6.581793 -2.193931
R 4.387862 4.387862 -0.000000
H 6.581793 2.193931 2.193931
Y 8.775724 0.000000 -0.000000
H 6.581793 -2.193931 -2.193931
Y 4.387862 -4.387862 -0.000000
Y 2.193931 -2.193931 2.193931


-53.041359	210130120103101	0110001011001001001000110
16

R 0.000000 0.000000 0.000000
H 2.193931 2.193931 -2.193931
Y 4.387862 0.000000 -4.387862
Y 6.581793 2.193931 -6.581793
K 4.387862 4.387862 -8.775724
F 2.193931 6.581793 -6.581793
N 0.000000 4.387862 -4.387862
S -2.193931 6.581793 -2.193931
T 0.000000 8.775724 -0.000000
G 2.193931 10.969655 -2.193931
R 4.387862 8.775724 -4.387862
H 6.581793 6.581793 -2.193931
Y 4.387862 4.387862 -0.000000
H 2.193931 6.581793 2.193931
Y 0.000000 4.387862 4.387862
Y -2.193931 2.193931 2.193931


-53.041359	310120130102101	1110001001001011001000010
16

R 0.000000 0.000000 0.000000
H 2.193931 2.193931 -2.193931
Y 4.387862 0.000000 -4.387862
Y 6.581793 2.193931 -6.581793
K 8.775724 4.387862 -4.387862
F 6.581793 6.581793 -2.193931
N 4.387862 4.387862 -0.000000
S 2.193931 6.581793 2.193931
T 0.000000 8.775724 -0.000000
G 2.193931 10.969655 -2.193931
R 4.387862 8.775724 -4.387862
H 2.193931 6.581793 -6.581793
Y 0.000000 4.387862 -4.387862
H -2.193931 6.581793 -2.193931
Y -4.387862 4.387862 -0.000000
Y -2.193931 2.193931 2.193931


-52.964946	310303103201301	1110001100111000110100101
16

R 0.000000 0.000000 0.000000
H 2.193931 2.193931 -2.193931
Y 4.387862 0.000000 -4.387862
Y 6.581793 -2.193931 -2.193931
K 4.387862 -4.387862 0.000000
F 2.193931 -2.193931 2.193931
N 4.387862 0.000000 4.387862
S 6.581793 -2.193931 6.581793
T 8.775724 -4.387862 4.387862
G 10.969655 -2.193931 2.193931
R 8.775724 0.000000 0.000000
H 6.581793 2.193931 2.193931
Y 4.387862 4.387862 0.000000
H 2.193931 6.581793 2.193931
Y 0.000000 4.387862 4.387862
Y 2.193931 2.193931 6.581793


-52.890326	310103101201301	1110001000111000100100101
16

R 0.000000 0.000000 0.000000
H 2.193931 2.193931 -2.193931
Y 4.387862 0.000000 -4.387862
Y 6.581793 -2.193931 -2.193931
K 4.387862 -4.387862 0.000000
F 2.193931 -2.193931 2.193931
N 4.387862 0.000000 4.387862
S 6.581793 2.193931 2.193931
T 8.775724 0.000000 0.000000
G 10.969655 2.193931 -2.193931
R 8.775724 4.387862 -4.387862
H 6.581793 6.581793 -2.193931
Y 4.387862 4.387862 0.000000
H 2.193931 6.581793 2.193931
Y 0.000000 4.387862 4.387862
Y 2.193931 2.193931 6.581793


-52.872369	031210213201301	0011100110000110110100101
16

R 0.000000 0.000000 0.000000
H 2.193931 2.193931 -2.193931
Y 4.387862 0.000000 -4.387862
Y 6.581793 -2.193931 -2.193931
K 4.387862 -4.387862 0.000000
F 2.193931 -2.193931 2.193931
N 4.387862 0.000000 4.387862
S 6.581793 -2.193931 6.581793
T 4.387862 -4.387862 8.775724
G 2.193931 -6.581793 6.581793
R 4.387862 -8.775724 4.387862
H 6.581793 -6.581793 2.193931
Y 8.775724 -4.387862 4.387862
H 10.969655 -2.193931 2.193931
Y 8.775724 -0.000000 0.000000
Y 6.581793 2.193931 2.193931


-52.864242	010310123101301	0010001110001001111000101
16

R 0.000000 0.000000 0.000000
H 2.193931 2.193931 -2.193931
Y 4.387862 0.000000 -4.387862
Y 6.581793 -2.193931 -2.193931
K 4.387862 -4.387862 0.000000
F 2.193931 -2.193931 2.193931
N 0.000000 -4.387862 4.387862
S 2.193931 -6.581793 6.581793
T 4.387862 -4.387862 8.775724
G 6.581793 -2.193931 6.581793
R 8.775724 -4.387862 4.387862
H 10.969655 -2.193931 2.193931
Y 8.775724 -0.000000 0.000000
H 6.581793 2.193931 2.193931
Y 4.387862 -0.000000 4.387862
Y 2.193931 2.193931 6.581793


-52.857233	313013120101301	1110110010111001001000101
16

R 0.000000 0.000000 0.000000
H 2.193931 2.193931 -2.193931
Y 4.387862 0.000000 -4.387862
Y 6.581793 -2.193931 -2.193931
K 4.387862 -4.387862 0.000000
F 2.193931 -2.193931 2.193931
N 0.000000 -4.387862 4.387862
S -2.193931 -2.193931 6.581793
T 0.000000 0.000000 8.775724
G 2.193931 2.193931 6.581793
R 0.000000 4.387862 4.387862
H 2.193931 6.581793 2.193931
Y 4.387862 4.387862 0.000000
H 6.581793 2.193931 2.193931
Y 4.387862 0.000000 4.387862
Y 6.581793 -2.193931 6.581793


-52.816676	013012130131301	0010110010011011001011101
16

R 0.000000 0.000000 0.000000
H 2.193931 2.193931 -2.193931
Y 4.387862 0.000000 -4.387862
Y 6.581793 -2.193931 -2.193931
K 4.387862 -4.387862 0.000000
F 6.581793 -6.581793 2.193931
N 4.387862 -8.775724 4.387862
S 2.193931 -6.581793 6.581793
T 0.000000 -4.387862 4.387862
G 2.193931 -2.193931 2.193931
R 4.387862 -0.000000 4.387862
H 6.581793 2.193931 2.193931
Y 8.775724 -0.000000 0.000000
H 10.969655 -2.193931 2.193931
Y 8.775724 -4.387862 4.387862
Y 6.581793 -2.193931 6.581793


-52.707114	303103231031301	1100111000110111100011101
16

R 0.000000 0.000000 0.000000
H 2.193931 2.193931 -2.193931
Y 4.387862 0.000000 -4.387862
Y 6.581793 -2.193931 -2.193931
K 4.387862 -4.387862 0.000000
F 6.581793 -6.581793 2.193931
N 8.775724 -8.775724 0.000000
S 10.969655 -6.581793 -2.193931
T 8.775724 -4.387862 -4.387862
G 6.581793 -6.581793 -6.581793
R 4.387862 -4.387862 -8.775724
H 2.193931 -2.193931 -6.581793
Y 0.000000 -4.387862 -4.387862
H 2.193931 -6.581793 -2.193931
Y 4.387862 -8.775724 -4.387862
Y 6.581793 -10.969655 -2.193931


-52.674758	013130131201301	0010111011001011100100101
16

R 0.000000 0.000000 0.000000
H 2.193931 2.193931 -2.193931
Y 4.387862 0.000000 -4.387862
Y 6.581793 -2.193931 -2.193931
K 4.387862 -4.387862 0.000000
F 2.193931 -2.193931 2.193931
N 4.387862 0.000000 4.387862
S 6.581793 2.193931 2.193931
T 4.387862 4.387862 0.000000
G 6.581793 6.581793 -2.193931
R 8.775724 4.387862 -4.387862
H 10.969655 2.193931 -2.193931
Y 8.775724 0.000000 0.000000
H 10.969655 -2.193931 2.193931
Y 8.775724 -4.387862 4.387862
Y 6.581793 -2.193931 6.581793


-52.640984	231030130201301	0111100011001011000100101
16

R 0.000000 0.000000 0.000000
H 2.193931 2.193931 -2.193931
Y 4.387862 0.000000 -4.387862
Y 6.581793 -2.193931 -2.193931
K 4.387862 -4.387862 0.000000
F 2.193931 -2.193931 2.193931
N 4.387862 0.000000 4.387862
S 2.193931 2.193931 6.581793
T 0.000000 4.387862 4.387862
G 2.193931 6.581793 2.193931
R 4.387862 4.387862 0.000000
H 6.581793 2.193931 2.193931
Y 8.775724 0.000000 0.000000
H 10.969655 2.193931 -2.193931
Y 8.775724 4.387862 -4.387862
Y 6.581793 2.193931 -6.581793


-52.639441	013030130201301	0010110011001011000100101
16

R 0.000000 0.000000 0.000000
H 2.193931 2.193931 -2.193931
Y 4.387862 0.000000 -4.387862
Y 6.581793 -2.193931 -2.193931
K 4.387862 -4.387862 0.000000
F 2.193931 -2.193931 2.193931
N 4.387862 0.000000 4.387862
S 2.193931 2.193931 6.581793
T 0.000000 4.387862 4.387862
G 2.193931 6.581793 2.193931
R 4.387862 4.387862 0.000000
H 6.581793 2.193931 2.193931
Y 8.775724 0.000000 0.000000
H 10.969655 -2.193931 2.193931
Y 8.775724 -4.387862 4.387862
Y 6.581793 -2.193931 6.581793


-52.632534	123020310302301	1001110001001110001100011
16

R 0.000000 0.000000 0.000000
H 2.193931 2.193931 -2.193931
Y 4.387862 0.000000 -4.387862
Y 6.581793 -2.193931 -2.193931
K 8.775724 0.000000 0.000000
F 6.581793 2.193931 2.193931
N 4.387862 4.387862 0.000000
S 2.193931 6.581793 2.193931
T 0.000000 4.387862 4.387862
G 2.193931 2.193931 6.581793
R 4.387862 0.000000 4.387862
H 2.193931 -2.193931 2.193931
Y 4.387862 -4.387862 0.000000
H 6.581793 -6.581793 2.193931
Y 8.775724 -4.387862 4.387862
Y 10.969655 -2.193931 2.193931


-52.623560	201303103201301	0100101100111000110100101
16

R 0.000000 0.000000 0.000000
H 2.193931 2.193931 -2.193931
Y 4.387862 0.000000 -4.387862
Y 6.581793 -2.193931 -2.193931
K 4.387862 -4.387862 0.000000
F 2.193931 -2.193931 2.193931
N 4.387862 0.000000 4.387862
S 6.581793 -2.193931 6.581793
T 8.775724 -4.387862 4.387862
G 10.969655 -2.193931 2.193931
R 8.775724 0.000000 0.000000
H 6.581793 2.193931 2.193931
Y 4.387862 4.387862 0.000000
H 6.581793 6.581793 -2.193931
Y 8.775724 4.387862 -4.387862
Y 6.581793 2.193931 -6.581793


-52.585048	213023123201301	0110110001111001110100101
16

R 0.000000 0.000000 0.000000
H 2.193931 2.193931 -2.193931
Y 4.387862 0.000000 -4.387862
Y 6.581793 -2.193931 -2.193931
K 4.387862 -4.387862 0.000000
F 2.193931 -2.193931 2.193931
N 4.387862 0.000000 4.387862
S 6.581793 -2.193931 6.581793
T 8.775724 0.000000 8.775724
G 10.969655 2.193931 6.581793
R 8.775724 4.387862 4.387862
H 6.581793 2.193931 2.193931
Y 8.775724 0.000000 0.000000
H 10.969655 -2.193931 2.193931
Y 8.775724 -4.387862 4.387862
Y 6.581793 -6.581793 2.193931


-52.547233	031032130131301	0011100011011011001011101
16

R 0.000000 0.000000 0.000000
H 2.193931 2.193931 -2.193931
Y 4.387862 0.000000 -4.387862
Y 6.581793 -2.193931 -2.193931
K 4.387862 -4.387862 0.000000
F 6.581793 -6.581793 2.193931
N 4.387862 -8.775724 4.387862
S 2.193931 -6.581793 6.581793
T 0.000000 -4.387862 4.387862
G 2.193931 -2.193931 2.193931
R 4.387862 -0.000000 4.387862
H 6.581793 -2.193931 6.581793
Y 8.775724 -4.387862 4.387862
H 10.969655 -2.193931 2.193931
Y 8.775724 -0.000000 0.000000
Y 6.581793 2.193931 2.193931


-52.542721	013010210103101	0010110010000110001000110
16

R 0.000000 0.000000 0.000000
H 2.193931 2.193931 -2.193931
Y 4.387862 0.000000 -4.387862
Y 6.581793 2.193931 -6.581793
K 4.387862 4.387862 -8.775724
F 2.193931 6.581793 -6.581793
N 0.000000 4.387862 -4.387862
S -2.193931 6.581793 -2.193931
T -4.387862 4.387862 -0.000000
G -6.581793 2.193931 -2.193931
R -4.387862 0.000000 -4.387862
H -2.193931 2.193931 -6.581793
Y 0.000000 0.000000 -8.775724
H 2.193931 -2.193931 -6.581793
Y 0.000000 -4.387862 -4.387862
Y -2.193931 -2.193931 -2.193931


-52.542721	012010310102101	0010010010001110001000010
16

R 0.000000 0.000000 0.000000
H 2.193931 2.193931 -2.193931
Y 4.387862 0.000000 -4.387862
Y 6.581793 2.193931 -6.581793
K 8.775724 4.387862 -4.387862
F 6.581793 6.581793 -2.193931
N 4.387862 4.387862 -0.000000
S 2.193931 6.581793 2.193931
T 0.000000 4.387862 4.387862
G 2.193931 2.193931 6.581793
R 4.387862 0.000000 4.387862
H 6.581793 2.193931 2.193931
Y 8.775724 0.000000 -0.000000
H 6.581793 -2.193931 -2.193931
Y 4.387862 -4.387862 -0.000000
Y 2.193931 -2.193931 2.193931


-52.523402	313013230130301	1110110010110111001011001
16

R 0.000000 0.000000 0.000000
H 2.193931 2.193931 -2.193931
Y 4.387862 0.000000 -4.387862
Y 6.581793 -2.193931 -2.193931
K 8.775724 -4.387862 -4.387862
F 10.969655 -6.581793 -2.193931
N 8.775724 -8.775724 0.000000
S 6.581793 -6.581793 2.193931
T 4.387862 -4.387862 0.000000
G 2.193931 -6.581793 -2.193931
R 0.000000 -4.387862 -4.387862
H 2.193931 -2.193931 -6.581793
Y 4.387862 -4.387862 -8.775724
H 6.581793 -6.581793 -6.581793
Y 4.387862 -8.775724 -4.387862
Y 6.581793 -10.969655 -2.193931


-52.504185	120310210132301	1001001110000110001011011
16

R 0.000000 0.000000 0.000000
H 2.193931 2.193931 -2.193931
Y 4.387862 0.000000 -4.387862
Y 6.581793 -2.193931 -2.193931
K 8.775724 0.000000 0.000000
F 10.969655 -2.193931 2.193931
N 8.775724 -4.387862 4.387862
S 6.581793 -2.193931 6.581793
T 4.387862 -4.387862 8.775724
G 2.193931 -6.581793 6.581793
R 4.387862 -8.775724 4.387862
H 6.581793 -6.581793 2.193931
Y 4.387862 -4.387862 0.000000
H 2.193931 -2.193931 2.193931
Y 4.387862 -0.000000 4.387862
Y 6.581793 2.193931 2.193931


-52.495048	210320120201301	0110001101001001000100101
16

R 0.000000 0.000000 0.000000
H 2.193931 2.193931 -2.193931
Y 4.387862 0.000000 -4.387862
Y 6.581793 -2.193931 -2.193931
K 4.387862 -4.387862 0.000000
F 2.193931 -2.193931 2.193931
N 4.387862 0.000000 4.387862
S 2.193931 2.193931 6.581793
T 4.387862 4.387862 8.775724
G 6.581793 6.581793 6.581793
R 8.775724 4.387862 4.387862
H 6.581793 2.193931 2.193931
Y 4.387862 4.387862 0.000000
H 2.193931 6.581793 2.193931
Y 0.000000 4.387862 4.387862
Y -2.193931 2.193931 2.193931


-52.445439	032020310302301	0011010001001110001100011
16

R 0.000000 0.000000 0.000000
H 2.193931 2.193931 -2.193931
Y 4.387862 0.000000 -4.387862
Y 6.581793 -2.193931 -2.193931
K 8.775724 0.000000 0.000000
F 6.581793 2.193931 2.193931
N 4.387862 4.387862 0.000000
S 2.193931 6.581793 2.193931
T 0.000000 4.387862 4.387862
G 2.193931 2.193931 6.581793
R 4.387862 0.000000 4.387862
H 2.193931 -2.193931 2.193931
Y 4.387862 -4.387862 0.000000
H 2.193931 -6.581793 -2.193931
Y 0.000000 -4.387862 -4.387862
Y -2.193931 -2.193931 -2.193931


-52.286574	031032030130301	0011100011010011001011001
16

R 0.000000 0.000000 0.000000
H 2.193931 2.193931 -2.193931
Y 4.387862 0.000000 -4.387862
Y 6.581793 -2.193931 -2.193931
K 8.775724 -4.387862 -4.387862
F 10.969655 -6.581793 -2.193931
N 8.775724 -8.775724 0.000000
S 6.581793 -6.581793 2.193931
T 4.387862 -4.387862 0.000000
G 2.193931 -2.193931 2.193931
R 4.387862 -0.000000 4.387862
H 6.581793 -2.193931 6.581793
Y 8.775724 -4.387862 4.387862
H 10.969655 -2.193931 2.193931
Y 8.775724 -0.000000 0.000000
Y 6.581793 2.193931 2.193931


-52.258595	123101031021301	1001111000100011100001101
16

R 0.000000 0.000000 0.000000
H 2.193931 2.193931 -2.193931
Y 4.387862 0.000000 -4.387862
Y 6.581793 -2.193931 -2.193931
K 4.387862 -4.387862 0.000000
F 2.193931 -6.581793 -2.193931
N 4.387862 -8.775724 -4.387862
S 6.581793 -6.581793 -6.581793
T 4.387862 -4.387862 -8.775724
G 2.193931 -2.193931 -6.581793
R 0.000000 -4.387862 -4.387862
H -2.193931 -2.193931 -2.193931
Y -4.387862 -4.387862 -0.000000
H -2.193931 -6.581793 2.193931
Y 0.000000 -4.387862 4.387862
Y 2.193931 -2.193931 2.193931


-52.215877	302123120132301	1100011001111001001011011
16

R 0.000000 0.000000 0.000000
H 2.193931 2.193931 -2.193931
Y 4.387862 0.000000 -4.387862
Y 6.581793 -2.193931 -2.193931
K 8.775724 0.000000 0.000000
F 10.969655 -2.193931 2.193931
N 8.775724 -4.387862 4.387862
S 6.581793 -2.193931 6.581793
T 8.775724 0.000000 8.775724
G 10.969655 2.193931 6.581793
R 8.775724 4.387862 4.387862
H 6.581793 2.193931 2.193931
Y 4.387862 0.000000 4.387862
H 2.193931 -2.193931 2.193931
Y 4.387862 -4.387862 0.000000
Y 6.581793 -6.581793 2.193931


-52.193912	203023013202101	0100110001110010110100010
16

R 0.000000 0.000000 0.000000
H 2.193931 2.193931 -2.193931
Y 4.387862 0.000000 -4.387862
Y 6.581793 2.193931 -6.581793
K 8.775724 4.387862 -4.387862
F 6.581793 6.581793 -2.193931
N 8.775724 8.775724 -0.000000
S 10.969655 6.581793 2.193931
T 8.775724 4.387862 4.387862
G 6.581793 6.581793 6.581793
R 4.387862 8.775724 4.387862
H 2.193931 6.581793 2.193931
Y 4.387862 4.387862 -0.000000
H 6.581793 2.193931 2.193931
Y 8.775724 0.000000 -0.000000
Y 6.581793 -2.193931 -2.193931


-52.193912	201021031202301	0100100001100011100100011
16

R 0.000000 0.000000 0.000000
H 2.193931 2.193931 -2.193931
Y 4.387862 0.000000 -4.387862
Y 6.581793 -2.193931 -2.193931
K 8.775724 0.000000 0.000000
F 6.581793 2.193931 2.193931
N 8.775724 4.387862 4.387862
S 10.969655 6.581793 2.193931
T 8.775724 8.775724 0.000000
G 6.581793 10.969655 2.193931
R 4.387862 8.775724 4.387862
H 2.193931 6.581793 2.193931
Y 4.387862 4.387862 0.000000
H 6.581793 6.581793 -2.193931
Y 8.775724 4.387862 -4.387862
Y 6.581793 2.193931 -6.581793


-52.193912	302032012303101	1100010011010010011100110
16

R 0.000000 0.000000 0.000000
H 2.193931 2.193931 -2.193931
Y 4.387862 0.000000 -4.387862
Y 6.581793 2.193931 -6.581793
K 4.387862 4.387862 -8.775724
F 2.193931 6.581793 -6.581793
N 0.000000 8.775724 -8.775724
S -2.193931 6.581793 -10.969655
T -4.387862 4.387862 -8.775724
G -6.581793 6.581793 -6.581793
R -4.387862 8.775724 -4.387862
H -2.193931 6.581793 -2.193931
Y 0.000000 4.387862 -4.387862
H -2.193931 2.193931 -6.581793
Y 0.000000 0.000000 -8.775724
Y 2.193931 -2.193931 -6.581793


-52.192534	010310210130101	0010001110000110001011000
16

R 0.000000 0.000000 0.000000
H 2.193931 2.193931 -2.193931
Y 4.387862 0.000000 -4.387862
Y 6.581793 2.193931 -6.581793
K 8.775724 0.000000 -8.775724
F 10.969655 -2.193931 -6.581793
N 8.775724 -4.387862 -4.387862
S 6.581793 -2.193931 -2.193931
T 4.387862 -4.387862 -0.000000
G 2.193931 -6.581793 -2.193931
R 4.387862 -8.775724 -4.387862
H 6.581793 -6.581793 -6.581793
Y 4.387862 -4.387862 -8.775724
H 2.193931 -2.193931 -6.581793
Y 0.000000 -4.387862 -4.387862
Y -2.193931 -2.193931 -2.193931


-52.192534	010210310120101	0010000110001110001001000
16

R 0.000000 0.000000 0.000000
H 2.193931 2.193931 -2.193931
Y 4.387862 0.000000 -4.387862
Y 6.581793 2.193931 -6.581793
K 8.775724 0.000000 -8.775724
F 6.581793 -2.193931 -10.969655
N 4.387862 -4.387862 -8.775724
S 2.193931 -2.193931 -6.581793
T 0.000000 -4.387862 -4.387862
G 2.193931 -6.581793 -2.193931
R 4.387862 -8.775724 -4.387862
H 6.581793 -6.581793 -6.581793
Y 8.775724 -4.387862 -4.387862
H 6.581793 -2.193931 -2.193931
Y 4.387862 -4.387862 -0.000000
Y 2.193931 -2.193931 2.193931


-52.137772	203103031021301	0100111000110011100001101
16

R 0.000000 0.000000 0.000000
H 2.193931 2.193931 -2.193931
Y 4.387862 0.000000 -4.387862
Y 6.581793 -2.193931 -2.193931
K 4.387862 -4.387862 0.000000
F 2.193931 -6.581793 -2.193931
N 4.387862 -8.775724 -4.387862
S 6.581793 -6.581793 -6.581793
T 4.387862 -4.387862 -8.775724
G 2.193931 -2.193931 -6.581793
R 0.000000 -0.000000 -8.775724
H -2.193931 2.193931 -6.581793
Y -4.387862 -0.000000 -4.387862
H -2.193931 -2.193931 -2.193931
Y 0.000000 -4.387862 -4.387862
Y -2.193931 -6.581793 -6.581793


-52.011007	013012030130301	0010110010010011001011001
16

R 0.000000 0.000000 0.000000
H 2.193931 2.193931 -2.193931
Y 4.387862 0.000000 -4.387862
Y 6.581793 -2.193931 -2.193931
K 8.775724 -4.387862 -4.387862
F 10.969655 -6.581793 -2.193931
N 8.775724 -8.775724 0.000000
S 6.581793 -6.581793 2.193931
T 4.387862 -4.387862 0.000000
G 2.193931 -2.193931 2.193931
R 4.387862 -0.000000 4.387862
H 6.581793 2.193931 2.193931
Y 8.775724 -0.000000 0.000000
H 10.969655 -2.193931 2.193931
Y 8.775724 -4.387862 4.387862
Y 6.581793 -2.193931 6.581793


-51.984429	201231210302301	0100100111100110001100011
16

R 0.000000 0.000000 0.000000
H 2.193931 2.193931 -2.193931
Y 4.387862 0.000000 -4.387862
Y 6.581793 -2.193931 -2.193931
K 8.775724 0.000000 0.000000
F 6.581793 2.193931 2.193931
N 4.387862 4.387862 0.000000
S 2.193931 6.581793 2.193931
T 0.000000 4.387862 4.387862
G -2.193931 2.193931 2.193931
R -4.387862 0.000000 4.387862
H -2.193931 -2.193931 6.581793
Y 0.000000 0.000000 8.775724
H 2.193931 2.193931 6.581793
Y 4.387862 0.000000 4.387862
Y 2.193931 -2.193931 2.193931


-51.930388	210320120231301	0110001101001001000111101
16

R 0.000000 0.000000 0.000000
H 2.193931 2.193931 -2.193931
Y 4.387862 0.000000 -4.387862
Y 6.581793 -2.193931 -2.193931
K 4.387862 -4.387862 0.000000
F 6.581793 -6.581793 2.193931
N 8.775724 -4.387862 4.387862
S 6.581793 -2.193931 6.581793
T 8.775724 -0.000000 8.775724
G 10.969655 2.193931 6.581793
R 13.163586 -0.000000 4.387862
H 10.969655 -2.193931 2.193931
Y 8.775724 -0.000000 0.000000
H 6.581793 2.193931 2.193931
Y 4.387862 -0.000000 4.387862
Y 2.193931 -2.193931 2.193931


-51.907624	310201231012301	1110000100100111100010011
16

R 0.000000 0.000000 0.000000
H 2.193931 2.193931 -2.193931
Y 4.387862 0.000000 -4.387862
Y 6.581793 -2.193931 -2.193931
K 8.775724 0.000000 0.000000
F 10.969655 2.193931 -2.193931
N 13.163586 0.000000 -4.387862
S 15.357517 2.193931 -6.581793
T 13.163586 4.387862 -8.775724
G 10.969655 2.193931 -10.969655
R 8.775724 0.000000 -8.775724
H 6.581793 2.193931 -6.581793
Y 8.775724 4.387862 -4.387862
H 6.581793 6.581793 -2.193931
Y 4.387862 4.387862 -0.000000
Y 6.581793 2.193931 2.193931


-51.907624	130203213032101	1011000100110110110011010
16

R 0.000000 0.000000 0.000000
H 2.193931 2.193931 -2.193931
Y 4.387862 0.000000 -4.387862
Y 6.581793 2.193931 -6.581793
K 8.775724 4.387862 -4.387862
F 10.969655 2.193931 -2.193931
N 13.163586 0.000000 -4.387862
S 15.357517 -2.193931 -2.193931
T 13.163586 -4.387862 -0.000000
G 10.969655 -6.581793 -2.193931
R 8.775724 -4.387862 -4.387862
H 6.581793 -2.193931 -2.193931
Y 8.775724 -0.000000 -0.000000
H 6.581793 2.193931 2.193931
Y 4.387862 4.387862 -0.000000
Y 6.581793 6.581793 -2.193931


-51.907624	120302312023101	1001001100011110010001110
16

R 0.000000 0.000000 0.000000
H 2.193931 2.193931 -2.193931
Y 4.387862 0.000000 -4.387862
Y 6.581793 2.193931 -6.581793
K 4.387862 4.387862 -8.775724
F 2.193931 2.193931 -10.969655
N 4.387862 0.000000 -13.163586
S 2.193931 -2.193931 -15.357517
T 0.000000 -4.387862 -13.163586
G 2.193931 -6.581793 -10.969655
R 4.387862 -4.387862 -8.775724
H 2.193931 -2.193931 -6.581793
Y 0.000000 -0.000000 -8.775724
H -2.193931 2.193931 -6.581793
Y 0.000000 4.387862 -4.387862
Y 2.193931 6.581793 -6.581793


-51.884719	301203202101301	1100100100110100011000101
16

R 0.000000 0.000000 0.000000
H 2.193931 2.193931 -2.193931
Y 4.387862 0.000000 -4.387862
Y 6.581793 -2.193931 -2.193931
K 4.387862 -4.387862 0.000000
F 2.193931 -2.193931 2.193931
N 0.000000 -4.387862 4.387862
S -2.193931 -6.581793 2.193931
T 0.000000 -8.775724 0.000000
G -2.193931 -10.969655 -2.193931
R -4.387862 -8.775724 -4.387862
H -6.581793 -6.581793 -2.193931
Y -4.387862 -4.387862 0.000000
H -2.193931 -2.193931 -2.193931
Y 0.000000 -4.387862 -4.387862
Y 2.193931 -6.581793 -2.193931


