-33.131963	30132101301	11001011011000101
12

F 0.000000 0.000000 0.000000
A 2.193931 2.193931 -2.193931
T 4.387862 0.000000 -4.387862
M 6.581793 -2.193931 -2.193931
R 4.387862 -4.387862 0.000000
Y 2.193931 -2.193931 2.193931
P 0.000000 -4.387862 4.387862
S -2.193931 -6.581793 2.193931
D -4.387862 -4.387862 0.000000
S -2.193931 -2.193931 -2.193931
D 0.000000 -4.387862 -4.387862
E 2.193931 -6.581793 -2.193931


-31.146662	21031201301	01100011100100101
12

F 0.000000 0.000000 0.000000
A 2.193931 2.193931 -2.193931
T 4.387862 0.000000 -4.387862
M 6.581793 -2.193931 -2.193931
R 4.387862 -4.387862 0.000000
Y 2.193931 -2.193931 2.193931
P 4.387862 0.000000 4.387862
S 6.581793 2.193931 2.193931
D 4.387862 4.387862 0.000000
S 2.193931 6.581793 2.193931
D 0.000000 4.387862 4.387862
E -2.193931 2.193931 2.193931


-31.072785	03102101301	00111000011000101
12

F 0.000000 0.000000 0.000000
A 2.193931 2.193931 -2.193931
T 4.387862 0.000000 -4.387862
M 6.581793 -2.193931 -2.193931
R 4.387862 -4.387862 0.000000
Y 2.193931 -2.193931 2.193931
P 0.000000 -4.387862 4.387862
S -2.193931 -6.581793 2.193931
D 0.000000 -8.775724 0.000000
S 2.193931 -6.581793 -2.193931
D 0.000000 -4.387862 -4.387862
E -2.193931 -2.193931 -2.193931


-30.911815	10132101301	10001011011000101
12

F 0.000000 0.000000 0.000000
A 2.193931 2.193931 -2.193931
T 4.387862 0.000000 -4.387862
M 6.581793 -2.193931 -2.193931
R 4.387862 -4.387862 0.000000
Y 2.193931 -2.193931 2.193931
P 0.000000 -4.387862 4.387862
S -2.193931 -6.581793 2.193931
D -4.387862 -4.387862 0.000000
S -2.193931 -2.193931 -2.193931
D 0.000000 -4.387862 -4.387862
E 2.193931 -2.193931 -6.581793


-30.738909	21301201301	01101100100100101
12

F 0.000000 0.000000 0.000000
A 2.193931 2.193931 -2.193931
T 4.387862 0.000000 -4.387862
M 6.581793 -2.193931 -2.193931
R 4.387862 -4.387862 0.000000
Y 2.193931 -2.193931 2.193931
P 4.387862 0.000000 4.387862
S 6.581793 2.193931 2.193931
D 8.775724 0.000000 0.000000
S 10.969655 -2.193931 2.193931
D 8.775724 -4.387862 4.387862
E 6.581793 -6.581793 2.193931


-29.960311	12310321301	10011110001101101
12

F 0.000000 0.000000 0.000000
A 2.193931 2.193931 -2.193931
T 4.387862 0.000000 -4.387862
M 6.581793 -2.193931 -2.193931
R 4.387862 -4.387862 0.000000
Y 2.193931 -6.581793 -2.193931
P 0.000000 -4.387862 -4.387862
S -2.193931 -2.193931 -2.193931
D -4.387862 -4.387862 0.000000
S -2.193931 -6.581793 2.193931
D 0.000000 -4.387862 4.387862
E 2.193931 -2.193931 2.193931


-29.451979	03202102301	00110100011000011
12

F 0.000000 0.000000 0.000000
A 2.193931 2.193931 -2.193931
T 4.387862 0.000000 -4.387862
M 6.581793 -2.193931 -2.193931
R 8.775724 0.000000 0.000000
Y 6.581793 2.193931 2.193931
P 4.387862 0.000000 4.387862
S 2.193931 -2.193931 2.193931
D 4.387862 -4.387862 0.000000
S 2.193931 -6.581793 -2.193931
D 0.000000 -4.387862 -4.387862
E -2.193931 -2.193931 -2.193931


-28.865464	01301201301	00101100100100101
12

F 0.000000 0.000000 0.000000
A 2.193931 2.193931 -2.193931
T 4.387862 0.000000 -4.387862
M 6.581793 -2.193931 -2.193931
R 4.387862 -4.387862 0.000000
Y 2.193931 -2.193931 2.193931
P 4.387862 0.000000 4.387862
S 6.581793 2.193931 2.193931
D 8.775724 0.000000 0.000000
S 10.969655 -2.193931 2.193931
D 8.775724 -4.387862 4.387862
E 6.581793 -2.193931 6.581793


-28.828290	31031201301	11100011100100101
12

F 0.000000 0.000000 0.000000
A 2.193931 2.193931 -2.193931
T 4.387862 0.000000 -4.387862
M 6.581793 -2.193931 -2.193931
R 4.387862 -4.387862 0.000000
Y 2.193931 -2.193931 2.193931
P 4.387862 0.000000 4.387862
S 6.581793 2.193931 2.193931
D 4.387862 4.387862 0.000000
S 2.193931 6.581793 2.193931
D 0.000000 4.387862 4.387862
E 2.193931 2.193931 6.581793


-28.792723	12302102301	10011100011000011
12

F 0.000000 0.000000 0.000000
A 2.193931 2.193931 -2.193931
T 4.387862 0.000000 -4.387862
M 6.581793 -2.193931 -2.193931
R 8.775724 0.000000 0.000000
Y 6.581793 2.193931 2.193931
P 4.387862 0.000000 4.387862
S 2.193931 -2.193931 2.193931
D 4.387862 -4.387862 0.000000
S 6.581793 -6.581793 2.193931
D 8.775724 -4.387862 4.387862
E 10.969655 -2.193931 2.193931


-28.495424	13202102301	10110100011000011
12

F 0.000000 0.000000 0.000000
A 2.193931 2.193931 -2.193931
T 4.387862 0.000000 -4.387862
M 6.581793 -2.193931 -2.193931
R 8.775724 0.000000 0.000000
Y 6.581793 2.193931 2.193931
P 4.387862 0.000000 4.387862
S 2.193931 -2.193931 2.193931
D 4.387862 -4.387862 0.000000
S 2.193931 -6.581793 -2.193931
D 0.000000 -4.387862 -4.387862
E 2.193931 -2.193931 -6.581793


-28.473546	03103201301	00111000110100101
12

F 0.000000 0.000000 0.000000
A 2.193931 2.193931 -2.193931
T 4.387862 0.000000 -4.387862
M 6.581793 -2.193931 -2.193931
R 4.387862 -4.387862 0.000000
Y 2.193931 -2.193931 2.193931
P 4.387862 0.000000 4.387862
S 6.581793 -2.193931 6.581793
D 8.775724 -4.387862 4.387862
S 10.969655 -2.193931 2.193931
D 8.775724 0.000000 0.000000
E 6.581793 2.193931 2.193931


-28.436372	30130201301	11001011000100101
12

F 0.000000 0.000000 0.000000
A 2.193931 2.193931 -2.193931
T 4.387862 0.000000 -4.387862
M 6.581793 -2.193931 -2.193931
R 4.387862 -4.387862 0.000000
Y 2.193931 -2.193931 2.193931
P 4.387862 0.000000 4.387862
S 2.193931 2.193931 6.581793
D 0.000000 4.387862 4.387862
S 2.193931 6.581793 2.193931
D 4.387862 4.387862 0.000000
E 6.581793 2.193931 2.193931


-28.407711	13102101301	10111000011000101
12

F 0.000000 0.000000 0.000000
A 2.193931 2.193931 -2.193931
T 4.387862 0.000000 -4.387862
M 6.581793 -2.193931 -2.193931
R 4.387862 -4.387862 0.000000
Y 2.193931 -2.193931 2.193931
P 0.000000 -4.387862 4.387862
S -2.193931 -6.581793 2.193931
D 0.000000 -8.775724 0.000000
S 2.193931 -6.581793 -2.193931
D 0.000000 -4.387862 -4.387862
E 2.193931 -2.193931 -6.581793


-28.310554	23101201301	01111000100100101
12

F 0.000000 0.000000 0.000000
A 2.193931 2.193931 -2.193931
T 4.387862 0.000000 -4.387862
M 6.581793 -2.193931 -2.193931
R 4.387862 -4.387862 0.000000
Y 2.193931 -2.193931 2.193931
P 4.387862 0.000000 4.387862
S 6.581793 2.193931 2.193931
D 8.775724 0.000000 0.000000
S 10.969655 2.193931 -2.193931
D 8.775724 4.387862 -4.387862
E 6.581793 2.193931 -6.581793


-27.988784	20310302301	01001110001100011
12

F 0.000000 0.000000 0.000000
A 2.193931 2.193931 -2.193931
T 4.387862 0.000000 -4.387862
M 6.581793 -2.193931 -2.193931
R 8.775724 0.000000 0.000000
Y 6.581793 2.193931 2.193931
P 4.387862 4.387862 0.000000
S 2.193931 6.581793 2.193931
D 0.000000 4.387862 4.387862
S 2.193931 2.193931 6.581793
D 4.387862 0.000000 4.387862
E 2.193931 -2.193931 2.193931


-27.544658	20131201301	01001011100100101
12

F 0.000000 0.000000 0.000000
A 2.193931 2.193931 -2.193931
T 4.387862 0.000000 -4.387862
M 6.581793 -2.193931 -2.193931
R 4.387862 -4.387862 0.000000
Y 2.193931 -2.193931 2.193931
P 4.387862 0.000000 4.387862
S 6.581793 2.193931 2.193931
D 4.387862 4.387862 0.000000
S 6.581793 6.581793 -2.193931
D 8.775724 4.387862 -4.387862
E 6.581793 2.193931 -6.581793


-27.188307	12032132301	10010011011011011
12

F 0.000000 0.000000 0.000000
A 2.193931 2.193931 -2.193931
T 4.387862 0.000000 -4.387862
M 6.581793 -2.193931 -2.193931
R 8.775724 0.000000 0.000000
Y 10.969655 -2.193931 2.193931
P 8.775724 -4.387862 4.387862
S 6.581793 -6.581793 2.193931
D 4.387862 -4.387862 0.000000
S 2.193931 -2.193931 2.193931
D 4.387862 -0.000000 4.387862
E 6.581793 2.193931 2.193931


-27.034493	21031231301	01100011100111101
12

F 0.000000 0.000000 0.000000
A 2.193931 2.193931 -2.193931
T 4.387862 0.000000 -4.387862
M 6.581793 -2.193931 -2.193931
R 4.387862 -4.387862 0.000000
Y 6.581793 -6.581793 2.193931
P 8.775724 -4.387862 4.387862
S 10.969655 -2.193931 2.193931
D 8.775724 -0.000000 0.000000
S 6.581793 2.193931 2.193931
D 4.387862 -0.000000 4.387862
E 2.193931 -2.193931 2.193931


-26.919278	02302102301	00011100011000011
12

F 0.000000 0.000000 0.000000
A 2.193931 2.193931 -2.193931
T 4.387862 0.000000 -4.387862
M 6.581793 -2.193931 -2.193931
R 8.775724 0.000000 0.000000
Y 6.581793 2.193931 2.193931
P 4.387862 0.000000 4.387862
S 2.193931 -2.193931 2.193931
D 4.387862 -4.387862 0.000000
S 6.581793 -6.581793 2.193931
D 8.775724 -4.387862 4.387862
E 6.581793 -2.193931 6.581793


-26.587603	32130101301	11011011001000101
12

F 0.000000 0.000000 0.000000
A 2.193931 2.193931 -2.193931
T 4.387862 0.000000 -4.387862
M 6.581793 -2.193931 -2.193931
R 4.387862 -4.387862 0.000000
Y 2.193931 -2.193931 2.193931
P 0.000000 -4.387862 4.387862
S -2.193931 -2.193931 6.581793
D -4.387862 0.000000 4.387862
S -2.193931 2.193931 2.193931
D 0.000000 4.387862 4.387862
E 2.193931 2.193931 6.581793


-26.587603	31230201301	11100111000100101
12

F 0.000000 0.000000 0.000000
A 2.193931 2.193931 -2.193931
T 4.387862 0.000000 -4.387862
M 6.581793 -2.193931 -2.193931
R 4.387862 -4.387862 0.000000
Y 2.193931 -2.193931 2.193931
P 4.387862 0.000000 4.387862
S 2.193931 2.193931 6.581793
D 0.000000 4.387862 4.387862
S -2.193931 2.193931 2.193931
D -4.387862 0.000000 4.387862
E -2.193931 -2.193931 6.581793


-26.547070	01031021301	00100011100001101
12

F 0.000000 0.000000 0.000000
A 2.193931 2.193931 -2.193931
T 4.387862 0.000000 -4.387862
M 6.581793 -2.193931 -2.193931
R 4.387862 -4.387862 0.000000
Y 2.193931 -6.581793 -2.193931
P 4.387862 -8.775724 -4.387862
S 6.581793 -6.581793 -6.581793
D 4.387862 -4.387862 -8.775724
S 2.193931 -2.193931 -6.581793
D 0.000000 -4.387862 -4.387862
E -2.193931 -2.193931 -2.193931


-26.477376	20132101301	01001011011000101
12

F 0.000000 0.000000 0.000000
A 2.193931 2.193931 -2.193931
T 4.387862 0.000000 -4.387862
M 6.581793 -2.193931 -2.193931
R 4.387862 -4.387862 0.000000
Y 2.193931 -2.193931 2.193931
P 0.000000 -4.387862 4.387862
S -2.193931 -6.581793 2.193931
D -4.387862 -4.387862 0.000000
S -2.193931 -2.193931 -2.193931
D 0.000000 -4.387862 -4.387862
E -2.193931 -6.581793 -6.581793


-26.461173	02310320301	00011110001101001
12

F 0.000000 0.000000 0.000000
A 2.193931 2.193931 -2.193931
T 4.387862 0.000000 -4.387862
M 6.581793 -2.193931 -2.193931
R 8.775724 -4.387862 -4.387862
Y 6.581793 -6.581793 -6.581793
P 4.387862 -4.387862 -8.775724
S 2.193931 -2.193931 -6.581793
D 0.000000 -4.387862 -4.387862
S 2.193931 -6.581793 -2.193931
D 4.387862 -4.387862 -0.000000
E 2.193931 -2.193931 2.193931


-26.067359	03203102301	00110100111000011
12

F 0.000000 0.000000 0.000000
A 2.193931 2.193931 -2.193931
T 4.387862 0.000000 -4.387862
M 6.581793 -2.193931 -2.193931
R 8.775724 0.000000 0.000000
Y 6.581793 2.193931 2.193931
P 4.387862 0.000000 4.387862
S 6.581793 -2.193931 6.581793
D 8.775724 -4.387862 4.387862
S 6.581793 -6.581793 2.193931
D 4.387862 -4.387862 0.000000
E 2.193931 -2.193931 2.193931


-25.970594	10120101301	10001001001000101
12

F 0.000000 0.000000 0.000000
A 2.193931 2.193931 -2.193931
T 4.387862 0.000000 -4.387862
M 6.581793 -2.193931 -2.193931
R 4.387862 -4.387862 0.000000
Y 2.193931 -2.193931 2.193931
P 0.000000 -4.387862 4.387862
S -2.193931 -2.193931 6.581793
D 0.000000 0.000000 8.775724
S 2.193931 2.193931 6.581793
D 4.387862 0.000000 4.387862
E 6.581793 2.193931 2.193931


-25.970594	13123101301	10111001111000101
12

F 0.000000 0.000000 0.000000
A 2.193931 2.193931 -2.193931
T 4.387862 0.000000 -4.387862
M 6.581793 -2.193931 -2.193931
R 4.387862 -4.387862 0.000000
Y 2.193931 -2.193931 2.193931
P 0.000000 -4.387862 4.387862
S 2.193931 -6.581793 6.581793
D 4.387862 -4.387862 8.775724
S 6.581793 -2.193931 6.581793
D 4.387862 -0.000000 4.387862
E 6.581793 2.193931 2.193931


-25.874635	10130121301	10001011001001101
12

F 0.000000 0.000000 0.000000
A 2.193931 2.193931 -2.193931
T 4.387862 0.000000 -4.387862
M 6.581793 -2.193931 -2.193931
R 4.387862 -4.387862 0.000000
Y 2.193931 -6.581793 -2.193931
P 0.000000 -8.775724 0.000000
S -2.193931 -6.581793 2.193931
D -4.387862 -4.387862 0.000000
S -2.193931 -2.193931 -2.193931
D 0.000000 -4.387862 -4.387862
E 2.193931 -2.193931 -6.581793


-25.786287	30131201301	11001011100100101
12

F 0.000000 0.000000 0.000000
A 2.193931 2.193931 -2.193931
T 4.387862 0.000000 -4.387862
M 6.581793 -2.193931 -2.193931
R 4.387862 -4.387862 0.000000
Y 2.193931 -2.193931 2.193931
P 4.387862 0.000000 4.387862
S 6.581793 2.193931 2.193931
D 4.387862 4.387862 0.000000
S 6.581793 6.581793 -2.193931
D 8.775724 4.387862 -4.387862
E 10.969655 2.193931 -2.193931


-25.707109	03101201301	00111000100100101
12

F 0.000000 0.000000 0.000000
A 2.193931 2.193931 -2.193931
T 4.387862 0.000000 -4.387862
M 6.581793 -2.193931 -2.193931
R 4.387862 -4.387862 0.000000
Y 2.193931 -2.193931 2.193931
P 4.387862 0.000000 4.387862
S 6.581793 2.193931 2.193931
D 8.775724 0.000000 0.000000
S 10.969655 2.193931 -2.193931
D 8.775724 4.387862 -4.387862
E 6.581793 6.581793 -2.193931


-25.259811	01302103101	00101100011000110
12

F 0.000000 0.000000 0.000000
A 2.193931 2.193931 -2.193931
T 4.387862 0.000000 -4.387862
M 6.581793 2.193931 -6.581793
R 4.387862 4.387862 -8.775724
Y 2.193931 6.581793 -6.581793
P 0.000000 4.387862 -4.387862
S -2.193931 2.193931 -6.581793
D 0.000000 0.000000 -8.775724
S 2.193931 -2.193931 -6.581793
D 0.000000 -4.387862 -4.387862
E -2.193931 -2.193931 -2.193931


-25.259811	01203102101	00100100111000010
12

F 0.000000 0.000000 0.000000
A 2.193931 2.193931 -2.193931
T 4.387862 0.000000 -4.387862
M 6.581793 2.193931 -6.581793
R 8.775724 4.387862 -4.387862
Y 6.581793 6.581793 -2.193931
P 4.387862 4.387862 -0.000000
S 6.581793 2.193931 2.193931
D 8.775724 0.000000 -0.000000
S 6.581793 -2.193931 -2.193931
D 4.387862 -4.387862 -0.000000
E 2.193931 -2.193931 2.193931


-25.042121	30130321301	11001011001101101
12

F 0.000000 0.000000 0.000000
A 2.193931 2.193931 -2.193931
T 4.387862 0.000000 -4.387862
M 6.581793 -2.193931 -2.193931
R 4.387862 -4.387862 0.000000
Y 2.193931 -6.581793 -2.193931
P 0.000000 -4.387862 -4.387862
S -2.193931 -2.193931 -2.193931
D -4.387862 -0.000000 -4.387862
S -2.193931 2.193931 -6.581793
D 0.000000 -0.000000 -8.775724
E 2.193931 -2.193931 -6.581793


-25.040532	10312103101	10001110011000110
12

F 0.000000 0.000000 0.000000
A 2.193931 2.193931 -2.193931
T 4.387862 0.000000 -4.387862
M 6.581793 2.193931 -6.581793
R 4.387862 4.387862 -8.775724
Y 2.193931 6.581793 -6.581793
P 0.000000 4.387862 -4.387862
S -2.193931 2.193931 -6.581793
D -4.387862 0.000000 -4.387862
S -2.193931 -2.193931 -2.193931
D 0.000000 -4.387862 -4.387862
E 2.193931 -2.193931 -6.581793


-25.040532	10213102101	10000110111000010
12

F 0.000000 0.000000 0.000000
A 2.193931 2.193931 -2.193931
T 4.387862 0.000000 -4.387862
M 6.581793 2.193931 -6.581793
R 8.775724 4.387862 -4.387862
Y 6.581793 6.581793 -2.193931
P 4.387862 4.387862 -0.000000
S 6.581793 2.193931 2.193931
D 4.387862 0.000000 4.387862
S 2.193931 -2.193931 2.193931
D 4.387862 -4.387862 -0.000000
E 6.581793 -2.193931 -2.193931


-24.990634	31301201301	11101100100100101
12

F 0.000000 0.000000 0.000000
A 2.193931 2.193931 -2.193931
T 4.387862 0.000000 -4.387862
M 6.581793 -2.193931 -2.193931
R 4.387862 -4.387862 0.000000
Y 2.193931 -2.193931 2.193931
P 4.387862 0.000000 4.387862
S 6.581793 2.193931 2.193931
D 8.775724 0.000000 0.000000
S 10.969655 -2.193931 2.193931
D 8.775724 -4.387862 4.387862
E 10.969655 -6.581793 6.581793


-24.953460	01031201301	00100011100100101
12

F 0.000000 0.000000 0.000000
A 2.193931 2.193931 -2.193931
T 4.387862 0.000000 -4.387862
M 6.581793 -2.193931 -2.193931
R 4.387862 -4.387862 0.000000
Y 2.193931 -2.193931 2.193931
P 4.387862 0.000000 4.387862
S 6.581793 2.193931 2.193931
D 4.387862 4.387862 0.000000
S 2.193931 6.581793 2.193931
D 0.000000 4.387862 4.387862
E -2.193931 6.581793 6.581793


-24.926616	21310312301	01101110001110011
12

F 0.000000 0.000000 0.000000
A 2.193931 2.193931 -2.193931
T 4.387862 0.000000 -4.387862
M 6.581793 -2.193931 -2.193931
R 8.775724 0.000000 0.000000
Y 10.969655 2.193931 -2.193931
P 8.775724 4.387862 -4.387862
S 6.581793 6.581793 -2.193931
D 4.387862 4.387862 0.000000
S 6.581793 2.193931 2.193931
D 4.387862 0.000000 4.387862
E 2.193931 -2.193931 2.193931


-24.897455	13230201301	10110111000100101
12

F 0.000000 0.000000 0.000000
A 2.193931 2.193931 -2.193931
T 4.387862 0.000000 -4.387862
M 6.581793 -2.193931 -2.193931
R 4.387862 -4.387862 0.000000
Y 2.193931 -2.193931 2.193931
P 4.387862 0.000000 4.387862
S 2.193931 2.193931 6.581793
D 0.000000 4.387862 4.387862
S -2.193931 2.193931 2.193931
D -4.387862 4.387862 0.000000
E -2.193931 6.581793 -2.193931


-24.897455	13132101301	10111011011000101
12

F 0.000000 0.000000 0.000000
A 2.193931 2.193931 -2.193931
T 4.387862 0.000000 -4.387862
M 6.581793 -2.193931 -2.193931
R 4.387862 -4.387862 0.000000
Y 2.193931 -2.193931 2.193931
P 0.000000 -4.387862 4.387862
S -2.193931 -6.581793 2.193931
D -4.387862 -4.387862 0.000000
S -2.193931 -2.193931 -2.193931
D -4.387862 -0.000000 -4.387862
E -2.193931 2.193931 -6.581793


-24.897455	13130101301	10111011001000101
12

F 0.000000 0.000000 0.000000
A 2.193931 2.193931 -2.193931
T 4.387862 0.000000 -4.387862
M 6.581793 -2.193931 -2.193931
R 4.387862 -4.387862 0.000000
Y 2.193931 -2.193931 2.193931
P 0.000000 -4.387862 4.387862
S -2.193931 -2.193931 6.581793
D -4.387862 0.000000 4.387862
S -2.193931 2.193931 2.193931
D -4.387862 4.387862 0.000000
E -2.193931 6.581793 -2.193931


-24.897455	12130101301	10011011001000101
12

F 0.000000 0.000000 0.000000
A 2.193931 2.193931 -2.193931
T 4.387862 0.000000 -4.387862
M 6.581793 -2.193931 -2.193931
R 4.387862 -4.387862 0.000000
Y 2.193931 -2.193931 2.193931
P 0.000000 -4.387862 4.387862
S -2.193931 -2.193931 6.581793
D -4.387862 0.000000 4.387862
S -2.193931 2.193931 2.193931
D 0.000000 4.387862 4.387862
E 2.193931 6.581793 2.193931


-24.887853	31031321301	11100011101101101
12

F 0.000000 0.000000 0.000000
A 2.193931 2.193931 -2.193931
T 4.387862 0.000000 -4.387862
M 6.581793 -2.193931 -2.193931
R 4.387862 -4.387862 0.000000
Y 2.193931 -6.581793 -2.193931
P 0.000000 -4.387862 -4.387862
S 2.193931 -2.193931 -6.581793
D 0.000000 -0.000000 -8.775724
S -2.193931 2.193931 -6.581793
D -4.387862 -0.000000 -4.387862
E -2.193931 -2.193931 -2.193931


-24.543602	20301201301	01001100100100101
12

F 0.000000 0.000000 0.000000
A 2.193931 2.193931 -2.193931
T 4.387862 0.000000 -4.387862
M 6.581793 -2.193931 -2.193931
R 4.387862 -4.387862 0.000000
Y 2.193931 -2.193931 2.193931
P 4.387862 0.000000 4.387862
S 6.581793 2.193931 2.193931
D 8.775724 0.000000 0.000000
S 10.969655 -2.193931 2.193931
D 13.163586 -4.387862 0.000000
E 10.969655 -6.581793 -2.193931


-24.543602	20101201301	01001000100100101
12

F 0.000000 0.000000 0.000000
A 2.193931 2.193931 -2.193931
T 4.387862 0.000000 -4.387862
M 6.581793 -2.193931 -2.193931
R 4.387862 -4.387862 0.000000
Y 2.193931 -2.193931 2.193931
P 4.387862 0.000000 4.387862
S 6.581793 2.193931 2.193931
D 8.775724 0.000000 0.000000
S 10.969655 2.193931 -2.193931
D 13.163586 0.000000 -4.387862
E 10.969655 -2.193931 -6.581793


-24.390179	32032132301	11010011011011011
12

F 0.000000 0.000000 0.000000
A 2.193931 2.193931 -2.193931
T 4.387862 0.000000 -4.387862
M 6.581793 -2.193931 -2.193931
R 8.775724 0.000000 0.000000
Y 10.969655 -2.193931 2.193931
P 8.775724 -4.387862 4.387862
S 6.581793 -6.581793 2.193931
D 4.387862 -4.387862 0.000000
S 2.193931 -2.193931 2.193931
D 4.387862 -0.000000 4.387862
E 6.581793 -2.193931 6.581793


-24.304447	30230132301	11000111001011011
12

F 0.000000 0.000000 0.000000
A 2.193931 2.193931 -2.193931
T 4.387862 0.000000 -4.387862
M 6.581793 -2.193931 -2.193931
R 8.775724 0.000000 0.000000
Y 10.969655 -2.193931 2.193931
P 8.775724 -4.387862 4.387862
S 6.581793 -2.193931 6.581793
D 4.387862 0.000000 4.387862
S 2.193931 -2.193931 2.193931
D 4.387862 -4.387862 0.000000
E 6.581793 -6.581793 2.193931


-24.060986	23202102301	01110100011000011
12

F 0.000000 0.000000 0.000000
A 2.193931 2.193931 -2.193931
T 4.387862 0.000000 -4.387862
M 6.581793 -2.193931 -2.193931
R 8.775724 0.000000 0.000000
Y 6.581793 2.193931 2.193931
P 4.387862 0.000000 4.387862
S 2.193931 -2.193931 2.193931
D 4.387862 -4.387862 0.000000
S 2.193931 -6.581793 -2.193931
D 0.000000 -4.387862 -4.387862
E -2.193931 -6.581793 -6.581793


-24.027165	10230101301	10000111001000101
12

F 0.000000 0.000000 0.000000
A 2.193931 2.193931 -2.193931
T 4.387862 0.000000 -4.387862
M 6.581793 -2.193931 -2.193931
R 4.387862 -4.387862 0.000000
Y 2.193931 -2.193931 2.193931
P 0.000000 -4.387862 4.387862
S -2.193931 -2.193931 6.581793
D -4.387862 0.000000 4.387862
S -6.581793 -2.193931 2.193931
D -4.387862 -4.387862 0.000000
E -2.193931 -2.193931 -2.193931


-24.027165	12032101301	10010011011000101
12

F 0.000000 0.000000 0.000000
A 2.193931 2.193931 -2.193931
T 4.387862 0.000000 -4.387862
M 6.581793 -2.193931 -2.193931
R 4.387862 -4.387862 0.000000
Y 2.193931 -2.193931 2.193931
P 0.000000 -4.387862 4.387862
S -2.193931 -6.581793 2.193931
D -4.387862 -4.387862 0.000000
S -6.581793 -2.193931 2.193931
D -4.387862 -0.000000 4.387862
E -2.193931 2.193931 2.193931


-23.973273	23102101301	01111000011000101
12

F 0.000000 0.000000 0.000000
A 2.193931 2.193931 -2.193931
T 4.387862 0.000000 -4.387862
M 6.581793 -2.193931 -2.193931
R 4.387862 -4.387862 0.000000
Y 2.193931 -2.193931 2.193931
P 0.000000 -4.387862 4.387862
S -2.193931 -6.581793 2.193931
D 0.000000 -8.775724 0.000000
S 2.193931 -6.581793 -2.193931
D 0.000000 -4.387862 -4.387862
E -2.193931 -6.581793 -6.581793


-23.972773	03230201301	00110111000100101
12

F 0.000000 0.000000 0.000000
A 2.193931 2.193931 -2.193931
T 4.387862 0.000000 -4.387862
M 6.581793 -2.193931 -2.193931
R 4.387862 -4.387862 0.000000
Y 2.193931 -2.193931 2.193931
P 4.387862 0.000000 4.387862
S 2.193931 2.193931 6.581793
D 0.000000 4.387862 4.387862
S -2.193931 2.193931 2.193931
D -4.387862 4.387862 0.000000
E -6.581793 6.581793 2.193931


-23.972773	03132101301	00111011011000101
12

F 0.000000 0.000000 0.000000
A 2.193931 2.193931 -2.193931
T 4.387862 0.000000 -4.387862
M 6.581793 -2.193931 -2.193931
R 4.387862 -4.387862 0.000000
Y 2.193931 -2.193931 2.193931
P 0.000000 -4.387862 4.387862
S -2.193931 -6.581793 2.193931
D -4.387862 -4.387862 0.000000
S -2.193931 -2.193931 -2.193931
D -4.387862 -0.000000 -4.387862
E -6.581793 2.193931 -2.193931


-23.972773	03130101301	00111011001000101
12

F 0.000000 0.000000 0.000000
A 2.193931 2.193931 -2.193931
T 4.387862 0.000000 -4.387862
M 6.581793 -2.193931 -2.193931
R 4.387862 -4.387862 0.000000
Y 2.193931 -2.193931 2.193931
P 0.000000 -4.387862 4.387862
S -2.193931 -2.193931 6.581793
D -4.387862 0.000000 4.387862
S -2.193931 2.193931 2.193931
D -4.387862 4.387862 0.000000
E -6.581793 6.581793 2.193931


-23.972773	21230201301	01100111000100101
12

F 0.000000 0.000000 0.000000
A 2.193931 2.193931 -2.193931
T 4.387862 0.000000 -4.387862
M 6.581793 -2.193931 -2.193931
R 4.387862 -4.387862 0.000000
Y 2.193931 -2.193931 2.193931
P 4.387862 0.000000 4.387862
S 2.193931 2.193931 6.581793
D 0.000000 4.387862 4.387862
S -2.193931 2.193931 2.193931
D -4.387862 0.000000 4.387862
E -6.581793 -2.193931 2.193931


-23.972773	02130101301	00011011001000101
12

F 0.000000 0.000000 0.000000
A 2.193931 2.193931 -2.193931
T 4.387862 0.000000 -4.387862
M 6.581793 -2.193931 -2.193931
R 4.387862 -4.387862 0.000000
Y 2.193931 -2.193931 2.193931
P 0.000000 -4.387862 4.387862
S -2.193931 -2.193931 6.581793
D -4.387862 0.000000 4.387862
S -2.193931 2.193931 2.193931
D 0.000000 4.387862 4.387862
E -2.193931 6.581793 6.581793


-23.972773	23230201301	01110111000100101
12

F 0.000000 0.000000 0.000000
A 2.193931 2.193931 -2.193931
T 4.387862 0.000000 -4.387862
M 6.581793 -2.193931 -2.193931
R 4.387862 -4.387862 0.000000
Y 2.193931 -2.193931 2.193931
P 4.387862 0.000000 4.387862
S 2.193931 2.193931 6.581793
D 0.000000 4.387862 4.387862
S -2.193931 2.193931 2.193931
D -4.387862 4.387862 0.000000
E -6.581793 2.193931 -2.193931


-23.972773	23132101301	01111011011000101
12

F 0.000000 0.000000 0.000000
A 2.193931 2.193931 -2.193931
T 4.387862 0.000000 -4.387862
M 6.581793 -2.193931 -2.193931
R 4.387862 -4.387862 0.000000
Y 2.193931 -2.193931 2.193931
P 0.000000 -4.387862 4.387862
S -2.193931 -6.581793 2.193931
D -4.387862 -4.387862 0.000000
S -2.193931 -2.193931 -2.193931
D -4.387862 -0.000000 -4.387862
E -6.581793 -2.193931 -6.581793


-23.972773	23130101301	01111011001000101
12

F 0.000000 0.000000 0.000000
A 2.193931 2.193931 -2.193931
T 4.387862 0.000000 -4.387862
M 6.581793 -2.193931 -2.193931
R 4.387862 -4.387862 0.000000
Y 2.193931 -2.193931 2.193931
P 0.000000 -4.387862 4.387862
S -2.193931 -2.193931 6.581793
D -4.387862 0.000000 4.387862
S -2.193931 2.193931 2.193931
D -4.387862 4.387862 0.000000
E -6.581793 2.193931 -2.193931


-23.972773	01230201301	00100111000100101
12

F 0.000000 0.000000 0.000000
A 2.193931 2.193931 -2.193931
T 4.387862 0.000000 -4.387862
M 6.581793 -2.193931 -2.193931
R 4.387862 -4.387862 0.000000
Y 2.193931 -2.193931 2.193931
P 4.387862 0.000000 4.387862
S 2.193931 2.193931 6.581793
D 0.000000 4.387862 4.387862
S -2.193931 2.193931 2.193931
D -4.387862 0.000000 4.387862
E -6.581793 2.193931 6.581793


-23.876116	13101201301	10111000100100101
12

F 0.000000 0.000000 0.000000
A 2.193931 2.193931 -2.193931
T 4.387862 0.000000 -4.387862
M 6.581793 -2.193931 -2.193931
R 4.387862 -4.387862 0.000000
Y 2.193931 -2.193931 2.193931
P 4.387862 0.000000 4.387862
S 6.581793 2.193931 2.193931
D 8.775724 0.000000 0.000000
S 10.969655 2.193931 -2.193931
D 8.775724 4.387862 -4.387862
E 10.969655 6.581793 -6.581793


-23.690361	13210201301	10110110000100101
12

F 0.000000 0.000000 0.000000
A 2.193931 2.193931 -2.193931
T 4.387862 0.000000 -4.387862
M 6.581793 -2.193931 -2.193931
R 4.387862 -4.387862 0.000000
Y 2.193931 -2.193931 2.193931
P 4.387862 0.000000 4.387862
S 2.193931 2.193931 6.581793
D 0.000000 0.000000 8.775724
S -2.193931 -2.193931 6.581793
D -4.387862 0.000000 4.387862
E -2.193931 2.193931 2.193931


-23.690361	23120101301	01111001001000101
12

F 0.000000 0.000000 0.000000
A 2.193931 2.193931 -2.193931
T 4.387862 0.000000 -4.387862
M 6.581793 -2.193931 -2.193931
R 4.387862 -4.387862 0.000000
Y 2.193931 -2.193931 2.193931
P 0.000000 -4.387862 4.387862
S -2.193931 -2.193931 6.581793
D 0.000000 0.000000 8.775724
S 2.193931 2.193931 6.581793
D 0.000000 4.387862 4.387862
E -2.193931 2.193931 2.193931


-23.680157	02101201301	00011000100100101
12

F 0.000000 0.000000 0.000000
A 2.193931 2.193931 -2.193931
T 4.387862 0.000000 -4.387862
M 6.581793 -2.193931 -2.193931
R 4.387862 -4.387862 0.000000
Y 2.193931 -2.193931 2.193931
P 4.387862 0.000000 4.387862
S 6.581793 2.193931 2.193931
D 8.775724 0.000000 0.000000
S 10.969655 2.193931 -2.193931
D 13.163586 4.387862 0.000000
E 10.969655 6.581793 2.193931


-23.680157	02301201301	00011100100100101
12

F 0.000000 0.000000 0.000000
A 2.193931 2.193931 -2.193931
T 4.387862 0.000000 -4.387862
M 6.581793 -2.193931 -2.193931
R 4.387862 -4.387862 0.000000
Y 2.193931 -2.193931 2.193931
P 4.387862 0.000000 4.387862
S 6.581793 2.193931 2.193931
D 8.775724 0.000000 0.000000
S 10.969655 -2.193931 2.193931
D 13.163586 0.000000 4.387862
E 10.969655 2.193931 6.581793


-23.674033	13103201301	10111000110100101
12

F 0.000000 0.000000 0.000000
A 2.193931 2.193931 -2.193931
T 4.387862 0.000000 -4.387862
M 6.581793 -2.193931 -2.193931
R 4.387862 -4.387862 0.000000
Y 2.193931 -2.193931 2.193931
P 4.387862 0.000000 4.387862
S 6.581793 -2.193931 6.581793
D 8.775724 -4.387862 4.387862
S 10.969655 -2.193931 2.193931
D 8.775724 0.000000 0.000000
E 10.969655 2.193931 -2.193931


-23.354776	02103101301	00011000111000101
12

F 0.000000 0.000000 0.000000
A 2.193931 2.193931 -2.193931
T 4.387862 0.000000 -4.387862
M 6.581793 -2.193931 -2.193931
R 4.387862 -4.387862 0.000000
Y 2.193931 -2.193931 2.193931
P 0.000000 -4.387862 4.387862
S 2.193931 -6.581793 6.581793
D 4.387862 -8.775724 4.387862
S 6.581793 -6.581793 2.193931
D 8.775724 -4.387862 4.387862
E 6.581793 -2.193931 6.581793


-23.354776	01203201301	00100100110100101
12

F 0.000000 0.000000 0.000000
A 2.193931 2.193931 -2.193931
T 4.387862 0.000000 -4.387862
M 6.581793 -2.193931 -2.193931
R 4.387862 -4.387862 0.000000
Y 2.193931 -2.193931 2.193931
P 4.387862 0.000000 4.387862
S 6.581793 -2.193931 6.581793
D 8.775724 -4.387862 4.387862
S 6.581793 -6.581793 2.193931
D 4.387862 -8.775724 4.387862
E 2.193931 -6.581793 6.581793


-23.276155	03213201301	00110110110100101
12

F 0.000000 0.000000 0.000000
A 2.193931 2.193931 -2.193931
T 4.387862 0.000000 -4.387862
M 6.581793 -2.193931 -2.193931
R 4.387862 -4.387862 0.000000
Y 2.193931 -2.193931 2.193931
P 4.387862 0.000000 4.387862
S 6.581793 -2.193931 6.581793
D 4.387862 -4.387862 8.775724
S 2.193931 -6.581793 6.581793
D 0.000000 -4.387862 4.387862
E -2.193931 -2.193931 6.581793


-23.276155	03123101301	00111001111000101
12

F 0.000000 0.000000 0.000000
A 2.193931 2.193931 -2.193931
T 4.387862 0.000000 -4.387862
M 6.581793 -2.193931 -2.193931
R 4.387862 -4.387862 0.000000
Y 2.193931 -2.193931 2.193931
P 0.000000 -4.387862 4.387862
S 2.193931 -6.581793 6.581793
D 4.387862 -4.387862 8.775724
S 6.581793 -2.193931 6.581793
D 4.387862 -0.000000 4.387862
E 2.193931 2.193931 6.581793


-23.276155	20210201301	01000110000100101
12

F 0.000000 0.000000 0.000000
A 2.193931 2.193931 -2.193931
T 4.387862 0.000000 -4.387862
M 6.581793 -2.193931 -2.193931
R 4.387862 -4.387862 0.000000
Y 2.193931 -2.193931 2.193931
P 4.387862 0.000000 4.387862
S 2.193931 2.193931 6.581793
D 0.000000 0.000000 8.775724
S -2.193931 -2.193931 6.581793
D 0.000000 -4.387862 4.387862
E -2.193931 -6.581793 2.193931


-23.276155	23213201301	01110110110100101
12

F 0.000000 0.000000 0.000000
A 2.193931 2.193931 -2.193931
T 4.387862 0.000000 -4.387862
M 6.581793 -2.193931 -2.193931
R 4.387862 -4.387862 0.000000
Y 2.193931 -2.193931 2.193931
P 4.387862 0.000000 4.387862
S 6.581793 -2.193931 6.581793
D 4.387862 -4.387862 8.775724
S 2.193931 -6.581793 6.581793
D 0.000000 -4.387862 4.387862
E -2.193931 -6.581793 2.193931


-23.276155	30210201301	11000110000100101
12

F 0.000000 0.000000 0.000000
A 2.193931 2.193931 -2.193931
T 4.387862 0.000000 -4.387862
M 6.581793 -2.193931 -2.193931
R 4.387862 -4.387862 0.000000
Y 2.193931 -2.193931 2.193931
P 4.387862 0.000000 4.387862
S 2.193931 2.193931 6.581793
D 0.000000 0.000000 8.775724
S -2.193931 -2.193931 6.581793
D 0.000000 -4.387862 4.387862
E 2.193931 -6.581793 6.581793


-23.276155	30120101301	11001001001000101
12

F 0.000000 0.000000 0.000000
A 2.193931 2.193931 -2.193931
T 4.387862 0.000000 -4.387862
M 6.581793 -2.193931 -2.193931
R 4.387862 -4.387862 0.000000
Y 2.193931 -2.193931 2.193931
P 0.000000 -4.387862 4.387862
S -2.193931 -2.193931 6.581793
D 0.000000 0.000000 8.775724
S 2.193931 2.193931 6.581793
D 4.387862 0.000000 4.387862
E 6.581793 -2.193931 6.581793


-23.110219	10131201301	10001011100100101
12

F 0.000000 0.000000 0.000000
A 2.193931 2.193931 -2.193931
T 4.387862 0.000000 -4.387862
M 6.581793 -2.193931 -2.193931
R 4.387862 -4.387862 0.000000
Y 2.193931 -2.193931 2.193931
P 4.387862 0.000000 4.387862
S 6.581793 2.193931 2.193931
D 4.387862 4.387862 0.000000
S 6.581793 6.581793 -2.193931
D 8.775724 4.387862 -4.387862
E 10.969655 6.581793 -6.581793


-23.044447	32302102301	11011100011000011
12

F 0.000000 0.000000 0.000000
A 2.193931 2.193931 -2.193931
T 4.387862 0.000000 -4.387862
M 6.581793 -2.193931 -2.193931
R 8.775724 0.000000 0.000000
Y 6.581793 2.193931 2.193931
P 4.387862 0.000000 4.387862
S 2.193931 -2.193931 2.193931
D 4.387862 -4.387862 0.000000
S 6.581793 -6.581793 2.193931
D 8.775724 -4.387862 4.387862
E 10.969655 -6.581793 6.581793


-22.932631	23131201301	01111011100100101
12

F 0.000000 0.000000 0.000000
A 2.193931 2.193931 -2.193931
T 4.387862 0.000000 -4.387862
M 6.581793 -2.193931 -2.193931
R 4.387862 -4.387862 0.000000
Y 2.193931 -2.193931 2.193931
P 4.387862 0.000000 4.387862
S 6.581793 2.193931 2.193931
D 4.387862 4.387862 0.000000
S 6.581793 6.581793 -2.193931
D 4.387862 8.775724 -4.387862
E 2.193931 6.581793 -6.581793


-22.932631	23031201301	01110011100100101
12

F 0.000000 0.000000 0.000000
A 2.193931 2.193931 -2.193931
T 4.387862 0.000000 -4.387862
M 6.581793 -2.193931 -2.193931
R 4.387862 -4.387862 0.000000
Y 2.193931 -2.193931 2.193931
P 4.387862 0.000000 4.387862
S 6.581793 2.193931 2.193931
D 4.387862 4.387862 0.000000
S 2.193931 6.581793 2.193931
D 0.000000 8.775724 0.000000
E -2.193931 6.581793 -2.193931


-22.914260	32131201301	11011011100100101
12

F 0.000000 0.000000 0.000000
A 2.193931 2.193931 -2.193931
T 4.387862 0.000000 -4.387862
M 6.581793 -2.193931 -2.193931
R 4.387862 -4.387862 0.000000
Y 2.193931 -2.193931 2.193931
P 4.387862 0.000000 4.387862
S 6.581793 2.193931 2.193931
D 4.387862 4.387862 0.000000
S 6.581793 6.581793 -2.193931
D 8.775724 8.775724 0.000000
E 10.969655 6.581793 2.193931


-22.914260	32031201301	11010011100100101
12

F 0.000000 0.000000 0.000000
A 2.193931 2.193931 -2.193931
T 4.387862 0.000000 -4.387862
M 6.581793 -2.193931 -2.193931
R 4.387862 -4.387862 0.000000
Y 2.193931 -2.193931 2.193931
P 4.387862 0.000000 4.387862
S 6.581793 2.193931 2.193931
D 4.387862 4.387862 0.000000
S 2.193931 6.581793 2.193931
D 4.387862 8.775724 4.387862
E 6.581793 6.581793 6.581793


-22.791785	10130201301	10001011000100101
12

F 0.000000 0.000000 0.000000
A 2.193931 2.193931 -2.193931
T 4.387862 0.000000 -4.387862
M 6.581793 -2.193931 -2.193931
R 4.387862 -4.387862 0.000000
Y 2.193931 -2.193931 2.193931
P 4.387862 0.000000 4.387862
S 2.193931 2.193931 6.581793
D 0.000000 4.387862 4.387862
S 2.193931 6.581793 2.193931
D 4.387862 4.387862 0.000000
E 6.581793 6.581793 -2.193931


-22.773845	32101201301	11011000100100101
12

F 0.000000 0.000000 0.000000
A 2.193931 2.193931 -2.193931
T 4.387862 0.000000 -4.387862
M 6.581793 -2.193931 -2.193931
R 4.387862 -4.387862 0.000000
Y 2.193931 -2.193931 2.193931
P 4.387862 0.000000 4.387862
S 6.581793 2.193931 2.193931
D 8.775724 0.000000 0.000000
S 10.969655 2.193931 -2.193931
D 13.163586 4.387862 0.000000
E 15.357517 2.193931 2.193931


-22.773845	10301201301	10001100100100101
12

F 0.000000 0.000000 0.000000
A 2.193931 2.193931 -2.193931
T 4.387862 0.000000 -4.387862
M 6.581793 -2.193931 -2.193931
R 4.387862 -4.387862 0.000000
Y 2.193931 -2.193931 2.193931
P 4.387862 0.000000 4.387862
S 6.581793 2.193931 2.193931
D 8.775724 0.000000 0.000000
S 10.969655 -2.193931 2.193931
D 13.163586 -4.387862 0.000000
E 15.357517 -2.193931 -2.193931


-22.773845	10101201301	10001000100100101
12

F 0.000000 0.000000 0.000000
A 2.193931 2.193931 -2.193931
T 4.387862 0.000000 -4.387862
M 6.581793 -2.193931 -2.193931
R 4.387862 -4.387862 0.000000
Y 2.193931 -2.193931 2.193931
P 4.387862 0.000000 4.387862
S 6.581793 2.193931 2.193931
D 8.775724 0.000000 0.000000
S 10.969655 2.193931 -2.193931
D 13.163586 0.000000 -4.387862
E 15.357517 2.193931 -6.581793


-22.773845	32301201301	11011100100100101
12

F 0.000000 0.000000 0.000000
A 2.193931 2.193931 -2.193931
T 4.387862 0.000000 -4.387862
M 6.581793 -2.193931 -2.193931
R 4.387862 -4.387862 0.000000
Y 2.193931 -2.193931 2.193931
P 4.387862 0.000000 4.387862
S 6.581793 2.193931 2.193931
D 8.775724 0.000000 0.000000
S 10.969655 -2.193931 2.193931
D 13.163586 0.000000 4.387862
E 15.357517 -2.193931 6.581793


-22.773845	12101201301	10011000100100101
12

F 0.000000 0.000000 0.000000
A 2.193931 2.193931 -2.193931
T 4.387862 0.000000 -4.387862
M 6.581793 -2.193931 -2.193931
R 4.387862 -4.387862 0.000000
Y 2.193931 -2.193931 2.193931
P 4.387862 0.000000 4.387862
S 6.581793 2.193931 2.193931
D 8.775724 0.000000 0.000000
S 10.969655 2.193931 -2.193931
D 13.163586 4.387862 0.000000
E 15.357517 6.581793 -2.193931


-22.773845	30301201301	11001100100100101
12

F 0.000000 0.000000 0.000000
A 2.193931 2.193931 -2.193931
T 4.387862 0.000000 -4.387862
M 6.581793 -2.193931 -2.193931
R 4.387862 -4.387862 0.000000
Y 2.193931 -2.193931 2.193931
P 4.387862 0.000000 4.387862
S 6.581793 2.193931 2.193931
D 8.775724 0.000000 0.000000
S 10.969655 -2.193931 2.193931
D 13.163586 -4.387862 0.000000
E 15.357517 -6.581793 2.193931


-22.773845	30101201301	11001000100100101
12

F 0.000000 0.000000 0.000000
A 2.193931 2.193931 -2.193931
T 4.387862 0.000000 -4.387862
M 6.581793 -2.193931 -2.193931
R 4.387862 -4.387862 0.000000
Y 2.193931 -2.193931 2.193931
P 4.387862 0.000000 4.387862
S 6.581793 2.193931 2.193931
D 8.775724 0.000000 0.000000
S 10.969655 2.193931 -2.193931
D 13.163586 0.000000 -4.387862
E 15.357517 -2.193931 -2.193931


-22.773845	12301201301	10011100100100101
12

F 0.000000 0.000000 0.000000
A 2.193931 2.193931 -2.193931
T 4.387862 0.000000 -4.387862
M 6.581793 -2.193931 -2.193931
R 4.387862 -4.387862 0.000000
Y 2.193931 -2.193931 2.193931
P 4.387862 0.000000 4.387862
S 6.581793 2.193931 2.193931
D 8.775724 0.000000 0.000000
S 10.969655 -2.193931 2.193931
D 13.163586 0.000000 4.387862
E 15.357517 2.193931 2.193931


-22.754204	32301321301	11011100101101101
12

F 0.000000 0.000000 0.000000
A 2.193931 2.193931 -2.193931
T 4.387862 0.000000 -4.387862
M 6.581793 -2.193931 -2.193931
R 4.387862 -4.387862 0.000000
Y 2.193931 -6.581793 -2.193931
P 0.000000 -4.387862 -4.387862
S 2.193931 -2.193931 -6.581793
D 4.387862 -4.387862 -8.775724
S 6.581793 -6.581793 -6.581793
D 8.775724 -4.387862 -4.387862
E 10.969655 -6.581793 -2.193931


-22.754204	12301321301	10011100101101101
12

F 0.000000 0.000000 0.000000
A 2.193931 2.193931 -2.193931
T 4.387862 0.000000 -4.387862
M 6.581793 -2.193931 -2.193931
R 4.387862 -4.387862 0.000000
Y 2.193931 -6.581793 -2.193931
P 0.000000 -4.387862 -4.387862
S 2.193931 -2.193931 -6.581793
D 4.387862 -4.387862 -8.775724
S 6.581793 -6.581793 -6.581793
D 8.775724 -4.387862 -4.387862
E 10.969655 -2.193931 -6.581793


-22.627211	12130131301	10011011001011101
12

F 0.000000 0.000000 0.000000
A 2.193931 2.193931 -2.193931
T 4.387862 0.000000 -4.387862
M 6.581793 -2.193931 -2.193931
R 4.387862 -4.387862 0.000000
Y 6.581793 -6.581793 2.193931
P 4.387862 -8.775724 4.387862
S 2.193931 -6.581793 6.581793
D 0.000000 -4.387862 4.387862
S 2.193931 -2.193931 2.193931
D 4.387862 -0.000000 4.387862
E 6.581793 2.193931 2.193931


-22.627211	12120121301	10011001001001101
12

F 0.000000 0.000000 0.000000
A 2.193931 2.193931 -2.193931
T 4.387862 0.000000 -4.387862
M 6.581793 -2.193931 -2.193931
R 4.387862 -4.387862 0.000000
Y 2.193931 -6.581793 -2.193931
P 0.000000 -8.775724 0.000000
S -2.193931 -6.581793 2.193931
D 0.000000 -4.387862 4.387862
S 2.193931 -2.193931 2.193931
D 4.387862 -0.000000 4.387862
E 6.581793 2.193931 2.193931


-22.597415	10302102301	10001100011000011
12

F 0.000000 0.000000 0.000000
A 2.193931 2.193931 -2.193931
T 4.387862 0.000000 -4.387862
M 6.581793 -2.193931 -2.193931
R 8.775724 0.000000 0.000000
Y 6.581793 2.193931 2.193931
P 4.387862 0.000000 4.387862
S 2.193931 -2.193931 2.193931
D 4.387862 -4.387862 0.000000
S 6.581793 -6.581793 2.193931
D 8.775724 -8.775724 0.000000
E 10.969655 -6.581793 -2.193931


-22.597415	10202102301	10000100011000011
12

F 0.000000 0.000000 0.000000
A 2.193931 2.193931 -2.193931
T 4.387862 0.000000 -4.387862
M 6.581793 -2.193931 -2.193931
R 8.775724 0.000000 0.000000
Y 6.581793 2.193931 2.193931
P 4.387862 0.000000 4.387862
S 2.193931 -2.193931 2.193931
D 4.387862 -4.387862 0.000000
S 2.193931 -6.581793 -2.193931
D 4.387862 -8.775724 -4.387862
E 6.581793 -6.581793 -6.581793


-22.595151	21301321301	01101100101101101
12

F 0.000000 0.000000 0.000000
A 2.193931 2.193931 -2.193931
T 4.387862 0.000000 -4.387862
M 6.581793 -2.193931 -2.193931
R 4.387862 -4.387862 0.000000
Y 2.193931 -6.581793 -2.193931
P 0.000000 -4.387862 -4.387862
S 2.193931 -2.193931 -6.581793
D 4.387862 -4.387862 -8.775724
S 6.581793 -6.581793 -6.581793
D 4.387862 -8.775724 -4.387862
E 2.193931 -10.969655 -6.581793


-22.595151	31301321301	11101100101101101
12

F 0.000000 0.000000 0.000000
A 2.193931 2.193931 -2.193931
T 4.387862 0.000000 -4.387862
M 6.581793 -2.193931 -2.193931
R 4.387862 -4.387862 0.000000
Y 2.193931 -6.581793 -2.193931
P 0.000000 -4.387862 -4.387862
S 2.193931 -2.193931 -6.581793
D 4.387862 -4.387862 -8.775724
S 6.581793 -6.581793 -6.581793
D 4.387862 -8.775724 -4.387862
E 6.581793 -10.969655 -2.193931


-22.547603	32130131301	11011011001011101
12

F 0.000000 0.000000 0.000000
A 2.193931 2.193931 -2.193931
T 4.387862 0.000000 -4.387862
M 6.581793 -2.193931 -2.193931
R 4.387862 -4.387862 0.000000
Y 6.581793 -6.581793 2.193931
P 4.387862 -8.775724 4.387862
S 2.193931 -6.581793 6.581793
D 0.000000 -4.387862 4.387862
S 2.193931 -2.193931 2.193931
D 4.387862 -0.000000 4.387862
E 6.581793 -2.193931 6.581793


-22.547603	31230231301	11100111000111101
12

F 0.000000 0.000000 0.000000
A 2.193931 2.193931 -2.193931
T 4.387862 0.000000 -4.387862
M 6.581793 -2.193931 -2.193931
R 4.387862 -4.387862 0.000000
Y 6.581793 -6.581793 2.193931
P 8.775724 -4.387862 4.387862
S 6.581793 -2.193931 6.581793
D 4.387862 -0.000000 4.387862
S 2.193931 -2.193931 2.193931
D 0.000000 -4.387862 4.387862
E 2.193931 -6.581793 6.581793


