-17.130000	03103201301	00111000110100101
12

V 0.000000 0.000000 0.000000
R 2.193931 2.193931 -2.193931
R 4.387862 0.000000 -4.387862
F 6.581793 -2.193931 -2.193931
D 4.387862 -4.387862 0.000000
L 2.193931 -2.193931 2.193931
L 4.387862 0.000000 4.387862
K 6.581793 -2.193931 6.581793
R 8.775724 -4.387862 4.387862
I 10.969655 -2.193931 2.193931
L 8.775724 0.000000 0.000000
K 6.581793 2.193931 2.193931


-16.700000	30230132301	11000111001011011
12

V 0.000000 0.000000 0.000000
R 2.193931 2.193931 -2.193931
R 4.387862 0.000000 -4.387862
F 6.581793 -2.193931 -2.193931
D 8.775724 0.000000 0.000000
L 10.969655 -2.193931 2.193931
L 8.775724 -4.387862 4.387862
K 6.581793 -2.193931 6.581793
R 4.387862 0.000000 4.387862
I 2.193931 -2.193931 2.193931
L 4.387862 -4.387862 0.000000
K 6.581793 -6.581793 2.193931


-14.210000	30132101301	11001011011000101
12

V 0.000000 0.000000 0.000000
R 2.193931 2.193931 -2.193931
R 4.387862 0.000000 -4.387862
F 6.581793 -2.193931 -2.193931
D 4.387862 -4.387862 0.000000
L 2.193931 -2.193931 2.193931
L 0.000000 -4.387862 4.387862
K -2.193931 -6.581793 2.193931
R -4.387862 -4.387862 0.000000
I -2.193931 -2.193931 -2.193931
L 0.000000 -4.387862 -4.387862
K 2.193931 -6.581793 -2.193931


-14.010000	10130121301	10001011001001101
12

V 0.000000 0.000000 0.000000
R 2.193931 2.193931 -2.193931
R 4.387862 0.000000 -4.387862
F 6.581793 -2.193931 -2.193931
D 4.387862 -4.387862 0.000000
L 2.193931 -6.581793 -2.193931
L 0.000000 -8.775724 0.000000
K -2.193931 -6.581793 2.193931
R -4.387862 -4.387862 0.000000
I -2.193931 -2.193931 -2.193931
L 0.000000 -4.387862 -4.387862
K 2.193931 -2.193931 -6.581793


-13.890000	20310302301	01001110001100011
12

V 0.000000 0.000000 0.000000
R 2.193931 2.193931 -2.193931
R 4.387862 0.000000 -4.387862
F 6.581793 -2.193931 -2.193931
D 8.775724 0.000000 0.000000
L 6.581793 2.193931 2.193931
L 4.387862 4.387862 0.000000
K 2.193931 6.581793 2.193931
R 0.000000 4.387862 4.387862
I 2.193931 2.193931 6.581793
L 4.387862 0.000000 4.387862
K 2.193931 -2.193931 2.193931


-13.880000	30130201301	11001011000100101
12

V 0.000000 0.000000 0.000000
R 2.193931 2.193931 -2.193931
R 4.387862 0.000000 -4.387862
F 6.581793 -2.193931 -2.193931
D 4.387862 -4.387862 0.000000
L 2.193931 -2.193931 2.193931
L 4.387862 0.000000 4.387862
K 2.193931 2.193931 6.581793
R 0.000000 4.387862 4.387862
I 2.193931 6.581793 2.193931
L 4.387862 4.387862 0.000000
K 6.581793 2.193931 2.193931


-13.850000	30210201301	11000110000100101
12

V 0.000000 0.000000 0.000000
R 2.193931 2.193931 -2.193931
R 4.387862 0.000000 -4.387862
F 6.581793 -2.193931 -2.193931
D 4.387862 -4.387862 0.000000
L 2.193931 -2.193931 2.193931
L 4.387862 0.000000 4.387862
K 2.193931 2.193931 6.581793
R 0.000000 0.000000 8.775724
I -2.193931 -2.193931 6.581793
L 0.000000 -4.387862 4.387862
K 2.193931 -6.581793 6.581793


-13.850000	03123101301	00111001111000101
12

V 0.000000 0.000000 0.000000
R 2.193931 2.193931 -2.193931
R 4.387862 0.000000 -4.387862
F 6.581793 -2.193931 -2.193931
D 4.387862 -4.387862 0.000000
L 2.193931 -2.193931 2.193931
L 0.000000 -4.387862 4.387862
K 2.193931 -6.581793 6.581793
R 4.387862 -4.387862 8.775724
I 6.581793 -2.193931 6.581793
L 4.387862 -0.000000 4.387862
K 2.193931 2.193931 6.581793


-13.850000	10120101301	10001001001000101
12

V 0.000000 0.000000 0.000000
R 2.193931 2.193931 -2.193931
R 4.387862 0.000000 -4.387862
F 6.581793 -2.193931 -2.193931
D 4.387862 -4.387862 0.000000
L 2.193931 -2.193931 2.193931
L 0.000000 -4.387862 4.387862
K -2.193931 -2.193931 6.581793
R 0.000000 0.000000 8.775724
I 2.193931 2.193931 6.581793
L 4.387862 0.000000 4.387862
K 6.581793 2.193931 2.193931


-13.850000	20210201301	01000110000100101
12

V 0.000000 0.000000 0.000000
R 2.193931 2.193931 -2.193931
R 4.387862 0.000000 -4.387862
F 6.581793 -2.193931 -2.193931
D 4.387862 -4.387862 0.000000
L 2.193931 -2.193931 2.193931
L 4.387862 0.000000 4.387862
K 2.193931 2.193931 6.581793
R 0.000000 0.000000 8.775724
I -2.193931 -2.193931 6.581793
L 0.000000 -4.387862 4.387862
K -2.193931 -6.581793 2.193931


-13.850000	13123101301	10111001111000101
12

V 0.000000 0.000000 0.000000
R 2.193931 2.193931 -2.193931
R 4.387862 0.000000 -4.387862
F 6.581793 -2.193931 -2.193931
D 4.387862 -4.387862 0.000000
L 2.193931 -2.193931 2.193931
L 0.000000 -4.387862 4.387862
K 2.193931 -6.581793 6.581793
R 4.387862 -4.387862 8.775724
I 6.581793 -2.193931 6.581793
L 4.387862 -0.000000 4.387862
K 6.581793 2.193931 2.193931


-13.850000	23213201301	01110110110100101
12

V 0.000000 0.000000 0.000000
R 2.193931 2.193931 -2.193931
R 4.387862 0.000000 -4.387862
F 6.581793 -2.193931 -2.193931
D 4.387862 -4.387862 0.000000
L 2.193931 -2.193931 2.193931
L 4.387862 0.000000 4.387862
K 6.581793 -2.193931 6.581793
R 4.387862 -4.387862 8.775724
I 2.193931 -6.581793 6.581793
L 0.000000 -4.387862 4.387862
K -2.193931 -6.581793 2.193931


-13.850000	30120101301	11001001001000101
12

V 0.000000 0.000000 0.000000
R 2.193931 2.193931 -2.193931
R 4.387862 0.000000 -4.387862
F 6.581793 -2.193931 -2.193931
D 4.387862 -4.387862 0.000000
L 2.193931 -2.193931 2.193931
L 0.000000 -4.387862 4.387862
K -2.193931 -2.193931 6.581793
R 0.000000 0.000000 8.775724
I 2.193931 2.193931 6.581793
L 4.387862 0.000000 4.387862
K 6.581793 -2.193931 6.581793


-13.850000	03213201301	00110110110100101
12

V 0.000000 0.000000 0.000000
R 2.193931 2.193931 -2.193931
R 4.387862 0.000000 -4.387862
F 6.581793 -2.193931 -2.193931
D 4.387862 -4.387862 0.000000
L 2.193931 -2.193931 2.193931
L 4.387862 0.000000 4.387862
K 6.581793 -2.193931 6.581793
R 4.387862 -4.387862 8.775724
I 2.193931 -6.581793 6.581793
L 0.000000 -4.387862 4.387862
K -2.193931 -2.193931 6.581793


-13.830000	01301201301	00101100100100101
12

V 0.000000 0.000000 0.000000
R 2.193931 2.193931 -2.193931
R 4.387862 0.000000 -4.387862
F 6.581793 -2.193931 -2.193931
D 4.387862 -4.387862 0.000000
L 2.193931 -2.193931 2.193931
L 4.387862 0.000000 4.387862
K 6.581793 2.193931 2.193931
R 8.775724 0.000000 0.000000
I 10.969655 -2.193931 2.193931
L 8.775724 -4.387862 4.387862
K 6.581793 -2.193931 6.581793


-13.760000	13103201301	10111000110100101
12

V 0.000000 0.000000 0.000000
R 2.193931 2.193931 -2.193931
R 4.387862 0.000000 -4.387862
F 6.581793 -2.193931 -2.193931
D 4.387862 -4.387862 0.000000
L 2.193931 -2.193931 2.193931
L 4.387862 0.000000 4.387862
K 6.581793 -2.193931 6.581793
R 8.775724 -4.387862 4.387862
I 10.969655 -2.193931 2.193931
L 8.775724 0.000000 0.000000
K 10.969655 2.193931 -2.193931


-13.490000	01031021301	00100011100001101
12

V 0.000000 0.000000 0.000000
R 2.193931 2.193931 -2.193931
R 4.387862 0.000000 -4.387862
F 6.581793 -2.193931 -2.193931
D 4.387862 -4.387862 0.000000
L 2.193931 -6.581793 -2.193931
L 4.387862 -8.775724 -4.387862
K 6.581793 -6.581793 -6.581793
R 4.387862 -4.387862 -8.775724
I 2.193931 -2.193931 -6.581793
L 0.000000 -4.387862 -4.387862
K -2.193931 -2.193931 -2.193931


-13.420000	20130121301	01001011001001101
12

V 0.000000 0.000000 0.000000
R 2.193931 2.193931 -2.193931
R 4.387862 0.000000 -4.387862
F 6.581793 -2.193931 -2.193931
D 4.387862 -4.387862 0.000000
L 2.193931 -6.581793 -2.193931
L 0.000000 -8.775724 0.000000
K -2.193931 -6.581793 2.193931
R -4.387862 -4.387862 0.000000
I -2.193931 -2.193931 -2.193931
L 0.000000 -4.387862 -4.387862
K -2.193931 -6.581793 -6.581793


-13.400000	32032132301	11010011011011011
12

V 0.000000 0.000000 0.000000
R 2.193931 2.193931 -2.193931
R 4.387862 0.000000 -4.387862
F 6.581793 -2.193931 -2.193931
D 8.775724 0.000000 0.000000
L 10.969655 -2.193931 2.193931
L 8.775724 -4.387862 4.387862
K 6.581793 -6.581793 2.193931
R 4.387862 -4.387862 0.000000
I 2.193931 -2.193931 2.193931
L 4.387862 -0.000000 4.387862
K 6.581793 -2.193931 6.581793


-13.330000	20230132301	01000111001011011
12

V 0.000000 0.000000 0.000000
R 2.193931 2.193931 -2.193931
R 4.387862 0.000000 -4.387862
F 6.581793 -2.193931 -2.193931
D 8.775724 0.000000 0.000000
L 10.969655 -2.193931 2.193931
L 8.775724 -4.387862 4.387862
K 6.581793 -2.193931 6.581793
R 4.387862 0.000000 4.387862
I 2.193931 -2.193931 2.193931
L 4.387862 -4.387862 0.000000
K 2.193931 -6.581793 -2.193931


-13.140000	03203102301	00110100111000011
12

V 0.000000 0.000000 0.000000
R 2.193931 2.193931 -2.193931
R 4.387862 0.000000 -4.387862
F 6.581793 -2.193931 -2.193931
D 8.775724 0.000000 0.000000
L 6.581793 2.193931 2.193931
L 4.387862 0.000000 4.387862
K 6.581793 -2.193931 6.581793
R 8.775724 -4.387862 4.387862
I 6.581793 -6.581793 2.193931
L 4.387862 -4.387862 0.000000
K 2.193931 -2.193931 2.193931


-13.120000	10132101301	10001011011000101
12

V 0.000000 0.000000 0.000000
R 2.193931 2.193931 -2.193931
R 4.387862 0.000000 -4.387862
F 6.581793 -2.193931 -2.193931
D 4.387862 -4.387862 0.000000
L 2.193931 -2.193931 2.193931
L 0.000000 -4.387862 4.387862
K -2.193931 -6.581793 2.193931
R -4.387862 -4.387862 0.000000
I -2.193931 -2.193931 -2.193931
L 0.000000 -4.387862 -4.387862
K 2.193931 -2.193931 -6.581793


-12.530000	32130101301	11011011001000101
12

V 0.000000 0.000000 0.000000
R 2.193931 2.193931 -2.193931
R 4.387862 0.000000 -4.387862
F 6.581793 -2.193931 -2.193931
D 4.387862 -4.387862 0.000000
L 2.193931 -2.193931 2.193931
L 0.000000 -4.387862 4.387862
K -2.193931 -2.193931 6.581793
R -4.387862 0.000000 4.387862
I -2.193931 2.193931 2.193931
L 0.000000 4.387862 4.387862
K 2.193931 2.193931 6.581793


-12.530000	03132101301	00111011011000101
12

V 0.000000 0.000000 0.000000
R 2.193931 2.193931 -2.193931
R 4.387862 0.000000 -4.387862
F 6.581793 -2.193931 -2.193931
D 4.387862 -4.387862 0.000000
L 2.193931 -2.193931 2.193931
L 0.000000 -4.387862 4.387862
K -2.193931 -6.581793 2.193931
R -4.387862 -4.387862 0.000000
I -2.193931 -2.193931 -2.193931
L -4.387862 -0.000000 -4.387862
K -6.581793 2.193931 -2.193931


-12.530000	03130101301	00111011001000101
12

V 0.000000 0.000000 0.000000
R 2.193931 2.193931 -2.193931
R 4.387862 0.000000 -4.387862
F 6.581793 -2.193931 -2.193931
D 4.387862 -4.387862 0.000000
L 2.193931 -2.193931 2.193931
L 0.000000 -4.387862 4.387862
K -2.193931 -2.193931 6.581793
R -4.387862 0.000000 4.387862
I -2.193931 2.193931 2.193931
L -4.387862 4.387862 0.000000
K -6.581793 6.581793 2.193931


-12.530000	21230201301	01100111000100101
12

V 0.000000 0.000000 0.000000
R 2.193931 2.193931 -2.193931
R 4.387862 0.000000 -4.387862
F 6.581793 -2.193931 -2.193931
D 4.387862 -4.387862 0.000000
L 2.193931 -2.193931 2.193931
L 4.387862 0.000000 4.387862
K 2.193931 2.193931 6.581793
R 0.000000 4.387862 4.387862
I -2.193931 2.193931 2.193931
L -4.387862 0.000000 4.387862
K -6.581793 -2.193931 2.193931


-12.530000	02130101301	00011011001000101
12

V 0.000000 0.000000 0.000000
R 2.193931 2.193931 -2.193931
R 4.387862 0.000000 -4.387862
F 6.581793 -2.193931 -2.193931
D 4.387862 -4.387862 0.000000
L 2.193931 -2.193931 2.193931
L 0.000000 -4.387862 4.387862
K -2.193931 -2.193931 6.581793
R -4.387862 0.000000 4.387862
I -2.193931 2.193931 2.193931
L 0.000000 4.387862 4.387862
K -2.193931 6.581793 6.581793


-12.530000	13230201301	10110111000100101
12

V 0.000000 0.000000 0.000000
R 2.193931 2.193931 -2.193931
R 4.387862 0.000000 -4.387862
F 6.581793 -2.193931 -2.193931
D 4.387862 -4.387862 0.000000
L 2.193931 -2.193931 2.193931
L 4.387862 0.000000 4.387862
K 2.193931 2.193931 6.581793
R 0.000000 4.387862 4.387862
I -2.193931 2.193931 2.193931
L -4.387862 4.387862 0.000000
K -2.193931 6.581793 -2.193931


-12.530000	13130101301	10111011001000101
12

V 0.000000 0.000000 0.000000
R 2.193931 2.193931 -2.193931
R 4.387862 0.000000 -4.387862
F 6.581793 -2.193931 -2.193931
D 4.387862 -4.387862 0.000000
L 2.193931 -2.193931 2.193931
L 0.000000 -4.387862 4.387862
K -2.193931 -2.193931 6.581793
R -4.387862 0.000000 4.387862
I -2.193931 2.193931 2.193931
L -4.387862 4.387862 0.000000
K -2.193931 6.581793 -2.193931


-12.530000	20132101301	01001011011000101
12

V 0.000000 0.000000 0.000000
R 2.193931 2.193931 -2.193931
R 4.387862 0.000000 -4.387862
F 6.581793 -2.193931 -2.193931
D 4.387862 -4.387862 0.000000
L 2.193931 -2.193931 2.193931
L 0.000000 -4.387862 4.387862
K -2.193931 -6.581793 2.193931
R -4.387862 -4.387862 0.000000
I -2.193931 -2.193931 -2.193931
L 0.000000 -4.387862 -4.387862
K -2.193931 -6.581793 -6.581793


-12.530000	31230201301	11100111000100101
12

V 0.000000 0.000000 0.000000
R 2.193931 2.193931 -2.193931
R 4.387862 0.000000 -4.387862
F 6.581793 -2.193931 -2.193931
D 4.387862 -4.387862 0.000000
L 2.193931 -2.193931 2.193931
L 4.387862 0.000000 4.387862
K 2.193931 2.193931 6.581793
R 0.000000 4.387862 4.387862
I -2.193931 2.193931 2.193931
L -4.387862 0.000000 4.387862
K -2.193931 -2.193931 6.581793


-12.530000	12130101301	10011011001000101
12

V 0.000000 0.000000 0.000000
R 2.193931 2.193931 -2.193931
R 4.387862 0.000000 -4.387862
F 6.581793 -2.193931 -2.193931
D 4.387862 -4.387862 0.000000
L 2.193931 -2.193931 2.193931
L 0.000000 -4.387862 4.387862
K -2.193931 -2.193931 6.581793
R -4.387862 0.000000 4.387862
I -2.193931 2.193931 2.193931
L 0.000000 4.387862 4.387862
K 2.193931 6.581793 2.193931


-12.530000	23230201301	01110111000100101
12

V 0.000000 0.000000 0.000000
R 2.193931 2.193931 -2.193931
R 4.387862 0.000000 -4.387862
F 6.581793 -2.193931 -2.193931
D 4.387862 -4.387862 0.000000
L 2.193931 -2.193931 2.193931
L 4.387862 0.000000 4.387862
K 2.193931 2.193931 6.581793
R 0.000000 4.387862 4.387862
I -2.193931 2.193931 2.193931
L -4.387862 4.387862 0.000000
K -6.581793 2.193931 -2.193931


-12.530000	23132101301	01111011011000101
12

V 0.000000 0.000000 0.000000
R 2.193931 2.193931 -2.193931
R 4.387862 0.000000 -4.387862
F 6.581793 -2.193931 -2.193931
D 4.387862 -4.387862 0.000000
L 2.193931 -2.193931 2.193931
L 0.000000 -4.387862 4.387862
K -2.193931 -6.581793 2.193931
R -4.387862 -4.387862 0.000000
I -2.193931 -2.193931 -2.193931
L -4.387862 -0.000000 -4.387862
K -6.581793 -2.193931 -6.581793


-12.530000	23130101301	01111011001000101
12

V 0.000000 0.000000 0.000000
R 2.193931 2.193931 -2.193931
R 4.387862 0.000000 -4.387862
F 6.581793 -2.193931 -2.193931
D 4.387862 -4.387862 0.000000
L 2.193931 -2.193931 2.193931
L 0.000000 -4.387862 4.387862
K -2.193931 -2.193931 6.581793
R -4.387862 0.000000 4.387862
I -2.193931 2.193931 2.193931
L -4.387862 4.387862 0.000000
K -6.581793 2.193931 -2.193931


-12.530000	01230201301	00100111000100101
12

V 0.000000 0.000000 0.000000
R 2.193931 2.193931 -2.193931
R 4.387862 0.000000 -4.387862
F 6.581793 -2.193931 -2.193931
D 4.387862 -4.387862 0.000000
L 2.193931 -2.193931 2.193931
L 4.387862 0.000000 4.387862
K 2.193931 2.193931 6.581793
R 0.000000 4.387862 4.387862
I -2.193931 2.193931 2.193931
L -4.387862 0.000000 4.387862
K -6.581793 2.193931 6.581793


-12.530000	03230201301	00110111000100101
12

V 0.000000 0.000000 0.000000
R 2.193931 2.193931 -2.193931
R 4.387862 0.000000 -4.387862
F 6.581793 -2.193931 -2.193931
D 4.387862 -4.387862 0.000000
L 2.193931 -2.193931 2.193931
L 4.387862 0.000000 4.387862
K 2.193931 2.193931 6.581793
R 0.000000 4.387862 4.387862
I -2.193931 2.193931 2.193931
L -4.387862 4.387862 0.000000
K -6.581793 6.581793 2.193931


-12.530000	13132101301	10111011011000101
12

V 0.000000 0.000000 0.000000
R 2.193931 2.193931 -2.193931
R 4.387862 0.000000 -4.387862
F 6.581793 -2.193931 -2.193931
D 4.387862 -4.387862 0.000000
L 2.193931 -2.193931 2.193931
L 0.000000 -4.387862 4.387862
K -2.193931 -6.581793 2.193931
R -4.387862 -4.387862 0.000000
I -2.193931 -2.193931 -2.193931
L -4.387862 -0.000000 -4.387862
K -2.193931 2.193931 -6.581793


-12.140000	03102101301	00111000011000101
12

V 0.000000 0.000000 0.000000
R 2.193931 2.193931 -2.193931
R 4.387862 0.000000 -4.387862
F 6.581793 -2.193931 -2.193931
D 4.387862 -4.387862 0.000000
L 2.193931 -2.193931 2.193931
L 0.000000 -4.387862 4.387862
K -2.193931 -6.581793 2.193931
R 0.000000 -8.775724 0.000000
I 2.193931 -6.581793 -2.193931
L 0.000000 -4.387862 -4.387862
K -2.193931 -2.193931 -2.193931


-12.140000	21301201301	01101100100100101
12

V 0.000000 0.000000 0.000000
R 2.193931 2.193931 -2.193931
R 4.387862 0.000000 -4.387862
F 6.581793 -2.193931 -2.193931
D 4.387862 -4.387862 0.000000
L 2.193931 -2.193931 2.193931
L 4.387862 0.000000 4.387862
K 6.581793 2.193931 2.193931
R 8.775724 0.000000 0.000000
I 10.969655 -2.193931 2.193931
L 8.775724 -4.387862 4.387862
K 6.581793 -6.581793 2.193931


-11.710000	12032132301	10010011011011011
12

V 0.000000 0.000000 0.000000
R 2.193931 2.193931 -2.193931
R 4.387862 0.000000 -4.387862
F 6.581793 -2.193931 -2.193931
D 8.775724 0.000000 0.000000
L 10.969655 -2.193931 2.193931
L 8.775724 -4.387862 4.387862
K 6.581793 -6.581793 2.193931
R 4.387862 -4.387862 0.000000
I 2.193931 -2.193931 2.193931
L 4.387862 -0.000000 4.387862
K 6.581793 2.193931 2.193931


-11.400000	31031201301	11100011100100101
12

V 0.000000 0.000000 0.000000
R 2.193931 2.193931 -2.193931
R 4.387862 0.000000 -4.387862
F 6.581793 -2.193931 -2.193931
D 4.387862 -4.387862 0.000000
L 2.193931 -2.193931 2.193931
L 4.387862 0.000000 4.387862
K 6.581793 2.193931 2.193931
R 4.387862 4.387862 0.000000
I 2.193931 6.581793 2.193931
L 0.000000 4.387862 4.387862
K 2.193931 2.193931 6.581793


-11.400000	10320302301	10001101001100011
12

V 0.000000 0.000000 0.000000
R 2.193931 2.193931 -2.193931
R 4.387862 0.000000 -4.387862
F 6.581793 -2.193931 -2.193931
D 8.775724 0.000000 0.000000
L 6.581793 2.193931 2.193931
L 4.387862 4.387862 0.000000
K 2.193931 6.581793 2.193931
R 4.387862 8.775724 4.387862
I 6.581793 6.581793 6.581793
L 8.775724 4.387862 4.387862
K 10.969655 6.581793 2.193931


-11.400000	30320302301	11001101001100011
12

V 0.000000 0.000000 0.000000
R 2.193931 2.193931 -2.193931
R 4.387862 0.000000 -4.387862
F 6.581793 -2.193931 -2.193931
D 8.775724 0.000000 0.000000
L 6.581793 2.193931 2.193931
L 4.387862 4.387862 0.000000
K 2.193931 6.581793 2.193931
R 4.387862 8.775724 4.387862
I 6.581793 6.581793 6.581793
L 8.775724 4.387862 4.387862
K 10.969655 2.193931 6.581793


-11.400000	12132103101	10011011011000110
12

V 0.000000 0.000000 0.000000
R 2.193931 2.193931 -2.193931
R 4.387862 0.000000 -4.387862
F 6.581793 2.193931 -6.581793
D 4.387862 4.387862 -8.775724
L 2.193931 6.581793 -6.581793
L 0.000000 4.387862 -4.387862
K -2.193931 2.193931 -6.581793
R -4.387862 4.387862 -8.775724
I -2.193931 6.581793 -10.969655
L 0.000000 8.775724 -8.775724
K 2.193931 10.969655 -10.969655


-11.400000	30210202101	11000110000100010
12

V 0.000000 0.000000 0.000000
R 2.193931 2.193931 -2.193931
R 4.387862 0.000000 -4.387862
F 6.581793 2.193931 -6.581793
D 8.775724 4.387862 -4.387862
L 6.581793 6.581793 -2.193931
L 8.775724 8.775724 -0.000000
K 6.581793 10.969655 2.193931
R 4.387862 8.775724 4.387862
I 2.193931 6.581793 2.193931
L 4.387862 4.387862 -0.000000
K 6.581793 2.193931 2.193931


-11.400000	03123102101	00111001111000010
12

V 0.000000 0.000000 0.000000
R 2.193931 2.193931 -2.193931
R 4.387862 0.000000 -4.387862
F 6.581793 2.193931 -6.581793
D 8.775724 4.387862 -4.387862
L 6.581793 6.581793 -2.193931
L 4.387862 4.387862 -0.000000
K 6.581793 2.193931 2.193931
R 8.775724 4.387862 4.387862
I 10.969655 6.581793 2.193931
L 8.775724 8.775724 -0.000000
K 6.581793 10.969655 2.193931


-11.400000	10230202301	10000111000100011
12

V 0.000000 0.000000 0.000000
R 2.193931 2.193931 -2.193931
R 4.387862 0.000000 -4.387862
F 6.581793 -2.193931 -2.193931
D 8.775724 0.000000 0.000000
L 6.581793 2.193931 2.193931
L 8.775724 4.387862 4.387862
K 6.581793 6.581793 6.581793
R 4.387862 8.775724 4.387862
I 2.193931 6.581793 2.193931
L 4.387862 4.387862 0.000000
K 6.581793 6.581793 -2.193931


-11.400000	10130102101	10001011001000010
12

V 0.000000 0.000000 0.000000
R 2.193931 2.193931 -2.193931
R 4.387862 0.000000 -4.387862
F 6.581793 2.193931 -6.581793
D 8.775724 4.387862 -4.387862
L 6.581793 6.581793 -2.193931
L 4.387862 4.387862 -0.000000
K 2.193931 6.581793 2.193931
R 0.000000 8.775724 -0.000000
I 2.193931 10.969655 -2.193931
L 4.387862 8.775724 -4.387862
K 6.581793 10.969655 -6.581793


-11.400000	10130102301	10001011001000011
12

V 0.000000 0.000000 0.000000
R 2.193931 2.193931 -2.193931
R 4.387862 0.000000 -4.387862
F 6.581793 -2.193931 -2.193931
D 8.775724 0.000000 0.000000
L 6.581793 2.193931 2.193931
L 4.387862 0.000000 4.387862
K 2.193931 2.193931 6.581793
R 0.000000 4.387862 4.387862
I 2.193931 6.581793 2.193931
L 4.387862 4.387862 0.000000
K 6.581793 6.581793 -2.193931


