-84.727464	32012031230232101	11010010010011100111000111010
18

I 0.000000 0.000000 0.000000
G 2.193931 2.193931 -2.193931
L 4.387862 0.000000 -4.387862
R 6.581793 2.193931 -6.581793
G 8.775724 4.387862 -4.387862
L 10.969655 2.193931 -2.193931
G 13.163586 4.387862 -0.000000
R 10.969655 6.581793 2.193931
K 8.775724 8.775724 -0.000000
I 6.581793 6.581793 -2.193931
A 4.387862 4.387862 -0.000000
L 6.581793 2.193931 2.193931
I 8.775724 0.000000 -0.000000
H 6.581793 -2.193931 -2.193931
K 4.387862 -4.387862 -0.000000
K 2.193931 -2.193931 2.193931
Y 4.387862 0.000000 4.387862
G 6.581793 -2.193931 6.581793


-84.727464	03013021320323101	00110010110001101101001101110
18

I 0.000000 0.000000 0.000000
G 2.193931 2.193931 -2.193931
L 4.387862 0.000000 -4.387862
R 6.581793 2.193931 -6.581793
G 4.387862 4.387862 -8.775724
L 2.193931 2.193931 -10.969655
G 0.000000 4.387862 -13.163586
R -2.193931 6.581793 -10.969655
K 0.000000 8.775724 -8.775724
I 2.193931 6.581793 -6.581793
A 0.000000 4.387862 -4.387862
L -2.193931 2.193931 -6.581793
I 0.000000 0.000000 -8.775724
H 2.193931 -2.193931 -6.581793
K 0.000000 -4.387862 -4.387862
K -2.193931 -2.193931 -2.193931
Y -4.387862 0.000000 -4.387862
G -6.581793 2.193931 -2.193931


-84.727464	02012031230232101	00010010010011100111000111010
18

I 0.000000 0.000000 0.000000
G 2.193931 2.193931 -2.193931
L 4.387862 0.000000 -4.387862
R 6.581793 2.193931 -6.581793
G 8.775724 4.387862 -4.387862
L 10.969655 2.193931 -2.193931
G 13.163586 4.387862 -0.000000
R 10.969655 6.581793 2.193931
K 8.775724 8.775724 -0.000000
I 6.581793 6.581793 -2.193931
A 4.387862 4.387862 -0.000000
L 6.581793 2.193931 2.193931
I 8.775724 0.000000 -0.000000
H 6.581793 -2.193931 -2.193931
K 4.387862 -4.387862 -0.000000
K 2.193931 -2.193931 2.193931
Y 4.387862 0.000000 4.387862
G 2.193931 2.193931 6.581793


-84.727464	23013021320323101	01110010110001101101001101110
18

I 0.000000 0.000000 0.000000
G 2.193931 2.193931 -2.193931
L 4.387862 0.000000 -4.387862
R 6.581793 2.193931 -6.581793
G 4.387862 4.387862 -8.775724
L 2.193931 2.193931 -10.969655
G 0.000000 4.387862 -13.163586
R -2.193931 6.581793 -10.969655
K 0.000000 8.775724 -8.775724
I 2.193931 6.581793 -6.581793
A 0.000000 4.387862 -4.387862
L -2.193931 2.193931 -6.581793
I 0.000000 0.000000 -8.775724
H 2.193931 -2.193931 -6.581793
K 0.000000 -4.387862 -4.387862
K -2.193931 -2.193931 -2.193931
Y -4.387862 0.000000 -4.387862
G -6.581793 -2.193931 -6.581793


-84.146471	21301310312103101	01101100101110001110011000110
18

I 0.000000 0.000000 0.000000
G 2.193931 2.193931 -2.193931
L 4.387862 0.000000 -4.387862
R 6.581793 2.193931 -6.581793
G 4.387862 4.387862 -8.775724
L 2.193931 6.581793 -6.581793
G 0.000000 4.387862 -4.387862
R -2.193931 2.193931 -6.581793
K -4.387862 0.000000 -4.387862
I -2.193931 -2.193931 -2.193931
A 0.000000 -4.387862 -4.387862
L 2.193931 -2.193931 -6.581793
I 0.000000 0.000000 -8.775724
H 2.193931 2.193931 -10.969655
K 4.387862 0.000000 -13.163586
K 6.581793 -2.193931 -10.969655
Y 4.387862 -4.387862 -8.775724
G 2.193931 -6.581793 -10.969655


-84.146471	21201210213102101	01100100100110000110111000010
18

I 0.000000 0.000000 0.000000
G 2.193931 2.193931 -2.193931
L 4.387862 0.000000 -4.387862
R 6.581793 2.193931 -6.581793
G 8.775724 4.387862 -4.387862
L 6.581793 6.581793 -2.193931
G 4.387862 4.387862 -0.000000
R 6.581793 2.193931 2.193931
K 4.387862 0.000000 4.387862
I 2.193931 -2.193931 2.193931
A 4.387862 -4.387862 -0.000000
L 6.581793 -2.193931 -2.193931
I 8.775724 0.000000 -0.000000
H 10.969655 2.193931 -2.193931
K 13.163586 0.000000 -4.387862
K 10.969655 -2.193931 -6.581793
Y 8.775724 -4.387862 -4.387862
G 6.581793 -6.581793 -6.581793


-84.146471	31301310312103101	11101100101110001110011000110
18

I 0.000000 0.000000 0.000000
G 2.193931 2.193931 -2.193931
L 4.387862 0.000000 -4.387862
R 6.581793 2.193931 -6.581793
G 4.387862 4.387862 -8.775724
L 2.193931 6.581793 -6.581793
G 0.000000 4.387862 -4.387862
R -2.193931 2.193931 -6.581793
K -4.387862 0.000000 -4.387862
I -2.193931 -2.193931 -2.193931
A 0.000000 -4.387862 -4.387862
L 2.193931 -2.193931 -6.581793
I 0.000000 0.000000 -8.775724
H 2.193931 2.193931 -10.969655
K 4.387862 0.000000 -13.163586
K 6.581793 -2.193931 -10.969655
Y 4.387862 -4.387862 -8.775724
G 6.581793 -6.581793 -6.581793


-84.146471	31201210213102101	11100100100110000110111000010
18

I 0.000000 0.000000 0.000000
G 2.193931 2.193931 -2.193931
L 4.387862 0.000000 -4.387862
R 6.581793 2.193931 -6.581793
G 8.775724 4.387862 -4.387862
L 6.581793 6.581793 -2.193931
G 4.387862 4.387862 -0.000000
R 6.581793 2.193931 2.193931
K 4.387862 0.000000 4.387862
I 2.193931 -2.193931 2.193931
A 4.387862 -4.387862 -0.000000
L 6.581793 -2.193931 -2.193931
I 8.775724 0.000000 -0.000000
H 10.969655 2.193931 -2.193931
K 13.163586 0.000000 -4.387862
K 10.969655 -2.193931 -6.581793
Y 8.775724 -4.387862 -4.387862
G 10.969655 -6.581793 -2.193931


-83.988077	13103132130101301	10111000111011011011001000101
18

I 0.000000 0.000000 0.000000
G 2.193931 2.193931 -2.193931
L 4.387862 0.000000 -4.387862
R 6.581793 -2.193931 -2.193931
G 4.387862 -4.387862 0.000000
L 2.193931 -2.193931 2.193931
G 0.000000 -4.387862 4.387862
R -2.193931 -2.193931 6.581793
K -4.387862 0.000000 4.387862
I -2.193931 2.193931 2.193931
A 0.000000 4.387862 4.387862
L 2.193931 2.193931 6.581793
I 0.000000 0.000000 8.775724
H 2.193931 -2.193931 10.969655
K 4.387862 -4.387862 8.775724
K 6.581793 -2.193931 6.581793
Y 4.387862 0.000000 4.387862
G 6.581793 2.193931 2.193931


-83.823673	20310103201202301	01001110001000110100100100011
18

I 0.000000 0.000000 0.000000
G 2.193931 2.193931 -2.193931
L 4.387862 0.000000 -4.387862
R 6.581793 -2.193931 -2.193931
G 8.775724 0.000000 0.000000
L 6.581793 2.193931 2.193931
G 8.775724 4.387862 4.387862
R 10.969655 6.581793 2.193931
K 13.163586 4.387862 0.000000
I 10.969655 2.193931 -2.193931
A 8.775724 4.387862 -4.387862
L 6.581793 6.581793 -2.193931
I 4.387862 4.387862 0.000000
H 2.193931 6.581793 2.193931
K 0.000000 4.387862 4.387862
K 2.193931 2.193931 6.581793
Y 4.387862 0.000000 4.387862
G 2.193931 -2.193931 2.193931


-83.709297	21231213013123101	01100111100110110010111001110
18

I 0.000000 0.000000 0.000000
G 2.193931 2.193931 -2.193931
L 4.387862 0.000000 -4.387862
R 6.581793 2.193931 -6.581793
G 4.387862 4.387862 -8.775724
L 2.193931 2.193931 -10.969655
G 0.000000 0.000000 -8.775724
R 2.193931 -2.193931 -6.581793
K 0.000000 -4.387862 -4.387862
I -2.193931 -2.193931 -2.193931
A -4.387862 0.000000 -4.387862
L -2.193931 2.193931 -6.581793
I 0.000000 4.387862 -4.387862
H 2.193931 6.581793 -6.581793
K 0.000000 8.775724 -8.775724
K -2.193931 6.581793 -10.969655
Y -4.387862 4.387862 -8.775724
G -6.581793 2.193931 -10.969655


-83.709297	31321312012132101	11101101101110010010011011010
18

I 0.000000 0.000000 0.000000
G 2.193931 2.193931 -2.193931
L 4.387862 0.000000 -4.387862
R 6.581793 2.193931 -6.581793
G 8.775724 4.387862 -4.387862
L 10.969655 2.193931 -2.193931
G 8.775724 0.000000 -0.000000
R 6.581793 -2.193931 -2.193931
K 4.387862 -4.387862 -0.000000
I 2.193931 -2.193931 2.193931
A 4.387862 0.000000 4.387862
L 6.581793 2.193931 2.193931
I 4.387862 4.387862 -0.000000
H 6.581793 6.581793 -2.193931
K 8.775724 8.775724 -0.000000
K 10.969655 6.581793 2.193931
Y 8.775724 4.387862 4.387862
G 10.969655 2.193931 6.581793


-83.709297	01321312012132101	00101101101110010010011011010
18

I 0.000000 0.000000 0.000000
G 2.193931 2.193931 -2.193931
L 4.387862 0.000000 -4.387862
R 6.581793 2.193931 -6.581793
G 8.775724 4.387862 -4.387862
L 10.969655 2.193931 -2.193931
G 8.775724 0.000000 -0.000000
R 6.581793 -2.193931 -2.193931
K 4.387862 -4.387862 -0.000000
I 2.193931 -2.193931 2.193931
A 4.387862 0.000000 4.387862
L 6.581793 2.193931 2.193931
I 4.387862 4.387862 -0.000000
H 6.581793 6.581793 -2.193931
K 8.775724 8.775724 -0.000000
K 10.969655 6.581793 2.193931
Y 8.775724 4.387862 4.387862
G 6.581793 6.581793 6.581793


-83.709297	01231213013123101	00100111100110110010111001110
18

I 0.000000 0.000000 0.000000
G 2.193931 2.193931 -2.193931
L 4.387862 0.000000 -4.387862
R 6.581793 2.193931 -6.581793
G 4.387862 4.387862 -8.775724
L 2.193931 2.193931 -10.969655
G 0.000000 0.000000 -8.775724
R 2.193931 -2.193931 -6.581793
K 0.000000 -4.387862 -4.387862
I -2.193931 -2.193931 -2.193931
A -4.387862 0.000000 -4.387862
L -2.193931 2.193931 -6.581793
I 0.000000 4.387862 -4.387862
H 2.193931 6.581793 -6.581793
K 0.000000 8.775724 -8.775724
K -2.193931 6.581793 -10.969655
Y -4.387862 4.387862 -8.775724
G -6.581793 6.581793 -6.581793


-83.420762	30132031230201301	11001011010011100111000100101
18

I 0.000000 0.000000 0.000000
G 2.193931 2.193931 -2.193931
L 4.387862 0.000000 -4.387862
R 6.581793 -2.193931 -2.193931
G 4.387862 -4.387862 0.000000
L 2.193931 -2.193931 2.193931
G 4.387862 0.000000 4.387862
R 2.193931 2.193931 6.581793
K 0.000000 4.387862 4.387862
I -2.193931 2.193931 2.193931
A -4.387862 0.000000 4.387862
L -2.193931 -2.193931 6.581793
I 0.000000 -4.387862 4.387862
H -2.193931 -6.581793 2.193931
K -4.387862 -4.387862 0.000000
K -2.193931 -2.193931 -2.193931
Y 0.000000 -4.387862 -4.387862
G 2.193931 -6.581793 -2.193931


-83.194990	32102131230232101	11011000011011100111000111010
18

I 0.000000 0.000000 0.000000
G 2.193931 2.193931 -2.193931
L 4.387862 0.000000 -4.387862
R 6.581793 2.193931 -6.581793
G 8.775724 4.387862 -4.387862
L 10.969655 2.193931 -2.193931
G 13.163586 4.387862 -0.000000
R 10.969655 6.581793 2.193931
K 8.775724 8.775724 -0.000000
I 6.581793 6.581793 -2.193931
A 4.387862 4.387862 -0.000000
L 6.581793 2.193931 2.193931
I 4.387862 0.000000 4.387862
H 2.193931 -2.193931 2.193931
K 4.387862 -4.387862 -0.000000
K 6.581793 -2.193931 -2.193931
Y 8.775724 0.000000 -0.000000
G 10.969655 -2.193931 2.193931


-83.194990	23103121320323101	01111000111001101101001101110
18

I 0.000000 0.000000 0.000000
G 2.193931 2.193931 -2.193931
L 4.387862 0.000000 -4.387862
R 6.581793 2.193931 -6.581793
G 4.387862 4.387862 -8.775724
L 2.193931 2.193931 -10.969655
G 0.000000 4.387862 -13.163586
R -2.193931 6.581793 -10.969655
K 0.000000 8.775724 -8.775724
I 2.193931 6.581793 -6.581793
A 0.000000 4.387862 -4.387862
L -2.193931 2.193931 -6.581793
I -4.387862 0.000000 -4.387862
H -2.193931 -2.193931 -2.193931
K 0.000000 -4.387862 -4.387862
K 2.193931 -2.193931 -6.581793
Y 0.000000 0.000000 -8.775724
G -2.193931 -2.193931 -10.969655


-82.848406	10132031230201301	10001011010011100111000100101
18

I 0.000000 0.000000 0.000000
G 2.193931 2.193931 -2.193931
L 4.387862 0.000000 -4.387862
R 6.581793 -2.193931 -2.193931
G 4.387862 -4.387862 0.000000
L 2.193931 -2.193931 2.193931
G 4.387862 0.000000 4.387862
R 2.193931 2.193931 6.581793
K 0.000000 4.387862 4.387862
I -2.193931 2.193931 2.193931
A -4.387862 0.000000 4.387862
L -2.193931 -2.193931 6.581793
I 0.000000 -4.387862 4.387862
H -2.193931 -6.581793 2.193931
K -4.387862 -4.387862 0.000000
K -2.193931 -2.193931 -2.193931
Y 0.000000 -4.387862 -4.387862
G 2.193931 -2.193931 -6.581793


-82.838860	03103032130101301	00111000110011011011001000101
18

I 0.000000 0.000000 0.000000
G 2.193931 2.193931 -2.193931
L 4.387862 0.000000 -4.387862
R 6.581793 -2.193931 -2.193931
G 4.387862 -4.387862 0.000000
L 2.193931 -2.193931 2.193931
G 0.000000 -4.387862 4.387862
R -2.193931 -2.193931 6.581793
K -4.387862 0.000000 4.387862
I -2.193931 2.193931 2.193931
A 0.000000 4.387862 4.387862
L 2.193931 2.193931 6.581793
I 4.387862 0.000000 4.387862
H 6.581793 -2.193931 6.581793
K 8.775724 -4.387862 4.387862
K 10.969655 -2.193931 2.193931
Y 8.775724 0.000000 0.000000
G 6.581793 2.193931 2.193931


-82.454194	12012310132101301	10010010011110001011011000101
18

I 0.000000 0.000000 0.000000
G 2.193931 2.193931 -2.193931
L 4.387862 0.000000 -4.387862
R 6.581793 -2.193931 -2.193931
G 4.387862 -4.387862 0.000000
L 2.193931 -2.193931 2.193931
G 0.000000 -4.387862 4.387862
R -2.193931 -6.581793 2.193931
K -4.387862 -4.387862 0.000000
I -2.193931 -2.193931 -2.193931
A 0.000000 -4.387862 -4.387862
L 2.193931 -2.193931 -6.581793
I 0.000000 -0.000000 -8.775724
H -2.193931 -2.193931 -10.969655
K -4.387862 -4.387862 -8.775724
K -6.581793 -2.193931 -6.581793
Y -4.387862 -0.000000 -4.387862
G -2.193931 2.193931 -6.581793


-82.435415	02102301031021301	00011000011100100011100001101
18

I 0.000000 0.000000 0.000000
G 2.193931 2.193931 -2.193931
L 4.387862 0.000000 -4.387862
R 6.581793 -2.193931 -2.193931
G 4.387862 -4.387862 0.000000
L 2.193931 -6.581793 -2.193931
G 4.387862 -8.775724 -4.387862
R 6.581793 -6.581793 -6.581793
K 4.387862 -4.387862 -8.775724
I 2.193931 -2.193931 -6.581793
A 0.000000 -4.387862 -4.387862
L -2.193931 -2.193931 -2.193931
I -4.387862 -0.000000 -4.387862
H -6.581793 -2.193931 -6.581793
K -4.387862 -4.387862 -8.775724
K -2.193931 -2.193931 -10.969655
Y 0.000000 -0.000000 -8.775724
G -2.193931 2.193931 -6.581793


-82.285767	10130103102101301	10001011001000111000011000101
18

I 0.000000 0.000000 0.000000
G 2.193931 2.193931 -2.193931
L 4.387862 0.000000 -4.387862
R 6.581793 -2.193931 -2.193931
G 4.387862 -4.387862 0.000000
L 2.193931 -2.193931 2.193931
G 0.000000 -4.387862 4.387862
R -2.193931 -6.581793 2.193931
K 0.000000 -8.775724 0.000000
I 2.193931 -6.581793 -2.193931
A 0.000000 -4.387862 -4.387862
L -2.193931 -2.193931 -2.193931
I -4.387862 -4.387862 0.000000
H -6.581793 -2.193931 2.193931
K -8.775724 -0.000000 0.000000
K -6.581793 2.193931 -2.193931
Y -4.387862 -0.000000 -4.387862
G -2.193931 2.193931 -6.581793


-82.285767	12132103102101301	10011011011000111000011000101
18

I 0.000000 0.000000 0.000000
G 2.193931 2.193931 -2.193931
L 4.387862 0.000000 -4.387862
R 6.581793 -2.193931 -2.193931
G 4.387862 -4.387862 0.000000
L 2.193931 -2.193931 2.193931
G 0.000000 -4.387862 4.387862
R -2.193931 -6.581793 2.193931
K 0.000000 -8.775724 0.000000
I 2.193931 -6.581793 -2.193931
A 0.000000 -4.387862 -4.387862
L -2.193931 -2.193931 -2.193931
I -4.387862 -4.387862 0.000000
H -6.581793 -6.581793 -2.193931
K -8.775724 -4.387862 -4.387862
K -6.581793 -2.193931 -6.581793
Y -4.387862 -0.000000 -4.387862
G -2.193931 2.193931 -6.581793


-81.884246	01031010120101301	00100011100010001001001000101
18

I 0.000000 0.000000 0.000000
G 2.193931 2.193931 -2.193931
L 4.387862 0.000000 -4.387862
R 6.581793 -2.193931 -2.193931
G 4.387862 -4.387862 0.000000
L 2.193931 -2.193931 2.193931
G 0.000000 -4.387862 4.387862
R -2.193931 -2.193931 6.581793
K 0.000000 0.000000 8.775724
I 2.193931 2.193931 6.581793
A 4.387862 0.000000 4.387862
L 6.581793 2.193931 2.193931
I 8.775724 0.000000 0.000000
H 10.969655 2.193931 -2.193931
K 8.775724 4.387862 -4.387862
K 6.581793 6.581793 -2.193931
Y 4.387862 4.387862 0.000000
G 2.193931 6.581793 2.193931


-81.835948	03103201012032101	00111000110100100010010011010
18

I 0.000000 0.000000 0.000000
G 2.193931 2.193931 -2.193931
L 4.387862 0.000000 -4.387862
R 6.581793 2.193931 -6.581793
G 8.775724 4.387862 -4.387862
L 10.969655 2.193931 -2.193931
G 13.163586 0.000000 -4.387862
R 10.969655 -2.193931 -6.581793
K 8.775724 -4.387862 -4.387862
I 6.581793 -2.193931 -2.193931
A 4.387862 -4.387862 -0.000000
L 2.193931 -2.193931 2.193931
I 4.387862 0.000000 4.387862
H 6.581793 -2.193931 6.581793
K 8.775724 -4.387862 4.387862
K 10.969655 -2.193931 2.193931
Y 8.775724 0.000000 -0.000000
G 6.581793 2.193931 2.193931


-81.835948	02102301013023101	00011000011100100010110001110
18

I 0.000000 0.000000 0.000000
G 2.193931 2.193931 -2.193931
L 4.387862 0.000000 -4.387862
R 6.581793 2.193931 -6.581793
G 4.387862 4.387862 -8.775724
L 2.193931 2.193931 -10.969655
G 4.387862 0.000000 -13.163586
R 6.581793 -2.193931 -10.969655
K 4.387862 -4.387862 -8.775724
I 2.193931 -2.193931 -6.581793
A 0.000000 -4.387862 -4.387862
L -2.193931 -2.193931 -2.193931
I -4.387862 0.000000 -4.387862
H -6.581793 -2.193931 -6.581793
K -4.387862 -4.387862 -8.775724
K -2.193931 -2.193931 -10.969655
Y 0.000000 0.000000 -8.775724
G -2.193931 2.193931 -6.581793


-81.835194	31301313123101301	11101100101110111001111000101
18

I 0.000000 0.000000 0.000000
G 2.193931 2.193931 -2.193931
L 4.387862 0.000000 -4.387862
R 6.581793 -2.193931 -2.193931
G 4.387862 -4.387862 0.000000
L 2.193931 -2.193931 2.193931
G 0.000000 -4.387862 4.387862
R 2.193931 -6.581793 6.581793
K 4.387862 -4.387862 8.775724
I 6.581793 -2.193931 6.581793
A 4.387862 -0.000000 4.387862
L 6.581793 2.193931 2.193931
I 4.387862 4.387862 0.000000
H 6.581793 6.581793 -2.193931
K 8.775724 4.387862 -4.387862
K 10.969655 2.193931 -2.193931
Y 8.775724 -0.000000 0.000000
G 10.969655 -2.193931 2.193931


-81.790966	21201213210212301	01100100100110110110000110011
18

I 0.000000 0.000000 0.000000
G 2.193931 2.193931 -2.193931
L 4.387862 0.000000 -4.387862
R 6.581793 -2.193931 -2.193931
G 8.775724 0.000000 0.000000
L 10.969655 2.193931 -2.193931
G 13.163586 4.387862 0.000000
R 10.969655 6.581793 2.193931
K 8.775724 4.387862 4.387862
I 6.581793 2.193931 2.193931
A 4.387862 4.387862 0.000000
L 6.581793 6.581793 -2.193931
I 8.775724 8.775724 0.000000
H 10.969655 10.969655 -2.193931
K 13.163586 8.775724 -4.387862
K 10.969655 6.581793 -6.581793
Y 8.775724 4.387862 -4.387862
G 6.581793 2.193931 -6.581793


-81.790966	32302321320323101	11011100011101101101001101110
18

I 0.000000 0.000000 0.000000
G 2.193931 2.193931 -2.193931
L 4.387862 0.000000 -4.387862
R 6.581793 2.193931 -6.581793
G 4.387862 4.387862 -8.775724
L 2.193931 2.193931 -10.969655
G 0.000000 4.387862 -13.163586
R -2.193931 6.581793 -10.969655
K 0.000000 8.775724 -8.775724
I 2.193931 6.581793 -6.581793
A 0.000000 4.387862 -4.387862
L -2.193931 2.193931 -6.581793
I -4.387862 4.387862 -8.775724
H -6.581793 2.193931 -10.969655
K -4.387862 0.000000 -13.163586
K -2.193931 -2.193931 -10.969655
Y 0.000000 0.000000 -8.775724
G 2.193931 -2.193931 -6.581793


-81.790966	23203231230232101	01110100110111100111000111010
18

I 0.000000 0.000000 0.000000
G 2.193931 2.193931 -2.193931
L 4.387862 0.000000 -4.387862
R 6.581793 2.193931 -6.581793
G 8.775724 4.387862 -4.387862
L 10.969655 2.193931 -2.193931
G 13.163586 4.387862 -0.000000
R 10.969655 6.581793 2.193931
K 8.775724 8.775724 -0.000000
I 6.581793 6.581793 -2.193931
A 4.387862 4.387862 -0.000000
L 6.581793 2.193931 2.193931
I 8.775724 4.387862 4.387862
H 10.969655 2.193931 6.581793
K 13.163586 0.000000 4.387862
K 10.969655 -2.193931 2.193931
Y 8.775724 0.000000 -0.000000
G 6.581793 -2.193931 -2.193931


-81.734359	03023031230201301	00110001110011100111000100101
18

I 0.000000 0.000000 0.000000
G 2.193931 2.193931 -2.193931
L 4.387862 0.000000 -4.387862
R 6.581793 -2.193931 -2.193931
G 4.387862 -4.387862 0.000000
L 2.193931 -2.193931 2.193931
G 4.387862 0.000000 4.387862
R 2.193931 2.193931 6.581793
K 0.000000 4.387862 4.387862
I -2.193931 2.193931 2.193931
A -4.387862 0.000000 4.387862
L -2.193931 -2.193931 6.581793
I 0.000000 -4.387862 4.387862
H 2.193931 -6.581793 6.581793
K 4.387862 -4.387862 8.775724
K 2.193931 -2.193931 10.969655
Y 0.000000 -0.000000 8.775724
G -2.193931 2.193931 10.969655


-81.734359	03013032130101301	00110010110011011011001000101
18

I 0.000000 0.000000 0.000000
G 2.193931 2.193931 -2.193931
L 4.387862 0.000000 -4.387862
R 6.581793 -2.193931 -2.193931
G 4.387862 -4.387862 0.000000
L 2.193931 -2.193931 2.193931
G 0.000000 -4.387862 4.387862
R -2.193931 -2.193931 6.581793
K -4.387862 0.000000 4.387862
I -2.193931 2.193931 2.193931
A 0.000000 4.387862 4.387862
L 2.193931 2.193931 6.581793
I 4.387862 0.000000 4.387862
H 6.581793 -2.193931 6.581793
K 4.387862 -4.387862 8.775724
K 2.193931 -2.193931 10.969655
Y 0.000000 0.000000 8.775724
G -2.193931 2.193931 10.969655


-81.606573	03102031230201301	00111000010011100111000100101
18

I 0.000000 0.000000 0.000000
G 2.193931 2.193931 -2.193931
L 4.387862 0.000000 -4.387862
R 6.581793 -2.193931 -2.193931
G 4.387862 -4.387862 0.000000
L 2.193931 -2.193931 2.193931
G 4.387862 0.000000 4.387862
R 2.193931 2.193931 6.581793
K 0.000000 4.387862 4.387862
I -2.193931 2.193931 2.193931
A -4.387862 0.000000 4.387862
L -2.193931 -2.193931 6.581793
I 0.000000 -4.387862 4.387862
H -2.193931 -6.581793 2.193931
K 0.000000 -8.775724 0.000000
K 2.193931 -6.581793 -2.193931
Y 0.000000 -4.387862 -4.387862
G -2.193931 -2.193931 -2.193931


-81.563082	23203231230201301	01110100110111100111000100101
18

I 0.000000 0.000000 0.000000
G 2.193931 2.193931 -2.193931
L 4.387862 0.000000 -4.387862
R 6.581793 -2.193931 -2.193931
G 4.387862 -4.387862 0.000000
L 2.193931 -2.193931 2.193931
G 4.387862 0.000000 4.387862
R 2.193931 2.193931 6.581793
K 0.000000 4.387862 4.387862
I -2.193931 2.193931 2.193931
A -4.387862 0.000000 4.387862
L -2.193931 -2.193931 6.581793
I 0.000000 0.000000 8.775724
H 2.193931 -2.193931 10.969655
K 4.387862 -4.387862 8.775724
K 2.193931 -6.581793 6.581793
Y 0.000000 -4.387862 4.387862
G -2.193931 -6.581793 2.193931


-81.389722	12012310130121301	10010010011110001011001001101
18

I 0.000000 0.000000 0.000000
G 2.193931 2.193931 -2.193931
L 4.387862 0.000000 -4.387862
R 6.581793 -2.193931 -2.193931
G 4.387862 -4.387862 0.000000
L 2.193931 -6.581793 -2.193931
G 0.000000 -8.775724 0.000000
R -2.193931 -6.581793 2.193931
K -4.387862 -4.387862 0.000000
I -2.193931 -2.193931 -2.193931
A 0.000000 -4.387862 -4.387862
L 2.193931 -2.193931 -6.581793
I 0.000000 -0.000000 -8.775724
H -2.193931 -2.193931 -10.969655
K -4.387862 -4.387862 -8.775724
K -6.581793 -2.193931 -6.581793
Y -4.387862 -0.000000 -4.387862
G -2.193931 2.193931 -6.581793


-81.368366	03210230310320101	00110110000111001110001101000
18

I 0.000000 0.000000 0.000000
G 2.193931 2.193931 -2.193931
L 4.387862 0.000000 -4.387862
R 6.581793 2.193931 -6.581793
G 8.775724 0.000000 -8.775724
L 6.581793 -2.193931 -10.969655
G 4.387862 0.000000 -13.163586
R 2.193931 2.193931 -10.969655
K 0.000000 0.000000 -8.775724
I 2.193931 -2.193931 -6.581793
A 4.387862 -4.387862 -8.775724
L 6.581793 -6.581793 -6.581793
I 8.775724 -4.387862 -4.387862
H 6.581793 -2.193931 -2.193931
K 4.387862 -4.387862 -0.000000
K 2.193931 -6.581793 -2.193931
Y 0.000000 -4.387862 -4.387862
G -2.193931 -2.193931 -2.193931


-81.368366	02310320210230101	00011110001101000110000111000
18

I 0.000000 0.000000 0.000000
G 2.193931 2.193931 -2.193931
L 4.387862 0.000000 -4.387862
R 6.581793 2.193931 -6.581793
G 8.775724 0.000000 -8.775724
L 10.969655 -2.193931 -6.581793
G 13.163586 0.000000 -4.387862
R 10.969655 2.193931 -2.193931
K 8.775724 0.000000 -0.000000
I 6.581793 -2.193931 -2.193931
A 8.775724 -4.387862 -4.387862
L 6.581793 -6.581793 -6.581793
I 4.387862 -4.387862 -8.775724
H 2.193931 -2.193931 -6.581793
K 0.000000 -4.387862 -4.387862
K 2.193931 -6.581793 -2.193931
Y 4.387862 -4.387862 -0.000000
G 2.193931 -2.193931 2.193931


-81.301005	02302103031021301	00011100011000110011100001101
18

I 0.000000 0.000000 0.000000
G 2.193931 2.193931 -2.193931
L 4.387862 0.000000 -4.387862
R 6.581793 -2.193931 -2.193931
G 4.387862 -4.387862 0.000000
L 2.193931 -6.581793 -2.193931
G 4.387862 -8.775724 -4.387862
R 6.581793 -6.581793 -6.581793
K 4.387862 -4.387862 -8.775724
I 2.193931 -2.193931 -6.581793
A 0.000000 -0.000000 -8.775724
L -2.193931 2.193931 -6.581793
I -4.387862 -0.000000 -4.387862
H -6.581793 -2.193931 -6.581793
K -4.387862 -4.387862 -8.775724
K -2.193931 -6.581793 -6.581793
Y 0.000000 -4.387862 -4.387862
G -2.193931 -2.193931 -2.193931


-81.204253	03013030120103101	00110010110011001001001000110
18

I 0.000000 0.000000 0.000000
G 2.193931 2.193931 -2.193931
L 4.387862 0.000000 -4.387862
R 6.581793 2.193931 -6.581793
G 4.387862 4.387862 -8.775724
L 2.193931 6.581793 -6.581793
G 0.000000 4.387862 -4.387862
R -2.193931 6.581793 -2.193931
K 0.000000 8.775724 -0.000000
I 2.193931 10.969655 -2.193931
A 4.387862 8.775724 -4.387862
L 6.581793 6.581793 -2.193931
I 8.775724 4.387862 -4.387862
H 10.969655 2.193931 -2.193931
K 8.775724 0.000000 -0.000000
K 6.581793 2.193931 2.193931
Y 4.387862 4.387862 -0.000000
G 2.193931 6.581793 2.193931


-81.204253	02012020130102101	00010010010001001011001000010
18

I 0.000000 0.000000 0.000000
G 2.193931 2.193931 -2.193931
L 4.387862 0.000000 -4.387862
R 6.581793 2.193931 -6.581793
G 8.775724 4.387862 -4.387862
L 6.581793 6.581793 -2.193931
G 4.387862 4.387862 -0.000000
R 2.193931 6.581793 2.193931
K 0.000000 8.775724 -0.000000
I 2.193931 10.969655 -2.193931
A 4.387862 8.775724 -4.387862
L 2.193931 6.581793 -6.581793
I 4.387862 4.387862 -8.775724
H 2.193931 2.193931 -10.969655
K 0.000000 0.000000 -8.775724
K -2.193931 2.193931 -6.581793
Y 0.000000 4.387862 -4.387862
G -2.193931 6.581793 -2.193931


-81.141482	20310301203202101	01001110001100100100110100010
18

I 0.000000 0.000000 0.000000
G 2.193931 2.193931 -2.193931
L 4.387862 0.000000 -4.387862
R 6.581793 2.193931 -6.581793
G 8.775724 4.387862 -4.387862
L 6.581793 6.581793 -2.193931
G 8.775724 8.775724 -0.000000
R 10.969655 6.581793 2.193931
K 13.163586 4.387862 -0.000000
I 10.969655 2.193931 -2.193931
A 8.775724 0.000000 -0.000000
L 6.581793 2.193931 2.193931
I 4.387862 4.387862 -0.000000
H 2.193931 6.581793 2.193931
K 0.000000 4.387862 4.387862
K 2.193931 2.193931 6.581793
Y 4.387862 0.000000 4.387862
G 2.193931 -2.193931 2.193931


-81.141482	30210201302303101	11000110000100101100011100110
18

I 0.000000 0.000000 0.000000
G 2.193931 2.193931 -2.193931
L 4.387862 0.000000 -4.387862
R 6.581793 2.193931 -6.581793
G 4.387862 4.387862 -8.775724
L 2.193931 6.581793 -6.581793
G 0.000000 8.775724 -8.775724
R -2.193931 6.581793 -10.969655
K 0.000000 4.387862 -13.163586
I 2.193931 2.193931 -10.969655
A 0.000000 0.000000 -8.775724
L -2.193931 2.193931 -6.581793
I 0.000000 4.387862 -4.387862
H -2.193931 6.581793 -2.193931
K -4.387862 4.387862 -0.000000
K -6.581793 2.193931 -2.193931
Y -4.387862 0.000000 -4.387862
G -2.193931 -2.193931 -2.193931


-81.096527	13023010213102101	10110001110010000110111000010
18

I 0.000000 0.000000 0.000000
G 2.193931 2.193931 -2.193931
L 4.387862 0.000000 -4.387862
R 6.581793 2.193931 -6.581793
G 8.775724 4.387862 -4.387862
L 6.581793 6.581793 -2.193931
G 4.387862 4.387862 -0.000000
R 6.581793 2.193931 2.193931
K 4.387862 0.000000 4.387862
I 2.193931 -2.193931 2.193931
A 4.387862 -4.387862 -0.000000
L 6.581793 -2.193931 -2.193931
I 8.775724 -4.387862 -4.387862
H 10.969655 -6.581793 -2.193931
K 13.163586 -4.387862 -0.000000
K 10.969655 -2.193931 2.193931
Y 8.775724 0.000000 -0.000000
G 10.969655 2.193931 -2.193931


-81.096527	12032010312103101	10010011010010001110011000110
18

I 0.000000 0.000000 0.000000
G 2.193931 2.193931 -2.193931
L 4.387862 0.000000 -4.387862
R 6.581793 2.193931 -6.581793
G 4.387862 4.387862 -8.775724
L 2.193931 6.581793 -6.581793
G 0.000000 4.387862 -4.387862
R -2.193931 2.193931 -6.581793
K -4.387862 0.000000 -4.387862
I -2.193931 -2.193931 -2.193931
A 0.000000 -4.387862 -4.387862
L 2.193931 -2.193931 -6.581793
I 4.387862 -4.387862 -8.775724
H 2.193931 -6.581793 -10.969655
K 0.000000 -4.387862 -13.163586
K -2.193931 -2.193931 -10.969655
Y 0.000000 0.000000 -8.775724
G 2.193931 2.193931 -10.969655


-80.914052	02132103102101301	00011011011000111000011000101
18

I 0.000000 0.000000 0.000000
G 2.193931 2.193931 -2.193931
L 4.387862 0.000000 -4.387862
R 6.581793 -2.193931 -2.193931
G 4.387862 -4.387862 0.000000
L 2.193931 -2.193931 2.193931
G 0.000000 -4.387862 4.387862
R -2.193931 -6.581793 2.193931
K 0.000000 -8.775724 0.000000
I 2.193931 -6.581793 -2.193931
A 0.000000 -4.387862 -4.387862
L -2.193931 -2.193931 -2.193931
I -4.387862 -4.387862 0.000000
H -6.581793 -6.581793 -2.193931
K -8.775724 -4.387862 -4.387862
K -6.581793 -2.193931 -6.581793
Y -4.387862 -0.000000 -4.387862
G -6.581793 2.193931 -2.193931


-80.914052	20130103102101301	01001011001000111000011000101
18

I 0.000000 0.000000 0.000000
G 2.193931 2.193931 -2.193931
L 4.387862 0.000000 -4.387862
R 6.581793 -2.193931 -2.193931
G 4.387862 -4.387862 0.000000
L 2.193931 -2.193931 2.193931
G 0.000000 -4.387862 4.387862
R -2.193931 -6.581793 2.193931
K 0.000000 -8.775724 0.000000
I 2.193931 -6.581793 -2.193931
A 0.000000 -4.387862 -4.387862
L -2.193931 -2.193931 -2.193931
I -4.387862 -4.387862 0.000000
H -6.581793 -2.193931 2.193931
K -8.775724 -0.000000 0.000000
K -6.581793 2.193931 -2.193931
Y -4.387862 -0.000000 -4.387862
G -6.581793 -2.193931 -6.581793


-80.857725	21031010312103101	01100011100010001110011000110
18

I 0.000000 0.000000 0.000000
G 2.193931 2.193931 -2.193931
L 4.387862 0.000000 -4.387862
R 6.581793 2.193931 -6.581793
G 4.387862 4.387862 -8.775724
L 2.193931 6.581793 -6.581793
G 0.000000 4.387862 -4.387862
R -2.193931 2.193931 -6.581793
K -4.387862 0.000000 -4.387862
I -2.193931 -2.193931 -2.193931
A 0.000000 -4.387862 -4.387862
L 2.193931 -2.193931 -6.581793
I 4.387862 -4.387862 -8.775724
H 6.581793 -2.193931 -10.969655
K 4.387862 0.000000 -13.163586
K 2.193931 2.193931 -10.969655
Y 0.000000 0.000000 -8.775724
G -2.193931 -2.193931 -10.969655


-80.857725	31021010213102101	11100001100010000110111000010
18

I 0.000000 0.000000 0.000000
G 2.193931 2.193931 -2.193931
L 4.387862 0.000000 -4.387862
R 6.581793 2.193931 -6.581793
G 8.775724 4.387862 -4.387862
L 6.581793 6.581793 -2.193931
G 4.387862 4.387862 -0.000000
R 6.581793 2.193931 2.193931
K 4.387862 0.000000 4.387862
I 2.193931 -2.193931 2.193931
A 4.387862 -4.387862 -0.000000
L 6.581793 -2.193931 -2.193931
I 8.775724 -4.387862 -4.387862
H 10.969655 -2.193931 -6.581793
K 13.163586 0.000000 -4.387862
K 10.969655 2.193931 -2.193931
Y 8.775724 0.000000 -0.000000
G 10.969655 -2.193931 2.193931


-80.823802	12312010130121301	10011110010010001011001001101
18

I 0.000000 0.000000 0.000000
G 2.193931 2.193931 -2.193931
L 4.387862 0.000000 -4.387862
R 6.581793 -2.193931 -2.193931
G 4.387862 -4.387862 0.000000
L 2.193931 -6.581793 -2.193931
G 0.000000 -8.775724 0.000000
R -2.193931 -6.581793 2.193931
K -4.387862 -4.387862 0.000000
I -2.193931 -2.193931 -2.193931
A 0.000000 -4.387862 -4.387862
L 2.193931 -2.193931 -6.581793
I 4.387862 -4.387862 -8.775724
H 2.193931 -6.581793 -10.969655
K 0.000000 -8.775724 -8.775724
K 2.193931 -10.969655 -6.581793
Y 4.387862 -8.775724 -4.387862
G 6.581793 -6.581793 -6.581793


-80.636596	03013020310302301	00110010110001001110001100011
18

I 0.000000 0.000000 0.000000
G 2.193931 2.193931 -2.193931
L 4.387862 0.000000 -4.387862
R 6.581793 -2.193931 -2.193931
G 8.775724 0.000000 0.000000
L 6.581793 2.193931 2.193931
G 4.387862 4.387862 0.000000
R 2.193931 6.581793 2.193931
K 0.000000 4.387862 4.387862
I 2.193931 2.193931 6.581793
A 4.387862 0.000000 4.387862
L 2.193931 -2.193931 2.193931
I 4.387862 -4.387862 0.000000
H 6.581793 -6.581793 2.193931
K 4.387862 -8.775724 4.387862
K 2.193931 -6.581793 6.581793
Y 0.000000 -4.387862 4.387862
G -2.193931 -2.193931 6.581793


-80.636596	02012020310302301	00010010010001001110001100011
18

I 0.000000 0.000000 0.000000
G 2.193931 2.193931 -2.193931
L 4.387862 0.000000 -4.387862
R 6.581793 -2.193931 -2.193931
G 8.775724 0.000000 0.000000
L 6.581793 2.193931 2.193931
G 4.387862 4.387862 0.000000
R 2.193931 6.581793 2.193931
K 0.000000 4.387862 4.387862
I 2.193931 2.193931 6.581793
A 4.387862 0.000000 4.387862
L 2.193931 -2.193931 2.193931
I 4.387862 -4.387862 0.000000
H 2.193931 -6.581793 -2.193931
K 0.000000 -8.775724 0.000000
K -2.193931 -6.581793 2.193931
Y 0.000000 -4.387862 4.387862
G -2.193931 -2.193931 6.581793


-80.559018	02302101031021301	00011100011000100011100001101
18

I 0.000000 0.000000 0.000000
G 2.193931 2.193931 -2.193931
L 4.387862 0.000000 -4.387862
R 6.581793 -2.193931 -2.193931
G 4.387862 -4.387862 0.000000
L 2.193931 -6.581793 -2.193931
G 4.387862 -8.775724 -4.387862
R 6.581793 -6.581793 -6.581793
K 4.387862 -4.387862 -8.775724
I 2.193931 -2.193931 -6.581793
A 0.000000 -4.387862 -4.387862
L -2.193931 -2.193931 -2.193931
I -4.387862 -4.387862 -0.000000
H -6.581793 -6.581793 -2.193931
K -4.387862 -8.775724 -4.387862
K -2.193931 -10.969655 -2.193931
Y 0.000000 -8.775724 -0.000000
G -2.193931 -6.581793 2.193931


-80.513973	20310302012032101	01001110001100010010010011010
18

I 0.000000 0.000000 0.000000
G 2.193931 2.193931 -2.193931
L 4.387862 0.000000 -4.387862
R 6.581793 2.193931 -6.581793
G 8.775724 4.387862 -4.387862
L 10.969655 2.193931 -2.193931
G 13.163586 0.000000 -4.387862
R 10.969655 -2.193931 -6.581793
K 8.775724 -4.387862 -4.387862
I 6.581793 -2.193931 -2.193931
A 8.775724 0.000000 -0.000000
L 6.581793 2.193931 2.193931
I 4.387862 4.387862 -0.000000
H 2.193931 6.581793 2.193931
K 0.000000 4.387862 4.387862
K 2.193931 2.193931 6.581793
Y 4.387862 0.000000 4.387862
G 2.193931 -2.193931 2.193931


-80.513973	30210203013023101	11000110000100110010110001110
18

I 0.000000 0.000000 0.000000
G 2.193931 2.193931 -2.193931
L 4.387862 0.000000 -4.387862
R 6.581793 2.193931 -6.581793
G 4.387862 4.387862 -8.775724
L 2.193931 2.193931 -10.969655
G 4.387862 0.000000 -13.163586
R 6.581793 -2.193931 -10.969655
K 4.387862 -4.387862 -8.775724
I 2.193931 -2.193931 -6.581793
A 0.000000 0.000000 -8.775724
L -2.193931 2.193931 -6.581793
I 0.000000 4.387862 -4.387862
H -2.193931 6.581793 -2.193931
K -4.387862 4.387862 -0.000000
K -6.581793 2.193931 -2.193931
Y -4.387862 0.000000 -4.387862
G -2.193931 -2.193931 -2.193931


-80.283049	01031020120201301	00100011100001001001000100101
18

I 0.000000 0.000000 0.000000
G 2.193931 2.193931 -2.193931
L 4.387862 0.000000 -4.387862
R 6.581793 -2.193931 -2.193931
G 4.387862 -4.387862 0.000000
L 2.193931 -2.193931 2.193931
G 4.387862 0.000000 4.387862
R 2.193931 2.193931 6.581793
K 4.387862 4.387862 8.775724
I 6.581793 6.581793 6.581793
A 8.775724 4.387862 4.387862
L 6.581793 2.193931 2.193931
I 8.775724 0.000000 0.000000
H 10.969655 2.193931 -2.193931
K 8.775724 4.387862 -4.387862
K 6.581793 6.581793 -2.193931
Y 4.387862 4.387862 0.000000
G 2.193931 6.581793 2.193931


-80.280012	10321312012132101	10001101101110010010011011010
18

I 0.000000 0.000000 0.000000
G 2.193931 2.193931 -2.193931
L 4.387862 0.000000 -4.387862
R 6.581793 2.193931 -6.581793
G 8.775724 4.387862 -4.387862
L 10.969655 2.193931 -2.193931
G 8.775724 0.000000 -0.000000
R 6.581793 -2.193931 -2.193931
K 4.387862 -4.387862 -0.000000
I 2.193931 -2.193931 2.193931
A 4.387862 0.000000 4.387862
L 6.581793 2.193931 2.193931
I 4.387862 4.387862 -0.000000
H 6.581793 6.581793 -2.193931
K 8.775724 8.775724 -0.000000
K 10.969655 6.581793 2.193931
Y 13.163586 4.387862 -0.000000
G 15.357517 6.581793 -2.193931


-80.280012	10231213013123101	10000111100110110010111001110
18

I 0.000000 0.000000 0.000000
G 2.193931 2.193931 -2.193931
L 4.387862 0.000000 -4.387862
R 6.581793 2.193931 -6.581793
G 4.387862 4.387862 -8.775724
L 2.193931 2.193931 -10.969655
G 0.000000 0.000000 -8.775724
R 2.193931 -2.193931 -6.581793
K 0.000000 -4.387862 -4.387862
I -2.193931 -2.193931 -2.193931
A -4.387862 0.000000 -4.387862
L -2.193931 2.193931 -6.581793
I 0.000000 4.387862 -4.387862
H 2.193931 6.581793 -6.581793
K 0.000000 8.775724 -8.775724
K -2.193931 6.581793 -10.969655
Y 0.000000 4.387862 -13.163586
G 2.193931 6.581793 -15.357517


-80.280012	20231213013123101	01000111100110110010111001110
18

I 0.000000 0.000000 0.000000
G 2.193931 2.193931 -2.193931
L 4.387862 0.000000 -4.387862
R 6.581793 2.193931 -6.581793
G 4.387862 4.387862 -8.775724
L 2.193931 2.193931 -10.969655
G 0.000000 0.000000 -8.775724
R 2.193931 -2.193931 -6.581793
K 0.000000 -4.387862 -4.387862
I -2.193931 -2.193931 -2.193931
A -4.387862 0.000000 -4.387862
L -2.193931 2.193931 -6.581793
I 0.000000 4.387862 -4.387862
H 2.193931 6.581793 -6.581793
K 0.000000 8.775724 -8.775724
K -2.193931 6.581793 -10.969655
Y 0.000000 4.387862 -13.163586
G -2.193931 2.193931 -15.357517


-80.280012	30321312012132101	11001101101110010010011011010
18

I 0.000000 0.000000 0.000000
G 2.193931 2.193931 -2.193931
L 4.387862 0.000000 -4.387862
R 6.581793 2.193931 -6.581793
G 8.775724 4.387862 -4.387862
L 10.969655 2.193931 -2.193931
G 8.775724 0.000000 -0.000000
R 6.581793 -2.193931 -2.193931
K 4.387862 -4.387862 -0.000000
I 2.193931 -2.193931 2.193931
A 4.387862 0.000000 4.387862
L 6.581793 2.193931 2.193931
I 4.387862 4.387862 -0.000000
H 6.581793 6.581793 -2.193931
K 8.775724 8.775724 -0.000000
K 10.969655 6.581793 2.193931
Y 13.163586 4.387862 -0.000000
G 15.357517 2.193931 2.193931


-80.233996	31301323123201301	11101100101101111001110100101
18

I 0.000000 0.000000 0.000000
G 2.193931 2.193931 -2.193931
L 4.387862 0.000000 -4.387862
R 6.581793 -2.193931 -2.193931
G 4.387862 -4.387862 0.000000
L 2.193931 -2.193931 2.193931
G 4.387862 0.000000 4.387862
R 6.581793 -2.193931 6.581793
K 8.775724 0.000000 8.775724
I 10.969655 2.193931 6.581793
A 8.775724 4.387862 4.387862
L 6.581793 2.193931 2.193931
I 4.387862 4.387862 0.000000
H 6.581793 6.581793 -2.193931
K 8.775724 4.387862 -4.387862
K 10.969655 2.193931 -2.193931
Y 8.775724 0.000000 0.000000
G 10.969655 -2.193931 2.193931


-80.166941	03120121203202101	00111001001001100100110100010
18

I 0.000000 0.000000 0.000000
G 2.193931 2.193931 -2.193931
L 4.387862 0.000000 -4.387862
R 6.581793 2.193931 -6.581793
G 8.775724 4.387862 -4.387862
L 6.581793 6.581793 -2.193931
G 8.775724 8.775724 -0.000000
R 10.969655 6.581793 2.193931
K 13.163586 4.387862 -0.000000
I 10.969655 2.193931 -2.193931
A 8.775724 0.000000 -0.000000
L 6.581793 -2.193931 -2.193931
I 4.387862 -4.387862 -0.000000
H 2.193931 -2.193931 2.193931
K 4.387862 0.000000 4.387862
K 6.581793 2.193931 2.193931
Y 4.387862 4.387862 -0.000000
G 2.193931 6.581793 2.193931


-80.166941	02130131302303101	00011011001011101100011100110
18

I 0.000000 0.000000 0.000000
G 2.193931 2.193931 -2.193931
L 4.387862 0.000000 -4.387862
R 6.581793 2.193931 -6.581793
G 4.387862 4.387862 -8.775724
L 2.193931 6.581793 -6.581793
G 0.000000 8.775724 -8.775724
R -2.193931 6.581793 -10.969655
K 0.000000 4.387862 -13.163586
I 2.193931 2.193931 -10.969655
A 0.000000 0.000000 -8.775724
L 2.193931 -2.193931 -6.581793
I 0.000000 -4.387862 -4.387862
H -2.193931 -2.193931 -2.193931
K -4.387862 0.000000 -4.387862
K -2.193931 2.193931 -6.581793
Y 0.000000 4.387862 -4.387862
G -2.193931 6.581793 -2.193931


-80.161561	30130302103101301	11001011001100011000111000101
18

I 0.000000 0.000000 0.000000
G 2.193931 2.193931 -2.193931
L 4.387862 0.000000 -4.387862
R 6.581793 -2.193931 -2.193931
G 4.387862 -4.387862 0.000000
L 2.193931 -2.193931 2.193931
G 0.000000 -4.387862 4.387862
R 2.193931 -6.581793 6.581793
K 4.387862 -8.775724 4.387862
I 6.581793 -6.581793 2.193931
A 8.775724 -4.387862 4.387862
L 6.581793 -2.193931 6.581793
I 4.387862 -0.000000 4.387862
H 2.193931 2.193931 6.581793
K 0.000000 4.387862 4.387862
K 2.193931 6.581793 2.193931
Y 4.387862 4.387862 0.000000
G 6.581793 2.193931 2.193931


-80.159080	21021310132101301	01100001101110001011011000101
18

I 0.000000 0.000000 0.000000
G 2.193931 2.193931 -2.193931
L 4.387862 0.000000 -4.387862
R 6.581793 -2.193931 -2.193931
G 4.387862 -4.387862 0.000000
L 2.193931 -2.193931 2.193931
G 0.000000 -4.387862 4.387862
R -2.193931 -6.581793 2.193931
K -4.387862 -4.387862 0.000000
I -2.193931 -2.193931 -2.193931
A 0.000000 -4.387862 -4.387862
L 2.193931 -2.193931 -6.581793
I 0.000000 -0.000000 -8.775724
H 2.193931 2.193931 -10.969655
K 4.387862 4.387862 -8.775724
K 2.193931 6.581793 -6.581793
Y 0.000000 4.387862 -4.387862
G -2.193931 2.193931 -6.581793


-79.996642	01031010320103101	00100011100010001101001000110
18

I 0.000000 0.000000 0.000000
G 2.193931 2.193931 -2.193931
L 4.387862 0.000000 -4.387862
R 6.581793 2.193931 -6.581793
G 4.387862 4.387862 -8.775724
L 2.193931 6.581793 -6.581793
G 0.000000 4.387862 -4.387862
R -2.193931 6.581793 -2.193931
K 0.000000 8.775724 -0.000000
I 2.193931 6.581793 2.193931
A 4.387862 4.387862 -0.000000
L 6.581793 6.581793 -2.193931
I 8.775724 4.387862 -4.387862
H 10.969655 6.581793 -6.581793
K 8.775724 8.775724 -8.775724
K 6.581793 10.969655 -6.581793
Y 4.387862 8.775724 -4.387862
G 2.193931 10.969655 -2.193931


-79.996642	01021010230102101	00100001100010000111001000010
18

I 0.000000 0.000000 0.000000
G 2.193931 2.193931 -2.193931
L 4.387862 0.000000 -4.387862
R 6.581793 2.193931 -6.581793
G 8.775724 4.387862 -4.387862
L 6.581793 6.581793 -2.193931
G 4.387862 4.387862 -0.000000
R 2.193931 6.581793 2.193931
K 0.000000 8.775724 -0.000000
I -2.193931 6.581793 -2.193931
A 0.000000 4.387862 -4.387862
L 2.193931 6.581793 -6.581793
I 4.387862 4.387862 -8.775724
H 6.581793 6.581793 -10.969655
K 8.775724 8.775724 -8.775724
K 6.581793 10.969655 -6.581793
Y 4.387862 8.775724 -4.387862
G 2.193931 10.969655 -2.193931


-79.936731	13103130132101301	10111000111011001011011000101
18

I 0.000000 0.000000 0.000000
G 2.193931 2.193931 -2.193931
L 4.387862 0.000000 -4.387862
R 6.581793 -2.193931 -2.193931
G 4.387862 -4.387862 0.000000
L 2.193931 -2.193931 2.193931
G 0.000000 -4.387862 4.387862
R -2.193931 -6.581793 2.193931
K -4.387862 -4.387862 0.000000
I -2.193931 -2.193931 -2.193931
A 0.000000 -4.387862 -4.387862
L 2.193931 -6.581793 -2.193931
I 0.000000 -8.775724 0.000000
H 2.193931 -10.969655 2.193931
K 4.387862 -13.163586 0.000000
K 6.581793 -10.969655 -2.193931
Y 4.387862 -8.775724 -4.387862
G 6.581793 -6.581793 -6.581793


-79.936731	12102130132101301	10011000011011001011011000101
18

I 0.000000 0.000000 0.000000
G 2.193931 2.193931 -2.193931
L 4.387862 0.000000 -4.387862
R 6.581793 -2.193931 -2.193931
G 4.387862 -4.387862 0.000000
L 2.193931 -2.193931 2.193931
G 0.000000 -4.387862 4.387862
R -2.193931 -6.581793 2.193931
K -4.387862 -4.387862 0.000000
I -2.193931 -2.193931 -2.193931
A 0.000000 -4.387862 -4.387862
L 2.193931 -6.581793 -2.193931
I 0.000000 -8.775724 0.000000
H -2.193931 -10.969655 -2.193931
K 0.000000 -13.163586 -4.387862
K 2.193931 -10.969655 -6.581793
Y 4.387862 -8.775724 -4.387862
G 6.581793 -6.581793 -6.581793


-79.813309	20310303102101301	01001110001100111000011000101
18

I 0.000000 0.000000 0.000000
G 2.193931 2.193931 -2.193931
L 4.387862 0.000000 -4.387862
R 6.581793 -2.193931 -2.193931
G 4.387862 -4.387862 0.000000
L 2.193931 -2.193931 2.193931
G 0.000000 -4.387862 4.387862
R -2.193931 -6.581793 2.193931
K 0.000000 -8.775724 0.000000
I 2.193931 -6.581793 -2.193931
A 0.000000 -4.387862 -4.387862
L -2.193931 -2.193931 -2.193931
I -4.387862 -0.000000 -4.387862
H -6.581793 2.193931 -2.193931
K -8.775724 -0.000000 0.000000
K -6.581793 -2.193931 2.193931
Y -4.387862 -4.387862 0.000000
G -6.581793 -6.581793 -2.193931


-79.813309	02312303102101301	00011110011100111000011000101
18

I 0.000000 0.000000 0.000000
G 2.193931 2.193931 -2.193931
L 4.387862 0.000000 -4.387862
R 6.581793 -2.193931 -2.193931
G 4.387862 -4.387862 0.000000
L 2.193931 -2.193931 2.193931
G 0.000000 -4.387862 4.387862
R -2.193931 -6.581793 2.193931
K 0.000000 -8.775724 0.000000
I 2.193931 -6.581793 -2.193931
A 0.000000 -4.387862 -4.387862
L -2.193931 -2.193931 -2.193931
I -4.387862 -0.000000 -4.387862
H -6.581793 -2.193931 -6.581793
K -8.775724 -4.387862 -4.387862
K -6.581793 -6.581793 -2.193931
Y -4.387862 -4.387862 -0.000000
G -6.581793 -2.193931 2.193931


-79.662651	20120301031021301	01001001001100100011100001101
18

I 0.000000 0.000000 0.000000
G 2.193931 2.193931 -2.193931
L 4.387862 0.000000 -4.387862
R 6.581793 -2.193931 -2.193931
G 4.387862 -4.387862 0.000000
L 2.193931 -6.581793 -2.193931
G 4.387862 -8.775724 -4.387862
R 6.581793 -6.581793 -6.581793
K 4.387862 -4.387862 -8.775724
I 2.193931 -2.193931 -6.581793
A 0.000000 -4.387862 -4.387862
L -2.193931 -2.193931 -2.193931
I -4.387862 -0.000000 -4.387862
H -6.581793 2.193931 -2.193931
K -4.387862 4.387862 -0.000000
K -2.193931 6.581793 -2.193931
Y 0.000000 4.387862 -4.387862
G -2.193931 2.193931 -6.581793


-79.645790	10120103201202301	10001001001000110100100100011
18

I 0.000000 0.000000 0.000000
G 2.193931 2.193931 -2.193931
L 4.387862 0.000000 -4.387862
R 6.581793 -2.193931 -2.193931
G 8.775724 0.000000 0.000000
L 6.581793 2.193931 2.193931
G 8.775724 4.387862 4.387862
R 10.969655 6.581793 2.193931
K 13.163586 4.387862 0.000000
I 10.969655 2.193931 -2.193931
A 8.775724 4.387862 -4.387862
L 6.581793 6.581793 -2.193931
I 4.387862 4.387862 0.000000
H 2.193931 6.581793 2.193931
K 4.387862 8.775724 4.387862
K 6.581793 10.969655 2.193931
Y 8.775724 8.775724 0.000000
G 10.969655 10.969655 -2.193931


-79.645790	20230201302303101	01000111000100101100011100110
18

I 0.000000 0.000000 0.000000
G 2.193931 2.193931 -2.193931
L 4.387862 0.000000 -4.387862
R 6.581793 2.193931 -6.581793
G 4.387862 4.387862 -8.775724
L 2.193931 6.581793 -6.581793
G 0.000000 8.775724 -8.775724
R -2.193931 6.581793 -10.969655
K 0.000000 4.387862 -13.163586
I 2.193931 2.193931 -10.969655
A 0.000000 0.000000 -8.775724
L -2.193931 2.193931 -6.581793
I 0.000000 4.387862 -4.387862
H -2.193931 6.581793 -2.193931
K -4.387862 8.775724 -4.387862
K -6.581793 6.581793 -6.581793
Y -4.387862 4.387862 -8.775724
G -6.581793 2.193931 -10.969655


-79.645790	30320301203202101	11001101001100100100110100010
18

I 0.000000 0.000000 0.000000
G 2.193931 2.193931 -2.193931
L 4.387862 0.000000 -4.387862
R 6.581793 2.193931 -6.581793
G 8.775724 4.387862 -4.387862
L 6.581793 6.581793 -2.193931
G 8.775724 8.775724 -0.000000
R 10.969655 6.581793 2.193931
K 13.163586 4.387862 -0.000000
I 10.969655 2.193931 -2.193931
A 8.775724 0.000000 -0.000000
L 6.581793 2.193931 2.193931
I 4.387862 4.387862 -0.000000
H 2.193931 6.581793 2.193931
K 4.387862 8.775724 4.387862
K 6.581793 6.581793 6.581793
Y 8.775724 4.387862 4.387862
G 10.969655 2.193931 6.581793


-79.636777	01321313013123101	00101101101110110010111001110
18

I 0.000000 0.000000 0.000000
G 2.193931 2.193931 -2.193931
L 4.387862 0.000000 -4.387862
R 6.581793 2.193931 -6.581793
G 4.387862 4.387862 -8.775724
L 2.193931 2.193931 -10.969655
G 0.000000 0.000000 -8.775724
R 2.193931 -2.193931 -6.581793
K 0.000000 -4.387862 -4.387862
I -2.193931 -2.193931 -2.193931
A -4.387862 0.000000 -4.387862
L -2.193931 2.193931 -6.581793
I -4.387862 4.387862 -8.775724
H -2.193931 6.581793 -10.969655
K 0.000000 8.775724 -8.775724
K 2.193931 6.581793 -6.581793
Y 0.000000 4.387862 -4.387862
G -2.193931 6.581793 -2.193931


-79.636777	01231212012132101	00100111100110010010011011010
18

I 0.000000 0.000000 0.000000
G 2.193931 2.193931 -2.193931
L 4.387862 0.000000 -4.387862
R 6.581793 2.193931 -6.581793
G 8.775724 4.387862 -4.387862
L 10.969655 2.193931 -2.193931
G 8.775724 0.000000 -0.000000
R 6.581793 -2.193931 -2.193931
K 4.387862 -4.387862 -0.000000
I 2.193931 -2.193931 2.193931
A 4.387862 0.000000 4.387862
L 6.581793 2.193931 2.193931
I 8.775724 4.387862 4.387862
H 10.969655 6.581793 2.193931
K 8.775724 8.775724 -0.000000
K 6.581793 6.581793 -2.193931
Y 4.387862 4.387862 -0.000000
G 2.193931 6.581793 2.193931


-79.613519	23120103102101301	01111001001000111000011000101
18

I 0.000000 0.000000 0.000000
G 2.193931 2.193931 -2.193931
L 4.387862 0.000000 -4.387862
R 6.581793 -2.193931 -2.193931
G 4.387862 -4.387862 0.000000
L 2.193931 -2.193931 2.193931
G 0.000000 -4.387862 4.387862
R -2.193931 -6.581793 2.193931
K 0.000000 -8.775724 0.000000
I 2.193931 -6.581793 -2.193931
A 0.000000 -4.387862 -4.387862
L -2.193931 -2.193931 -2.193931
I -4.387862 -4.387862 0.000000
H -6.581793 -2.193931 2.193931
K -4.387862 -0.000000 4.387862
K -2.193931 2.193931 2.193931
Y -4.387862 4.387862 0.000000
G -6.581793 2.193931 -2.193931


-79.597975	21231312012132101	01100111101110010010011011010
18

I 0.000000 0.000000 0.000000
G 2.193931 2.193931 -2.193931
L 4.387862 0.000000 -4.387862
R 6.581793 2.193931 -6.581793
G 8.775724 4.387862 -4.387862
L 10.969655 2.193931 -2.193931
G 8.775724 0.000000 -0.000000
R 6.581793 -2.193931 -2.193931
K 4.387862 -4.387862 -0.000000
I 2.193931 -2.193931 2.193931
A 4.387862 0.000000 4.387862
L 6.581793 2.193931 2.193931
I 4.387862 4.387862 -0.000000
H 6.581793 6.581793 -2.193931
K 4.387862 8.775724 -4.387862
K 2.193931 6.581793 -6.581793
Y 0.000000 4.387862 -4.387862
G -2.193931 2.193931 -6.581793


-79.597975	31321213013123101	11101101100110110010111001110
18

I 0.000000 0.000000 0.000000
G 2.193931 2.193931 -2.193931
L 4.387862 0.000000 -4.387862
R 6.581793 2.193931 -6.581793
G 4.387862 4.387862 -8.775724
L 2.193931 2.193931 -10.969655
G 0.000000 0.000000 -8.775724
R 2.193931 -2.193931 -6.581793
K 0.000000 -4.387862 -4.387862
I -2.193931 -2.193931 -2.193931
A -4.387862 0.000000 -4.387862
L -2.193931 2.193931 -6.581793
I 0.000000 4.387862 -4.387862
H 2.193931 6.581793 -6.581793
K 4.387862 8.775724 -4.387862
K 6.581793 6.581793 -2.193931
Y 4.387862 4.387862 -0.000000
G 6.581793 2.193931 2.193931


-79.597975	01321213013123101	00101101100110110010111001110
18

I 0.000000 0.000000 0.000000
G 2.193931 2.193931 -2.193931
L 4.387862 0.000000 -4.387862
R 6.581793 2.193931 -6.581793
G 4.387862 4.387862 -8.775724
L 2.193931 2.193931 -10.969655
G 0.000000 0.000000 -8.775724
R 2.193931 -2.193931 -6.581793
K 0.000000 -4.387862 -4.387862
I -2.193931 -2.193931 -2.193931
A -4.387862 0.000000 -4.387862
L -2.193931 2.193931 -6.581793
I 0.000000 4.387862 -4.387862
H 2.193931 6.581793 -6.581793
K 4.387862 8.775724 -4.387862
K 6.581793 6.581793 -2.193931
Y 4.387862 4.387862 -0.000000
G 2.193931 6.581793 2.193931


-79.597975	01231312012132101	00100111101110010010011011010
18

I 0.000000 0.000000 0.000000
G 2.193931 2.193931 -2.193931
L 4.387862 0.000000 -4.387862
R 6.581793 2.193931 -6.581793
G 8.775724 4.387862 -4.387862
L 10.969655 2.193931 -2.193931
G 8.775724 0.000000 -0.000000
R 6.581793 -2.193931 -2.193931
K 4.387862 -4.387862 -0.000000
I 2.193931 -2.193931 2.193931
A 4.387862 0.000000 4.387862
L 6.581793 2.193931 2.193931
I 4.387862 4.387862 -0.000000
H 6.581793 6.581793 -2.193931
K 4.387862 8.775724 -4.387862
K 2.193931 6.581793 -6.581793
Y 0.000000 4.387862 -4.387862
G -2.193931 6.581793 -2.193931


-79.569478	01031013123101301	00100011100010111001111000101
18

I 0.000000 0.000000 0.000000
G 2.193931 2.193931 -2.193931
L 4.387862 0.000000 -4.387862
R 6.581793 -2.193931 -2.193931
G 4.387862 -4.387862 0.000000
L 2.193931 -2.193931 2.193931
G 0.000000 -4.387862 4.387862
R 2.193931 -6.581793 6.581793
K 4.387862 -4.387862 8.775724
I 6.581793 -2.193931 6.581793
A 4.387862 -0.000000 4.387862
L 6.581793 2.193931 2.193931
I 8.775724 -0.000000 0.000000
H 10.969655 2.193931 -2.193931
K 8.775724 4.387862 -4.387862
K 6.581793 6.581793 -2.193931
Y 4.387862 4.387862 0.000000
G 2.193931 6.581793 2.193931


-79.520426	31301310120101301	11101100101110001001001000101
18

I 0.000000 0.000000 0.000000
G 2.193931 2.193931 -2.193931
L 4.387862 0.000000 -4.387862
R 6.581793 -2.193931 -2.193931
G 4.387862 -4.387862 0.000000
L 2.193931 -2.193931 2.193931
G 0.000000 -4.387862 4.387862
R -2.193931 -2.193931 6.581793
K 0.000000 0.000000 8.775724
I 2.193931 2.193931 6.581793
A 4.387862 0.000000 4.387862
L 6.581793 2.193931 2.193931
I 4.387862 4.387862 0.000000
H 6.581793 6.581793 -2.193931
K 8.775724 4.387862 -4.387862
K 10.969655 2.193931 -2.193931
Y 8.775724 0.000000 0.000000
G 10.969655 -2.193931 2.193931


-79.509251	31201301031021301	11100100101100100011100001101
18

I 0.000000 0.000000 0.000000
G 2.193931 2.193931 -2.193931
L 4.387862 0.000000 -4.387862
R 6.581793 -2.193931 -2.193931
G 4.387862 -4.387862 0.000000
L 2.193931 -6.581793 -2.193931
G 4.387862 -8.775724 -4.387862
R 6.581793 -6.581793 -6.581793
K 4.387862 -4.387862 -8.775724
I 2.193931 -2.193931 -6.581793
A 0.000000 -4.387862 -4.387862
L -2.193931 -2.193931 -2.193931
I -4.387862 -0.000000 -4.387862
H -2.193931 2.193931 -6.581793
K 0.000000 -0.000000 -8.775724
K -2.193931 -2.193931 -10.969655
Y -4.387862 -4.387862 -8.775724
G -2.193931 -6.581793 -6.581793


-79.457106	01031012310103101	00100011100010011110001000110
18

I 0.000000 0.000000 0.000000
G 2.193931 2.193931 -2.193931
L 4.387862 0.000000 -4.387862
R 6.581793 2.193931 -6.581793
G 4.387862 4.387862 -8.775724
L 2.193931 6.581793 -6.581793
G 0.000000 4.387862 -4.387862
R -2.193931 6.581793 -2.193931
K -4.387862 4.387862 -0.000000
I -2.193931 2.193931 2.193931
A 0.000000 4.387862 4.387862
L 2.193931 6.581793 2.193931
I 4.387862 4.387862 -0.000000
H 6.581793 6.581793 -2.193931
K 4.387862 8.775724 -4.387862
K 2.193931 10.969655 -2.193931
Y 0.000000 8.775724 -0.000000
G -2.193931 10.969655 2.193931


-79.457106	01021013210102101	00100001100010110110001000010
18

I 0.000000 0.000000 0.000000
G 2.193931 2.193931 -2.193931
L 4.387862 0.000000 -4.387862
R 6.581793 2.193931 -6.581793
G 8.775724 4.387862 -4.387862
L 6.581793 6.581793 -2.193931
G 4.387862 4.387862 -0.000000
R 2.193931 6.581793 2.193931
K 0.000000 4.387862 4.387862
I -2.193931 2.193931 2.193931
A -4.387862 4.387862 -0.000000
L -2.193931 6.581793 -2.193931
I 0.000000 4.387862 -4.387862
H 2.193931 6.581793 -6.581793
K 4.387862 8.775724 -4.387862
K 2.193931 10.969655 -2.193931
Y 0.000000 8.775724 -0.000000
G -2.193931 10.969655 2.193931


-79.123332	21210310120101301	01100110001110001001001000101
18

I 0.000000 0.000000 0.000000
G 2.193931 2.193931 -2.193931
L 4.387862 0.000000 -4.387862
R 6.581793 -2.193931 -2.193931
G 4.387862 -4.387862 0.000000
L 2.193931 -2.193931 2.193931
G 0.000000 -4.387862 4.387862
R -2.193931 -2.193931 6.581793
K 0.000000 0.000000 8.775724
I 2.193931 2.193931 6.581793
A 4.387862 0.000000 4.387862
L 6.581793 2.193931 2.193931
I 4.387862 4.387862 0.000000
H 2.193931 6.581793 2.193931
K 0.000000 4.387862 4.387862
K -2.193931 2.193931 2.193931
Y -4.387862 0.000000 4.387862
G -6.581793 -2.193931 2.193931


-79.123332	01210310120101301	00100110001110001001001000101
18

I 0.000000 0.000000 0.000000
G 2.193931 2.193931 -2.193931
L 4.387862 0.000000 -4.387862
R 6.581793 -2.193931 -2.193931
G 4.387862 -4.387862 0.000000
L 2.193931 -2.193931 2.193931
G 0.000000 -4.387862 4.387862
R -2.193931 -2.193931 6.581793
K 0.000000 0.000000 8.775724
I 2.193931 2.193931 6.581793
A 4.387862 0.000000 4.387862
L 6.581793 2.193931 2.193931
I 4.387862 4.387862 0.000000
H 2.193931 6.581793 2.193931
K 0.000000 4.387862 4.387862
K -2.193931 2.193931 2.193931
Y -4.387862 0.000000 4.387862
G -6.581793 2.193931 6.581793


-79.094609	21021310130121301	01100001101110001011001001101
18

I 0.000000 0.000000 0.000000
G 2.193931 2.193931 -2.193931
L 4.387862 0.000000 -4.387862
R 6.581793 -2.193931 -2.193931
G 4.387862 -4.387862 0.000000
L 2.193931 -6.581793 -2.193931
G 0.000000 -8.775724 0.000000
R -2.193931 -6.581793 2.193931
K -4.387862 -4.387862 0.000000
I -2.193931 -2.193931 -2.193931
A 0.000000 -4.387862 -4.387862
L 2.193931 -2.193931 -6.581793
I 0.000000 -0.000000 -8.775724
H 2.193931 2.193931 -10.969655
K 4.387862 4.387862 -8.775724
K 2.193931 6.581793 -6.581793
Y 0.000000 4.387862 -4.387862
G -2.193931 2.193931 -6.581793


-79.088274	03021210213102101	00110001100110000110111000010
18

I 0.000000 0.000000 0.000000
G 2.193931 2.193931 -2.193931
L 4.387862 0.000000 -4.387862
R 6.581793 2.193931 -6.581793
G 8.775724 4.387862 -4.387862
L 6.581793 6.581793 -2.193931
G 4.387862 4.387862 -0.000000
R 6.581793 2.193931 2.193931
K 4.387862 0.000000 4.387862
I 2.193931 -2.193931 2.193931
A 4.387862 -4.387862 -0.000000
L 6.581793 -2.193931 -2.193931
I 8.775724 0.000000 -0.000000
H 10.969655 2.193931 -2.193931
K 13.163586 4.387862 -0.000000
K 10.969655 6.581793 2.193931
Y 8.775724 8.775724 -0.000000
G 6.581793 10.969655 2.193931


-79.088274	02031310312103101	00010011101110001110011000110
18

I 0.000000 0.000000 0.000000
G 2.193931 2.193931 -2.193931
L 4.387862 0.000000 -4.387862
R 6.581793 2.193931 -6.581793
G 4.387862 4.387862 -8.775724
L 2.193931 6.581793 -6.581793
G 0.000000 4.387862 -4.387862
R -2.193931 2.193931 -6.581793
K -4.387862 0.000000 -4.387862
I -2.193931 -2.193931 -2.193931
A 0.000000 -4.387862 -4.387862
L 2.193931 -2.193931 -6.581793
I 0.000000 0.000000 -8.775724
H 2.193931 2.193931 -10.969655
K 0.000000 4.387862 -13.163586
K -2.193931 6.581793 -10.969655
Y 0.000000 8.775724 -8.775724
G -2.193931 10.969655 -6.581793


-79.088274	13021210213102101	10110001100110000110111000010
18

I 0.000000 0.000000 0.000000
G 2.193931 2.193931 -2.193931
L 4.387862 0.000000 -4.387862
R 6.581793 2.193931 -6.581793
G 8.775724 4.387862 -4.387862
L 6.581793 6.581793 -2.193931
G 4.387862 4.387862 -0.000000
R 6.581793 2.193931 2.193931
K 4.387862 0.000000 4.387862
I 2.193931 -2.193931 2.193931
A 4.387862 -4.387862 -0.000000
L 6.581793 -2.193931 -2.193931
I 8.775724 0.000000 -0.000000
H 10.969655 2.193931 -2.193931
K 13.163586 4.387862 -0.000000
K 10.969655 6.581793 2.193931
Y 8.775724 8.775724 -0.000000
G 10.969655 10.969655 -2.193931


-79.088274	12031310312103101	10010011101110001110011000110
18

I 0.000000 0.000000 0.000000
G 2.193931 2.193931 -2.193931
L 4.387862 0.000000 -4.387862
R 6.581793 2.193931 -6.581793
G 4.387862 4.387862 -8.775724
L 2.193931 6.581793 -6.581793
G 0.000000 4.387862 -4.387862
R -2.193931 2.193931 -6.581793
K -4.387862 0.000000 -4.387862
I -2.193931 -2.193931 -2.193931
A 0.000000 -4.387862 -4.387862
L 2.193931 -2.193931 -6.581793
I 0.000000 0.000000 -8.775724
H 2.193931 2.193931 -10.969655
K 0.000000 4.387862 -13.163586
K -2.193931 6.581793 -10.969655
Y 0.000000 8.775724 -8.775724
G 2.193931 10.969655 -10.969655


-79.074734	01301032130101301	00101100100011011011001000101
18

I 0.000000 0.000000 0.000000
G 2.193931 2.193931 -2.193931
L 4.387862 0.000000 -4.387862
R 6.581793 -2.193931 -2.193931
G 4.387862 -4.387862 0.000000
L 2.193931 -2.193931 2.193931
G 0.000000 -4.387862 4.387862
R -2.193931 -2.193931 6.581793
K -4.387862 0.000000 4.387862
I -2.193931 2.193931 2.193931
A 0.000000 4.387862 4.387862
L 2.193931 2.193931 6.581793
I 4.387862 0.000000 4.387862
H 6.581793 2.193931 2.193931
K 8.775724 0.000000 0.000000
K 10.969655 -2.193931 2.193931
Y 8.775724 -4.387862 4.387862
G 6.581793 -2.193931 6.581793


-78.987310	32130103102101301	11011011001000111000011000101
18

I 0.000000 0.000000 0.000000
G 2.193931 2.193931 -2.193931
L 4.387862 0.000000 -4.387862
R 6.581793 -2.193931 -2.193931
G 4.387862 -4.387862 0.000000
L 2.193931 -2.193931 2.193931
G 0.000000 -4.387862 4.387862
R -2.193931 -6.581793 2.193931
K 0.000000 -8.775724 0.000000
I 2.193931 -6.581793 -2.193931
A 0.000000 -4.387862 -4.387862
L -2.193931 -2.193931 -2.193931
I -4.387862 -4.387862 0.000000
H -6.581793 -2.193931 2.193931
K -8.775724 -0.000000 0.000000
K -6.581793 2.193931 -2.193931
Y -4.387862 4.387862 0.000000
G -2.193931 2.193931 2.193931


-78.981051	20310321320312301	01001110001101101101001110011
18

I 0.000000 0.000000 0.000000
G 2.193931 2.193931 -2.193931
L 4.387862 0.000000 -4.387862
R 6.581793 -2.193931 -2.193931
G 8.775724 0.000000 0.000000
L 10.969655 2.193931 -2.193931
G 8.775724 4.387862 -4.387862
R 6.581793 6.581793 -2.193931
K 8.775724 8.775724 0.000000
I 10.969655 6.581793 2.193931
A 8.775724 4.387862 4.387862
L 6.581793 2.193931 2.193931
I 4.387862 4.387862 0.000000
H 2.193931 6.581793 2.193931
K 0.000000 4.387862 4.387862
K 2.193931 2.193931 6.581793
Y 4.387862 0.000000 4.387862
G 2.193931 -2.193931 2.193931


-78.945846	12312013130121301	10011110010010111011001001101
18

I 0.000000 0.000000 0.000000
G 2.193931 2.193931 -2.193931
L 4.387862 0.000000 -4.387862
R 6.581793 -2.193931 -2.193931
G 4.387862 -4.387862 0.000000
L 2.193931 -6.581793 -2.193931
G 0.000000 -8.775724 0.000000
R -2.193931 -6.581793 2.193931
K -4.387862 -4.387862 0.000000
I -2.193931 -2.193931 -2.193931
A -4.387862 -0.000000 -4.387862
L -2.193931 2.193931 -6.581793
I 0.000000 -0.000000 -8.775724
H -2.193931 -2.193931 -10.969655
K -4.387862 -4.387862 -8.775724
K -2.193931 -6.581793 -6.581793
Y 0.000000 -4.387862 -4.387862
G 2.193931 -2.193931 -6.581793


-78.883450	32102130132101301	11011000011011001011011000101
18

I 0.000000 0.000000 0.000000
G 2.193931 2.193931 -2.193931
L 4.387862 0.000000 -4.387862
R 6.581793 -2.193931 -2.193931
G 4.387862 -4.387862 0.000000
L 2.193931 -2.193931 2.193931
G 0.000000 -4.387862 4.387862
R -2.193931 -6.581793 2.193931
K -4.387862 -4.387862 0.000000
I -2.193931 -2.193931 -2.193931
A 0.000000 -4.387862 -4.387862
L 2.193931 -6.581793 -2.193931
I 0.000000 -8.775724 0.000000
H -2.193931 -10.969655 -2.193931
K 0.000000 -13.163586 -4.387862
K 2.193931 -10.969655 -6.581793
Y 4.387862 -8.775724 -4.387862
G 6.581793 -10.969655 -2.193931


-78.883450	23103130132101301	01111000111011001011011000101
18

I 0.000000 0.000000 0.000000
G 2.193931 2.193931 -2.193931
L 4.387862 0.000000 -4.387862
R 6.581793 -2.193931 -2.193931
G 4.387862 -4.387862 0.000000
L 2.193931 -2.193931 2.193931
G 0.000000 -4.387862 4.387862
R -2.193931 -6.581793 2.193931
K -4.387862 -4.387862 0.000000
I -2.193931 -2.193931 -2.193931
A 0.000000 -4.387862 -4.387862
L 2.193931 -6.581793 -2.193931
I 0.000000 -8.775724 0.000000
H 2.193931 -10.969655 2.193931
K 4.387862 -13.163586 0.000000
K 6.581793 -10.969655 -2.193931
Y 4.387862 -8.775724 -4.387862
G 2.193931 -10.969655 -6.581793


-78.823559	03213010130121301	00110110110010001011001001101
18

I 0.000000 0.000000 0.000000
G 2.193931 2.193931 -2.193931
L 4.387862 0.000000 -4.387862
R 6.581793 -2.193931 -2.193931
G 4.387862 -4.387862 0.000000
L 2.193931 -6.581793 -2.193931
G 0.000000 -8.775724 0.000000
R -2.193931 -6.581793 2.193931
K -4.387862 -4.387862 0.000000
I -2.193931 -2.193931 -2.193931
A 0.000000 -4.387862 -4.387862
L 2.193931 -2.193931 -6.581793
I 4.387862 -4.387862 -8.775724
H 6.581793 -6.581793 -6.581793
K 4.387862 -8.775724 -4.387862
K 2.193931 -10.969655 -6.581793
Y 0.000000 -8.775724 -8.775724
G -2.193931 -6.581793 -6.581793


