-41.190000	0101202013120201212012301	001000100100010010111001000100100110010010011
26

Y 0.000000 0.000000 0.000000
Y 2.193931 2.193931 -2.193931
H 4.387862 0.000000 -4.387862
F 6.581793 -2.193931 -2.193931
W 8.775724 0.000000 0.000000
H 10.969655 2.193931 -2.193931
R 13.163586 0.000000 -4.387862
G 10.969655 -2.193931 -6.581793
V 8.775724 -4.387862 -4.387862
T 6.581793 -6.581793 -6.581793
K 4.387862 -8.775724 -4.387862
R 2.193931 -6.581793 -2.193931
S 4.387862 -4.387862 -0.000000
L 2.193931 -2.193931 2.193931
S 4.387862 -0.000000 4.387862
P 6.581793 2.193931 2.193931
H 4.387862 4.387862 -0.000000
R 6.581793 6.581793 -2.193931
P 8.775724 4.387862 -4.387862
R 6.581793 2.193931 -6.581793
H 8.775724 -0.000000 -8.775724
S 6.581793 -2.193931 -10.969655
R 4.387862 -4.387862 -8.775724
L 2.193931 -2.193931 -6.581793
Q 0.000000 -4.387862 -4.387862
R -2.193931 -2.193931 -2.193931


-40.580000	3121010212103013032131301	111001100010000110011000110010110011011011101
26

Y 0.000000 0.000000 0.000000
Y 2.193931 2.193931 -2.193931
H 4.387862 0.000000 -4.387862
F 6.581793 -2.193931 -2.193931
W 4.387862 -4.387862 0.000000
H 6.581793 -6.581793 2.193931
R 4.387862 -8.775724 4.387862
G 2.193931 -10.969655 2.193931
V 0.000000 -8.775724 0.000000
T -2.193931 -6.581793 2.193931
K -4.387862 -4.387862 0.000000
R -2.193931 -2.193931 -2.193931
S 0.000000 -4.387862 -4.387862
L 2.193931 -6.581793 -2.193931
S 4.387862 -8.775724 -4.387862
P 6.581793 -6.581793 -6.581793
H 8.775724 -4.387862 -4.387862
R 10.969655 -2.193931 -6.581793
P 13.163586 -0.000000 -4.387862
R 10.969655 2.193931 -2.193931
H 8.775724 -0.000000 -0.000000
S 6.581793 2.193931 2.193931
R 4.387862 -0.000000 4.387862
L 2.193931 -2.193931 2.193931
Q 0.000000 -4.387862 4.387862
R 2.193931 -6.581793 6.581793


-40.580000	3121030232103013032131301	111001100011000111011000110010110011011011101
26

Y 0.000000 0.000000 0.000000
Y 2.193931 2.193931 -2.193931
H 4.387862 0.000000 -4.387862
F 6.581793 -2.193931 -2.193931
W 4.387862 -4.387862 0.000000
H 6.581793 -6.581793 2.193931
R 4.387862 -8.775724 4.387862
G 2.193931 -10.969655 2.193931
V 0.000000 -8.775724 0.000000
T -2.193931 -6.581793 2.193931
K -4.387862 -4.387862 0.000000
R -2.193931 -2.193931 -2.193931
S 0.000000 -4.387862 -4.387862
L 2.193931 -6.581793 -2.193931
S 4.387862 -8.775724 -4.387862
P 6.581793 -6.581793 -6.581793
H 8.775724 -4.387862 -4.387862
R 10.969655 -6.581793 -2.193931
P 13.163586 -4.387862 -0.000000
R 10.969655 -2.193931 2.193931
H 8.775724 -0.000000 -0.000000
S 6.581793 2.193931 2.193931
R 4.387862 -0.000000 4.387862
L 2.193931 -2.193931 2.193931
Q 0.000000 -4.387862 4.387862
R 2.193931 -6.581793 6.581793


-40.160000	2323020230213023030232301	011101110001000111000110110001110011000111011
26

Y 0.000000 0.000000 0.000000
Y 2.193931 2.193931 -2.193931
H 4.387862 0.000000 -4.387862
F 6.581793 -2.193931 -2.193931
W 8.775724 0.000000 0.000000
H 10.969655 -2.193931 2.193931
R 13.163586 0.000000 4.387862
G 10.969655 2.193931 6.581793
V 8.775724 4.387862 4.387862
T 6.581793 6.581793 6.581793
K 4.387862 8.775724 4.387862
R 2.193931 6.581793 2.193931
S 4.387862 4.387862 0.000000
L 6.581793 2.193931 2.193931
S 4.387862 0.000000 4.387862
P 2.193931 -2.193931 2.193931
H 4.387862 -4.387862 0.000000
R 6.581793 -6.581793 2.193931
P 8.775724 -4.387862 4.387862
R 6.581793 -2.193931 6.581793
H 8.775724 0.000000 8.775724
S 6.581793 2.193931 10.969655
R 4.387862 4.387862 8.775724
L 2.193931 2.193931 6.581793
Q 0.000000 4.387862 4.387862
R -2.193931 2.193931 2.193931


-40.130000	1010212103121201232132301	100010000110011000111001100100100111011011011
26

Y 0.000000 0.000000 0.000000
Y 2.193931 2.193931 -2.193931
H 4.387862 0.000000 -4.387862
F 6.581793 -2.193931 -2.193931
W 8.775724 0.000000 0.000000
H 10.969655 -2.193931 2.193931
R 8.775724 -4.387862 4.387862
G 6.581793 -6.581793 2.193931
V 4.387862 -4.387862 0.000000
T 2.193931 -6.581793 -2.193931
K 0.000000 -8.775724 0.000000
R -2.193931 -6.581793 2.193931
S 0.000000 -4.387862 4.387862
L 2.193931 -2.193931 2.193931
S 4.387862 -0.000000 4.387862
P 6.581793 2.193931 2.193931
H 4.387862 4.387862 0.000000
R 2.193931 6.581793 2.193931
P 0.000000 4.387862 4.387862
R -2.193931 2.193931 2.193931
H -4.387862 -0.000000 4.387862
S -6.581793 -2.193931 2.193931
R -4.387862 -4.387862 0.000000
L -2.193931 -2.193931 -2.193931
Q 0.000000 -4.387862 -4.387862
R 2.193931 -2.193931 -6.581793


-39.810000	0101312023120310303102101	001000101110010001111001001110001100111000010
26

Y 0.000000 0.000000 0.000000
Y 2.193931 2.193931 -2.193931
H 4.387862 0.000000 -4.387862
F 6.581793 2.193931 -6.581793
W 8.775724 4.387862 -4.387862
H 6.581793 6.581793 -2.193931
R 4.387862 4.387862 -0.000000
G 6.581793 2.193931 2.193931
V 8.775724 0.000000 -0.000000
T 10.969655 -2.193931 2.193931
K 13.163586 -4.387862 -0.000000
R 15.357517 -2.193931 -2.193931
S 13.163586 0.000000 -4.387862
L 10.969655 2.193931 -2.193931
S 13.163586 4.387862 -0.000000
P 15.357517 6.581793 -2.193931
H 13.163586 8.775724 -4.387862
R 10.969655 6.581793 -6.581793
P 13.163586 4.387862 -8.775724
R 10.969655 2.193931 -10.969655
H 8.775724 0.000000 -8.775724
S 10.969655 -2.193931 -6.581793
R 8.775724 -4.387862 -4.387862
L 6.581793 -2.193931 -2.193931
Q 4.387862 -4.387862 -0.000000
R 2.193931 -2.193931 2.193931


-39.810000	0101213032130210202103101	001000100110110011011011000110000100011000110
26

Y 0.000000 0.000000 0.000000
Y 2.193931 2.193931 -2.193931
H 4.387862 0.000000 -4.387862
F 6.581793 2.193931 -6.581793
W 4.387862 4.387862 -8.775724
H 2.193931 6.581793 -6.581793
R 0.000000 4.387862 -4.387862
G -2.193931 2.193931 -6.581793
V 0.000000 0.000000 -8.775724
T -2.193931 -2.193931 -10.969655
K 0.000000 -4.387862 -13.163586
R 2.193931 -2.193931 -15.357517
S 4.387862 0.000000 -13.163586
L 2.193931 2.193931 -10.969655
S 0.000000 4.387862 -13.163586
P 2.193931 6.581793 -15.357517
H 4.387862 8.775724 -13.163586
R 6.581793 6.581793 -10.969655
P 8.775724 4.387862 -13.163586
R 10.969655 2.193931 -10.969655
H 8.775724 0.000000 -8.775724
S 6.581793 -2.193931 -10.969655
R 4.387862 -4.387862 -8.775724
L 2.193931 -2.193931 -6.581793
Q 0.000000 -4.387862 -4.387862
R -2.193931 -2.193931 -2.193931


-39.510000	0210302131020213212012301	000110001100011011100001000110110110010010011
26

Y 0.000000 0.000000 0.000000
Y 2.193931 2.193931 -2.193931
H 4.387862 0.000000 -4.387862
F 6.581793 -2.193931 -2.193931
W 8.775724 0.000000 0.000000
H 10.969655 2.193931 -2.193931
R 13.163586 0.000000 -4.387862
G 10.969655 -2.193931 -6.581793
V 8.775724 -4.387862 -4.387862
T 6.581793 -6.581793 -6.581793
K 4.387862 -4.387862 -8.775724
R 6.581793 -2.193931 -10.969655
S 8.775724 -0.000000 -8.775724
L 6.581793 2.193931 -6.581793
S 8.775724 4.387862 -4.387862
P 6.581793 6.581793 -2.193931
H 4.387862 4.387862 -0.000000
R 6.581793 2.193931 2.193931
P 4.387862 -0.000000 4.387862
R 2.193931 -2.193931 2.193931
H 4.387862 -4.387862 -0.000000
S 6.581793 -6.581793 2.193931
R 8.775724 -8.775724 -0.000000
L 10.969655 -6.581793 -2.193931
Q 13.163586 -4.387862 -0.000000
R 10.969655 -2.193931 2.193931


-39.080000	0313013123102312303101301	001110110010111001111000011110011100111000101
26

Y 0.000000 0.000000 0.000000
Y 2.193931 2.193931 -2.193931
H 4.387862 0.000000 -4.387862
F 6.581793 -2.193931 -2.193931
W 4.387862 -4.387862 0.000000
H 2.193931 -2.193931 2.193931
R 0.000000 -4.387862 4.387862
G 2.193931 -6.581793 6.581793
V 4.387862 -8.775724 4.387862
T 6.581793 -10.969655 6.581793
K 8.775724 -8.775724 8.775724
R 10.969655 -6.581793 6.581793
S 8.775724 -4.387862 4.387862
L 6.581793 -6.581793 2.193931
S 8.775724 -8.775724 0.000000
P 10.969655 -6.581793 -2.193931
H 8.775724 -4.387862 -4.387862
R 6.581793 -6.581793 -6.581793
P 4.387862 -8.775724 -4.387862
R 6.581793 -10.969655 -2.193931
H 4.387862 -13.163586 0.000000
S 2.193931 -10.969655 2.193931
R 0.000000 -8.775724 0.000000
L 2.193931 -6.581793 -2.193931
Q 0.000000 -4.387862 -4.387862
R -2.193931 -2.193931 -2.193931


-39.040000	3212302131020313213012301	110110011100011011100001001110110110110010011
26

Y 0.000000 0.000000 0.000000
Y 2.193931 2.193931 -2.193931
H 4.387862 0.000000 -4.387862
F 6.581793 -2.193931 -2.193931
W 8.775724 0.000000 0.000000
H 10.969655 2.193931 -2.193931
R 13.163586 0.000000 -4.387862
G 15.357517 -2.193931 -2.193931
V 13.163586 -4.387862 0.000000
T 10.969655 -6.581793 -2.193931
K 8.775724 -4.387862 -4.387862
R 10.969655 -2.193931 -6.581793
S 8.775724 -0.000000 -8.775724
L 6.581793 2.193931 -6.581793
S 8.775724 4.387862 -4.387862
P 6.581793 6.581793 -2.193931
H 4.387862 4.387862 -0.000000
R 6.581793 2.193931 2.193931
P 4.387862 -0.000000 4.387862
R 2.193931 -2.193931 2.193931
H 4.387862 -4.387862 -0.000000
S 6.581793 -6.581793 2.193931
R 8.775724 -4.387862 4.387862
L 10.969655 -2.193931 2.193931
Q 13.163586 -0.000000 4.387862
R 15.357517 -2.193931 6.581793


-39.040000	1212302131020313213012301	100110011100011011100001001110110110110010011
26

Y 0.000000 0.000000 0.000000
Y 2.193931 2.193931 -2.193931
H 4.387862 0.000000 -4.387862
F 6.581793 -2.193931 -2.193931
W 8.775724 0.000000 0.000000
H 10.969655 2.193931 -2.193931
R 13.163586 0.000000 -4.387862
G 15.357517 -2.193931 -2.193931
V 13.163586 -4.387862 0.000000
T 10.969655 -6.581793 -2.193931
K 8.775724 -4.387862 -4.387862
R 10.969655 -2.193931 -6.581793
S 8.775724 -0.000000 -8.775724
L 6.581793 2.193931 -6.581793
S 8.775724 4.387862 -4.387862
P 6.581793 6.581793 -2.193931
H 4.387862 4.387862 -0.000000
R 6.581793 2.193931 2.193931
P 4.387862 -0.000000 4.387862
R 2.193931 -2.193931 2.193931
H 4.387862 -4.387862 -0.000000
S 6.581793 -6.581793 2.193931
R 8.775724 -4.387862 4.387862
L 10.969655 -2.193931 2.193931
Q 13.163586 -0.000000 4.387862
R 15.357517 2.193931 2.193931


-39.040000	0212302131020313213012301	000110011100011011100001001110110110110010011
26

Y 0.000000 0.000000 0.000000
Y 2.193931 2.193931 -2.193931
H 4.387862 0.000000 -4.387862
F 6.581793 -2.193931 -2.193931
W 8.775724 0.000000 0.000000
H 10.969655 2.193931 -2.193931
R 13.163586 0.000000 -4.387862
G 15.357517 -2.193931 -2.193931
V 13.163586 -4.387862 0.000000
T 10.969655 -6.581793 -2.193931
K 8.775724 -4.387862 -4.387862
R 10.969655 -2.193931 -6.581793
S 8.775724 -0.000000 -8.775724
L 6.581793 2.193931 -6.581793
S 8.775724 4.387862 -4.387862
P 6.581793 6.581793 -2.193931
H 4.387862 4.387862 -0.000000
R 6.581793 2.193931 2.193931
P 4.387862 -0.000000 4.387862
R 2.193931 -2.193931 2.193931
H 4.387862 -4.387862 -0.000000
S 6.581793 -6.581793 2.193931
R 8.775724 -4.387862 4.387862
L 10.969655 -2.193931 2.193931
Q 13.163586 -0.000000 4.387862
R 10.969655 2.193931 6.581793


-39.030000	0121030232103013032131301	001001100011000111011000110010110011011011101
26

Y 0.000000 0.000000 0.000000
Y 2.193931 2.193931 -2.193931
H 4.387862 0.000000 -4.387862
F 6.581793 -2.193931 -2.193931
W 4.387862 -4.387862 0.000000
H 6.581793 -6.581793 2.193931
R 4.387862 -8.775724 4.387862
G 2.193931 -10.969655 2.193931
V 0.000000 -8.775724 0.000000
T -2.193931 -6.581793 2.193931
K -4.387862 -4.387862 0.000000
R -2.193931 -2.193931 -2.193931
S 0.000000 -4.387862 -4.387862
L 2.193931 -6.581793 -2.193931
S 4.387862 -8.775724 -4.387862
P 6.581793 -6.581793 -6.581793
H 8.775724 -4.387862 -4.387862
R 10.969655 -6.581793 -2.193931
P 13.163586 -4.387862 -0.000000
R 10.969655 -2.193931 2.193931
H 8.775724 -0.000000 -0.000000
S 6.581793 2.193931 2.193931
R 4.387862 -0.000000 4.387862
L 2.193931 -2.193931 2.193931
Q 0.000000 -4.387862 4.387862
R -2.193931 -2.193931 6.581793


-39.030000	0121010212103013032131301	001001100010000110011000110010110011011011101
26

Y 0.000000 0.000000 0.000000
Y 2.193931 2.193931 -2.193931
H 4.387862 0.000000 -4.387862
F 6.581793 -2.193931 -2.193931
W 4.387862 -4.387862 0.000000
H 6.581793 -6.581793 2.193931
R 4.387862 -8.775724 4.387862
G 2.193931 -10.969655 2.193931
V 0.000000 -8.775724 0.000000
T -2.193931 -6.581793 2.193931
K -4.387862 -4.387862 0.000000
R -2.193931 -2.193931 -2.193931
S 0.000000 -4.387862 -4.387862
L 2.193931 -6.581793 -2.193931
S 4.387862 -8.775724 -4.387862
P 6.581793 -6.581793 -6.581793
H 8.775724 -4.387862 -4.387862
R 10.969655 -2.193931 -6.581793
P 13.163586 -0.000000 -4.387862
R 10.969655 2.193931 -2.193931
H 8.775724 -0.000000 -0.000000
S 6.581793 2.193931 2.193931
R 4.387862 -0.000000 4.387862
L 2.193931 -2.193931 2.193931
Q 0.000000 -4.387862 4.387862
R -2.193931 -2.193931 6.581793


-39.020000	0310202131020320130230301	001110000100011011100001001101001011000111001
26

Y 0.000000 0.000000 0.000000
Y 2.193931 2.193931 -2.193931
H 4.387862 0.000000 -4.387862
F 6.581793 -2.193931 -2.193931
W 8.775724 -4.387862 -4.387862
H 10.969655 -6.581793 -2.193931
R 13.163586 -4.387862 0.000000
G 10.969655 -2.193931 2.193931
V 8.775724 -0.000000 0.000000
T 10.969655 2.193931 -2.193931
K 13.163586 -0.000000 -4.387862
R 10.969655 -2.193931 -6.581793
S 8.775724 -0.000000 -8.775724
L 6.581793 2.193931 -6.581793
S 8.775724 4.387862 -4.387862
P 6.581793 6.581793 -2.193931
H 4.387862 4.387862 -0.000000
R 6.581793 2.193931 2.193931
P 4.387862 -0.000000 4.387862
R 2.193931 -2.193931 2.193931
H 4.387862 -4.387862 -0.000000
S 2.193931 -6.581793 -2.193931
R 4.387862 -8.775724 -4.387862
L 6.581793 -6.581793 -6.581793
Q 4.387862 -4.387862 -8.775724
R 2.193931 -2.193931 -6.581793


-38.970000	2121010213102012023121301	011001100010000110111000010010010001111001101
26

Y 0.000000 0.000000 0.000000
Y 2.193931 2.193931 -2.193931
H 4.387862 0.000000 -4.387862
F 6.581793 -2.193931 -2.193931
W 4.387862 -4.387862 0.000000
H 2.193931 -6.581793 -2.193931
R 0.000000 -8.775724 0.000000
G 2.193931 -10.969655 2.193931
V 4.387862 -8.775724 4.387862
T 2.193931 -6.581793 6.581793
K 4.387862 -4.387862 8.775724
R 6.581793 -2.193931 6.581793
S 8.775724 -4.387862 4.387862
L 6.581793 -6.581793 2.193931
S 8.775724 -8.775724 0.000000
P 10.969655 -6.581793 -2.193931
H 8.775724 -4.387862 -4.387862
R 10.969655 -2.193931 -6.581793
P 13.163586 -0.000000 -4.387862
R 10.969655 2.193931 -2.193931
H 8.775724 -0.000000 0.000000
S 6.581793 2.193931 2.193931
R 4.387862 -0.000000 4.387862
L 2.193931 -2.193931 2.193931
Q 0.000000 -4.387862 4.387862
R -2.193931 -6.581793 2.193931


-38.970000	0301313020131301013012301	001100101110110001001011101100100010110010011
26

Y 0.000000 0.000000 0.000000
Y 2.193931 2.193931 -2.193931
H 4.387862 0.000000 -4.387862
F 6.581793 -2.193931 -2.193931
W 8.775724 0.000000 0.000000
H 10.969655 2.193931 -2.193931
R 13.163586 0.000000 -4.387862
G 15.357517 -2.193931 -2.193931
V 13.163586 -4.387862 0.000000
T 10.969655 -2.193931 2.193931
K 8.775724 -4.387862 4.387862
R 6.581793 -2.193931 6.581793
S 4.387862 0.000000 4.387862
L 6.581793 2.193931 2.193931
S 4.387862 4.387862 0.000000
P 6.581793 6.581793 -2.193931
H 8.775724 4.387862 -4.387862
R 6.581793 2.193931 -6.581793
P 8.775724 0.000000 -8.775724
R 10.969655 -2.193931 -6.581793
H 8.775724 -4.387862 -4.387862
S 10.969655 -6.581793 -2.193931
R 8.775724 -8.775724 0.000000
L 6.581793 -6.581793 2.193931
Q 4.387862 -4.387862 0.000000
R 2.193931 -2.193931 2.193931


-38.940000	1031202303121201232132301	100011100100011100111001100100100111011011011
26

Y 0.000000 0.000000 0.000000
Y 2.193931 2.193931 -2.193931
H 4.387862 0.000000 -4.387862
F 6.581793 -2.193931 -2.193931
W 8.775724 0.000000 0.000000
H 10.969655 -2.193931 2.193931
R 8.775724 -4.387862 4.387862
G 6.581793 -6.581793 2.193931
V 4.387862 -4.387862 0.000000
T 2.193931 -6.581793 -2.193931
K 0.000000 -8.775724 0.000000
R -2.193931 -6.581793 2.193931
S 0.000000 -4.387862 4.387862
L 2.193931 -2.193931 2.193931
S 4.387862 -0.000000 4.387862
P 6.581793 2.193931 2.193931
H 4.387862 4.387862 0.000000
R 2.193931 6.581793 2.193931
P 0.000000 8.775724 0.000000
R -2.193931 6.581793 -2.193931
H 0.000000 4.387862 -4.387862
S -2.193931 2.193931 -6.581793
R -4.387862 -0.000000 -4.387862
L -2.193931 -2.193931 -2.193931
Q 0.000000 -4.387862 -4.387862
R 2.193931 -2.193931 -6.581793


-38.940000	1031212313121201232132301	100011100110011110111001100100100111011011011
26

Y 0.000000 0.000000 0.000000
Y 2.193931 2.193931 -2.193931
H 4.387862 0.000000 -4.387862
F 6.581793 -2.193931 -2.193931
W 8.775724 0.000000 0.000000
H 10.969655 -2.193931 2.193931
R 8.775724 -4.387862 4.387862
G 6.581793 -6.581793 2.193931
V 4.387862 -4.387862 0.000000
T 2.193931 -6.581793 -2.193931
K 0.000000 -8.775724 0.000000
R -2.193931 -6.581793 2.193931
S 0.000000 -4.387862 4.387862
L 2.193931 -2.193931 2.193931
S 4.387862 -0.000000 4.387862
P 6.581793 2.193931 2.193931
H 4.387862 4.387862 0.000000
R 6.581793 6.581793 -2.193931
P 4.387862 8.775724 -4.387862
R 2.193931 6.581793 -6.581793
H 0.000000 4.387862 -4.387862
S -2.193931 2.193931 -6.581793
R -4.387862 -0.000000 -4.387862
L -2.193931 -2.193931 -2.193931
Q 0.000000 -4.387862 -4.387862
R 2.193931 -2.193931 -6.581793


-38.940000	0103232030121301023021301	001000110111010011001001101100100001110001101
26

Y 0.000000 0.000000 0.000000
Y 2.193931 2.193931 -2.193931
H 4.387862 0.000000 -4.387862
F 6.581793 -2.193931 -2.193931
W 4.387862 -4.387862 0.000000
H 2.193931 -6.581793 -2.193931
R 4.387862 -8.775724 -4.387862
G 6.581793 -10.969655 -2.193931
V 8.775724 -8.775724 0.000000
T 6.581793 -6.581793 2.193931
K 4.387862 -8.775724 4.387862
R 2.193931 -6.581793 6.581793
S 0.000000 -4.387862 4.387862
L 2.193931 -2.193931 2.193931
S 4.387862 -0.000000 4.387862
P 6.581793 2.193931 2.193931
H 8.775724 -0.000000 0.000000
R 10.969655 -2.193931 2.193931
P 13.163586 -4.387862 0.000000
R 10.969655 -6.581793 -2.193931
H 8.775724 -4.387862 -4.387862
S 6.581793 -6.581793 -6.581793
R 4.387862 -4.387862 -8.775724
L 2.193931 -2.193931 -6.581793
Q 0.000000 -4.387862 -4.387862
R -2.193931 -2.193931 -2.193931


-38.920000	3123210130123103131231301	111001110110001011001001111000111011100111101
26

Y 0.000000 0.000000 0.000000
Y 2.193931 2.193931 -2.193931
H 4.387862 0.000000 -4.387862
F 6.581793 -2.193931 -2.193931
W 4.387862 -4.387862 0.000000
H 6.581793 -6.581793 2.193931
R 8.775724 -4.387862 4.387862
G 10.969655 -2.193931 2.193931
V 8.775724 -0.000000 0.000000
T 10.969655 2.193931 -2.193931
K 8.775724 4.387862 -4.387862
R 6.581793 6.581793 -2.193931
S 4.387862 4.387862 0.000000
L 6.581793 2.193931 2.193931
S 8.775724 4.387862 4.387862
P 10.969655 6.581793 2.193931
H 13.163586 4.387862 0.000000
R 15.357517 2.193931 2.193931
P 13.163586 -0.000000 4.387862
R 10.969655 2.193931 6.581793
H 8.775724 -0.000000 8.775724
S 6.581793 -2.193931 6.581793
R 4.387862 -0.000000 4.387862
L 2.193931 -2.193931 2.193931
Q 0.000000 -4.387862 4.387862
R 2.193931 -6.581793 6.581793


-38.920000	0123210130123103131231301	001001110110001011001001111000111011100111101
26

Y 0.000000 0.000000 0.000000
Y 2.193931 2.193931 -2.193931
H 4.387862 0.000000 -4.387862
F 6.581793 -2.193931 -2.193931
W 4.387862 -4.387862 0.000000
H 6.581793 -6.581793 2.193931
R 8.775724 -4.387862 4.387862
G 10.969655 -2.193931 2.193931
V 8.775724 -0.000000 0.000000
T 10.969655 2.193931 -2.193931
K 8.775724 4.387862 -4.387862
R 6.581793 6.581793 -2.193931
S 4.387862 4.387862 0.000000
L 6.581793 2.193931 2.193931
S 8.775724 4.387862 4.387862
P 10.969655 6.581793 2.193931
H 13.163586 4.387862 0.000000
R 15.357517 2.193931 2.193931
P 13.163586 -0.000000 4.387862
R 10.969655 2.193931 6.581793
H 8.775724 -0.000000 8.775724
S 6.581793 -2.193931 6.581793
R 4.387862 -0.000000 4.387862
L 2.193931 -2.193931 2.193931
Q 0.000000 -4.387862 4.387862
R -2.193931 -2.193931 6.581793


-38.920000	2123210130123103131231301	011001110110001011001001111000111011100111101
26

Y 0.000000 0.000000 0.000000
Y 2.193931 2.193931 -2.193931
H 4.387862 0.000000 -4.387862
F 6.581793 -2.193931 -2.193931
W 4.387862 -4.387862 0.000000
H 6.581793 -6.581793 2.193931
R 8.775724 -4.387862 4.387862
G 10.969655 -2.193931 2.193931
V 8.775724 -0.000000 0.000000
T 10.969655 2.193931 -2.193931
K 8.775724 4.387862 -4.387862
R 6.581793 6.581793 -2.193931
S 4.387862 4.387862 0.000000
L 6.581793 2.193931 2.193931
S 8.775724 4.387862 4.387862
P 10.969655 6.581793 2.193931
H 13.163586 4.387862 0.000000
R 15.357517 2.193931 2.193931
P 13.163586 -0.000000 4.387862
R 10.969655 2.193931 6.581793
H 8.775724 -0.000000 8.775724
S 6.581793 -2.193931 6.581793
R 4.387862 -0.000000 4.387862
L 2.193931 -2.193931 2.193931
Q 0.000000 -4.387862 4.387862
R -2.193931 -6.581793 2.193931


-38.860000	3121030212303013032131301	111001100011000110011100110010110011011011101
26

Y 0.000000 0.000000 0.000000
Y 2.193931 2.193931 -2.193931
H 4.387862 0.000000 -4.387862
F 6.581793 -2.193931 -2.193931
W 4.387862 -4.387862 0.000000
H 6.581793 -6.581793 2.193931
R 4.387862 -8.775724 4.387862
G 2.193931 -10.969655 2.193931
V 0.000000 -8.775724 0.000000
T -2.193931 -6.581793 2.193931
K -4.387862 -4.387862 0.000000
R -2.193931 -2.193931 -2.193931
S 0.000000 -4.387862 -4.387862
L 2.193931 -6.581793 -2.193931
S 4.387862 -8.775724 -4.387862
P 6.581793 -10.969655 -2.193931
H 8.775724 -8.775724 0.000000
R 10.969655 -6.581793 -2.193931
P 13.163586 -4.387862 0.000000
R 10.969655 -2.193931 2.193931
H 8.775724 -0.000000 0.000000
S 6.581793 2.193931 2.193931
R 4.387862 -0.000000 4.387862
L 2.193931 -2.193931 2.193931
Q 0.000000 -4.387862 4.387862
R 2.193931 -6.581793 6.581793


-38.860000	3123010232103013032131301	111001110010000111011000110010110011011011101
26

Y 0.000000 0.000000 0.000000
Y 2.193931 2.193931 -2.193931
H 4.387862 0.000000 -4.387862
F 6.581793 -2.193931 -2.193931
W 4.387862 -4.387862 0.000000
H 6.581793 -6.581793 2.193931
R 4.387862 -8.775724 4.387862
G 2.193931 -10.969655 2.193931
V 0.000000 -8.775724 0.000000
T -2.193931 -6.581793 2.193931
K -4.387862 -4.387862 0.000000
R -2.193931 -2.193931 -2.193931
S 0.000000 -4.387862 -4.387862
L 2.193931 -6.581793 -2.193931
S 4.387862 -8.775724 -4.387862
P 6.581793 -6.581793 -6.581793
H 8.775724 -4.387862 -4.387862
R 10.969655 -6.581793 -2.193931
P 13.163586 -4.387862 -0.000000
R 10.969655 -2.193931 2.193931
H 8.775724 -4.387862 4.387862
S 6.581793 -2.193931 6.581793
R 4.387862 -0.000000 4.387862
L 2.193931 -2.193931 2.193931
Q 0.000000 -4.387862 4.387862
R 2.193931 -6.581793 6.581793


-38.850000	0313213103121201232132301	001110110110111000111001100100100111011011011
26

Y 0.000000 0.000000 0.000000
Y 2.193931 2.193931 -2.193931
H 4.387862 0.000000 -4.387862
F 6.581793 -2.193931 -2.193931
W 8.775724 0.000000 0.000000
H 10.969655 -2.193931 2.193931
R 8.775724 -4.387862 4.387862
G 6.581793 -6.581793 2.193931
V 4.387862 -4.387862 0.000000
T 2.193931 -6.581793 -2.193931
K 0.000000 -8.775724 0.000000
R -2.193931 -6.581793 2.193931
S 0.000000 -4.387862 4.387862
L 2.193931 -2.193931 2.193931
S 4.387862 -0.000000 4.387862
P 6.581793 2.193931 2.193931
H 4.387862 4.387862 0.000000
R 2.193931 6.581793 2.193931
P 0.000000 4.387862 4.387862
R 2.193931 2.193931 6.581793
H 0.000000 -0.000000 8.775724
S -2.193931 -2.193931 6.581793
R -4.387862 -0.000000 4.387862
L -2.193931 2.193931 2.193931
Q -4.387862 4.387862 0.000000
R -6.581793 6.581793 2.193931


-38.850000	1313213103121201232132301	101110110110111000111001100100100111011011011
26

Y 0.000000 0.000000 0.000000
Y 2.193931 2.193931 -2.193931
H 4.387862 0.000000 -4.387862
F 6.581793 -2.193931 -2.193931
W 8.775724 0.000000 0.000000
H 10.969655 -2.193931 2.193931
R 8.775724 -4.387862 4.387862
G 6.581793 -6.581793 2.193931
V 4.387862 -4.387862 0.000000
T 2.193931 -6.581793 -2.193931
K 0.000000 -8.775724 0.000000
R -2.193931 -6.581793 2.193931
S 0.000000 -4.387862 4.387862
L 2.193931 -2.193931 2.193931
S 4.387862 -0.000000 4.387862
P 6.581793 2.193931 2.193931
H 4.387862 4.387862 0.000000
R 2.193931 6.581793 2.193931
P 0.000000 4.387862 4.387862
R 2.193931 2.193931 6.581793
H 0.000000 -0.000000 8.775724
S -2.193931 -2.193931 6.581793
R -4.387862 -0.000000 4.387862
L -2.193931 2.193931 2.193931
Q -4.387862 4.387862 0.000000
R -2.193931 6.581793 -2.193931


-38.850000	2313213103121201232132301	011110110110111000111001100100100111011011011
26

Y 0.000000 0.000000 0.000000
Y 2.193931 2.193931 -2.193931
H 4.387862 0.000000 -4.387862
F 6.581793 -2.193931 -2.193931
W 8.775724 0.000000 0.000000
H 10.969655 -2.193931 2.193931
R 8.775724 -4.387862 4.387862
G 6.581793 -6.581793 2.193931
V 4.387862 -4.387862 0.000000
T 2.193931 -6.581793 -2.193931
K 0.000000 -8.775724 0.000000
R -2.193931 -6.581793 2.193931
S 0.000000 -4.387862 4.387862
L 2.193931 -2.193931 2.193931
S 4.387862 -0.000000 4.387862
P 6.581793 2.193931 2.193931
H 4.387862 4.387862 0.000000
R 2.193931 6.581793 2.193931
P 0.000000 4.387862 4.387862
R 2.193931 2.193931 6.581793
H 0.000000 -0.000000 8.775724
S -2.193931 -2.193931 6.581793
R -4.387862 -0.000000 4.387862
L -2.193931 2.193931 2.193931
Q -4.387862 4.387862 0.000000
R -6.581793 2.193931 -2.193931


-38.850000	0313103023010130301302301	001110111000110001110010001011001100101100011
26

Y 0.000000 0.000000 0.000000
Y 2.193931 2.193931 -2.193931
H 4.387862 0.000000 -4.387862
F 6.581793 -2.193931 -2.193931
W 8.775724 0.000000 0.000000
H 6.581793 2.193931 2.193931
R 4.387862 4.387862 0.000000
G 6.581793 6.581793 -2.193931
V 8.775724 4.387862 -4.387862
T 10.969655 2.193931 -2.193931
K 13.163586 0.000000 -4.387862
R 15.357517 -2.193931 -2.193931
S 13.163586 -4.387862 0.000000
L 10.969655 -2.193931 2.193931
S 8.775724 -4.387862 4.387862
P 6.581793 -2.193931 6.581793
H 4.387862 0.000000 4.387862
R 2.193931 -2.193931 2.193931
P 4.387862 -4.387862 0.000000
R 6.581793 -6.581793 2.193931
H 8.775724 -8.775724 0.000000
S 10.969655 -6.581793 -2.193931
R 8.775724 -4.387862 -4.387862
L 10.969655 -2.193931 -6.581793
Q 8.775724 0.000000 -8.775724
R 6.581793 2.193931 -6.581793


-38.830000	3020120230212032010312301	110001001001000111000110010011010010001110011
26

Y 0.000000 0.000000 0.000000
Y 2.193931 2.193931 -2.193931
H 4.387862 0.000000 -4.387862
F 6.581793 -2.193931 -2.193931
W 8.775724 0.000000 0.000000
H 10.969655 2.193931 -2.193931
R 8.775724 4.387862 -4.387862
G 6.581793 6.581793 -2.193931
V 4.387862 4.387862 0.000000
T 2.193931 6.581793 2.193931
K 4.387862 8.775724 4.387862
R 6.581793 6.581793 6.581793
S 8.775724 4.387862 4.387862
L 6.581793 2.193931 2.193931
S 4.387862 0.000000 4.387862
P 2.193931 -2.193931 2.193931
H 4.387862 -4.387862 0.000000
R 6.581793 -6.581793 2.193931
P 8.775724 -4.387862 4.387862
R 6.581793 -2.193931 6.581793
H 8.775724 0.000000 8.775724
S 10.969655 2.193931 6.581793
R 13.163586 0.000000 4.387862
L 10.969655 -2.193931 2.193931
Q 13.163586 -4.387862 0.000000
R 15.357517 -6.581793 2.193931


-38.830000	1020120230212032010312301	100001001001000111000110010011010010001110011
26

Y 0.000000 0.000000 0.000000
Y 2.193931 2.193931 -2.193931
H 4.387862 0.000000 -4.387862
F 6.581793 -2.193931 -2.193931
W 8.775724 0.000000 0.000000
H 10.969655 2.193931 -2.193931
R 8.775724 4.387862 -4.387862
G 6.581793 6.581793 -2.193931
V 4.387862 4.387862 0.000000
T 2.193931 6.581793 2.193931
K 4.387862 8.775724 4.387862
R 6.581793 6.581793 6.581793
S 8.775724 4.387862 4.387862
L 6.581793 2.193931 2.193931
S 4.387862 0.000000 4.387862
P 2.193931 -2.193931 2.193931
H 4.387862 -4.387862 0.000000
R 6.581793 -6.581793 2.193931
P 8.775724 -4.387862 4.387862
R 6.581793 -2.193931 6.581793
H 8.775724 0.000000 8.775724
S 10.969655 2.193931 6.581793
R 13.163586 0.000000 4.387862
L 10.969655 -2.193931 2.193931
Q 13.163586 -4.387862 0.000000
R 15.357517 -2.193931 -2.193931


-38.830000	2012302131020213212012301	010010011100011011100001000110110110010010011
26

Y 0.000000 0.000000 0.000000
Y 2.193931 2.193931 -2.193931
H 4.387862 0.000000 -4.387862
F 6.581793 -2.193931 -2.193931
W 8.775724 0.000000 0.000000
H 10.969655 2.193931 -2.193931
R 13.163586 0.000000 -4.387862
G 10.969655 -2.193931 -6.581793
V 8.775724 -4.387862 -4.387862
T 6.581793 -6.581793 -6.581793
K 4.387862 -4.387862 -8.775724
R 6.581793 -2.193931 -10.969655
S 8.775724 -0.000000 -8.775724
L 6.581793 2.193931 -6.581793
S 8.775724 4.387862 -4.387862
P 6.581793 6.581793 -2.193931
H 4.387862 4.387862 -0.000000
R 6.581793 2.193931 2.193931
P 4.387862 -0.000000 4.387862
R 2.193931 -2.193931 2.193931
H 4.387862 -4.387862 -0.000000
S 6.581793 -6.581793 2.193931
R 8.775724 -4.387862 4.387862
L 10.969655 -2.193931 2.193931
Q 13.163586 -4.387862 -0.000000
R 10.969655 -6.581793 -2.193931


-38.830000	2020120230212032010312301	010001001001000111000110010011010010001110011
26

Y 0.000000 0.000000 0.000000
Y 2.193931 2.193931 -2.193931
H 4.387862 0.000000 -4.387862
F 6.581793 -2.193931 -2.193931
W 8.775724 0.000000 0.000000
H 10.969655 2.193931 -2.193931
R 8.775724 4.387862 -4.387862
G 6.581793 6.581793 -2.193931
V 4.387862 4.387862 0.000000
T 2.193931 6.581793 2.193931
K 4.387862 8.775724 4.387862
R 6.581793 6.581793 6.581793
S 8.775724 4.387862 4.387862
L 6.581793 2.193931 2.193931
S 4.387862 0.000000 4.387862
P 2.193931 -2.193931 2.193931
H 4.387862 -4.387862 0.000000
R 6.581793 -6.581793 2.193931
P 8.775724 -4.387862 4.387862
R 6.581793 -2.193931 6.581793
H 8.775724 0.000000 8.775724
S 10.969655 2.193931 6.581793
R 13.163586 0.000000 4.387862
L 10.969655 -2.193931 2.193931
Q 13.163586 -4.387862 0.000000
R 10.969655 -6.581793 -2.193931


-38.820000	3030130320213103130230301	110011001011001101000110111000111011000111001
26

Y 0.000000 0.000000 0.000000
Y 2.193931 2.193931 -2.193931
H 4.387862 0.000000 -4.387862
F 6.581793 -2.193931 -2.193931
W 8.775724 -4.387862 -4.387862
H 10.969655 -6.581793 -2.193931
R 13.163586 -4.387862 0.000000
G 10.969655 -2.193931 2.193931
V 8.775724 -0.000000 0.000000
T 10.969655 2.193931 -2.193931
K 8.775724 4.387862 -4.387862
R 6.581793 6.581793 -2.193931
S 4.387862 4.387862 0.000000
L 6.581793 2.193931 2.193931
S 4.387862 -0.000000 4.387862
P 2.193931 -2.193931 2.193931
H 4.387862 -4.387862 0.000000
R 2.193931 -6.581793 -2.193931
P 0.000000 -4.387862 -4.387862
R -2.193931 -2.193931 -2.193931
H -4.387862 -0.000000 -4.387862
S -2.193931 2.193931 -6.581793
R 0.000000 -0.000000 -8.775724
L 2.193931 -2.193931 -6.581793
Q 4.387862 -4.387862 -8.775724
R 6.581793 -6.581793 -6.581793


-38.810000	3212010121203013031231301	110110010010001001100100110010110011100111101
26

Y 0.000000 0.000000 0.000000
Y 2.193931 2.193931 -2.193931
H 4.387862 0.000000 -4.387862
F 6.581793 -2.193931 -2.193931
W 4.387862 -4.387862 0.000000
H 6.581793 -6.581793 2.193931
R 8.775724 -4.387862 4.387862
G 10.969655 -2.193931 2.193931
V 8.775724 -0.000000 0.000000
T 6.581793 2.193931 2.193931
K 4.387862 4.387862 0.000000
R 6.581793 6.581793 -2.193931
S 8.775724 4.387862 -4.387862
L 10.969655 2.193931 -2.193931
S 13.163586 -0.000000 -4.387862
P 10.969655 -2.193931 -6.581793
H 8.775724 -4.387862 -4.387862
R 6.581793 -6.581793 -6.581793
P 4.387862 -8.775724 -4.387862
R 2.193931 -6.581793 -2.193931
H 0.000000 -8.775724 -0.000000
S -2.193931 -6.581793 2.193931
R 0.000000 -4.387862 4.387862
L 2.193931 -2.193931 2.193931
Q 4.387862 -0.000000 4.387862
R 6.581793 -2.193931 6.581793


-38.810000	0130202303121201232132301	001011000100011100111001100100100111011011011
26

Y 0.000000 0.000000 0.000000
Y 2.193931 2.193931 -2.193931
H 4.387862 0.000000 -4.387862
F 6.581793 -2.193931 -2.193931
W 8.775724 0.000000 0.000000
H 10.969655 -2.193931 2.193931
R 8.775724 -4.387862 4.387862
G 6.581793 -6.581793 2.193931
V 4.387862 -4.387862 0.000000
T 2.193931 -6.581793 -2.193931
K 0.000000 -8.775724 0.000000
R -2.193931 -6.581793 2.193931
S 0.000000 -4.387862 4.387862
L 2.193931 -2.193931 2.193931
S 4.387862 -0.000000 4.387862
P 6.581793 2.193931 2.193931
H 4.387862 4.387862 0.000000
R 2.193931 6.581793 2.193931
P 0.000000 8.775724 0.000000
R -2.193931 6.581793 -2.193931
H 0.000000 4.387862 -4.387862
S -2.193931 2.193931 -6.581793
R 0.000000 -0.000000 -8.775724
L 2.193931 -2.193931 -6.581793
Q 0.000000 -4.387862 -4.387862
R -2.193931 -2.193931 -2.193931


-38.810000	0130212313121201232132301	001011000110011110111001100100100111011011011
26

Y 0.000000 0.000000 0.000000
Y 2.193931 2.193931 -2.193931
H 4.387862 0.000000 -4.387862
F 6.581793 -2.193931 -2.193931
W 8.775724 0.000000 0.000000
H 10.969655 -2.193931 2.193931
R 8.775724 -4.387862 4.387862
G 6.581793 -6.581793 2.193931
V 4.387862 -4.387862 0.000000
T 2.193931 -6.581793 -2.193931
K 0.000000 -8.775724 0.000000
R -2.193931 -6.581793 2.193931
S 0.000000 -4.387862 4.387862
L 2.193931 -2.193931 2.193931
S 4.387862 -0.000000 4.387862
P 6.581793 2.193931 2.193931
H 4.387862 4.387862 0.000000
R 6.581793 6.581793 -2.193931
P 4.387862 8.775724 -4.387862
R 2.193931 6.581793 -6.581793
H 0.000000 4.387862 -4.387862
S -2.193931 2.193931 -6.581793
R 0.000000 -0.000000 -8.775724
L 2.193931 -2.193931 -6.581793
Q 0.000000 -4.387862 -4.387862
R -2.193931 -2.193931 -2.193931


-38.790000	2103203131020320130230301	011000110100111011100001001101001011000111001
26

Y 0.000000 0.000000 0.000000
Y 2.193931 2.193931 -2.193931
H 4.387862 0.000000 -4.387862
F 6.581793 -2.193931 -2.193931
W 8.775724 -4.387862 -4.387862
H 10.969655 -6.581793 -2.193931
R 13.163586 -4.387862 0.000000
G 10.969655 -2.193931 2.193931
V 8.775724 -0.000000 0.000000
T 10.969655 2.193931 -2.193931
K 13.163586 -0.000000 -4.387862
R 10.969655 -2.193931 -6.581793
S 8.775724 -0.000000 -8.775724
L 6.581793 2.193931 -6.581793
S 8.775724 4.387862 -4.387862
P 6.581793 6.581793 -2.193931
H 4.387862 4.387862 -0.000000
R 6.581793 2.193931 2.193931
P 4.387862 -0.000000 4.387862
R 6.581793 -2.193931 6.581793
H 8.775724 -4.387862 4.387862
S 6.581793 -6.581793 2.193931
R 4.387862 -4.387862 -0.000000
L 2.193931 -2.193931 2.193931
Q 0.000000 -4.387862 4.387862
R -2.193931 -6.581793 2.193931


-38.790000	3103203131020320130230301	111000110100111011100001001101001011000111001
26

Y 0.000000 0.000000 0.000000
Y 2.193931 2.193931 -2.193931
H 4.387862 0.000000 -4.387862
F 6.581793 -2.193931 -2.193931
W 8.775724 -4.387862 -4.387862
H 10.969655 -6.581793 -2.193931
R 13.163586 -4.387862 0.000000
G 10.969655 -2.193931 2.193931
V 8.775724 -0.000000 0.000000
T 10.969655 2.193931 -2.193931
K 13.163586 -0.000000 -4.387862
R 10.969655 -2.193931 -6.581793
S 8.775724 -0.000000 -8.775724
L 6.581793 2.193931 -6.581793
S 8.775724 4.387862 -4.387862
P 6.581793 6.581793 -2.193931
H 4.387862 4.387862 -0.000000
R 6.581793 2.193931 2.193931
P 4.387862 -0.000000 4.387862
R 6.581793 -2.193931 6.581793
H 8.775724 -4.387862 4.387862
S 6.581793 -6.581793 2.193931
R 4.387862 -4.387862 -0.000000
L 2.193931 -2.193931 2.193931
Q 0.000000 -4.387862 4.387862
R 2.193931 -6.581793 6.581793


-38.790000	0103203131020320130230301	001000110100111011100001001101001011000111001
26

Y 0.000000 0.000000 0.000000
Y 2.193931 2.193931 -2.193931
H 4.387862 0.000000 -4.387862
F 6.581793 -2.193931 -2.193931
W 8.775724 -4.387862 -4.387862
H 10.969655 -6.581793 -2.193931
R 13.163586 -4.387862 0.000000
G 10.969655 -2.193931 2.193931
V 8.775724 -0.000000 0.000000
T 10.969655 2.193931 -2.193931
K 13.163586 -0.000000 -4.387862
R 10.969655 -2.193931 -6.581793
S 8.775724 -0.000000 -8.775724
L 6.581793 2.193931 -6.581793
S 8.775724 4.387862 -4.387862
P 6.581793 6.581793 -2.193931
H 4.387862 4.387862 -0.000000
R 6.581793 2.193931 2.193931
P 4.387862 -0.000000 4.387862
R 6.581793 -2.193931 6.581793
H 8.775724 -4.387862 4.387862
S 6.581793 -6.581793 2.193931
R 4.387862 -4.387862 -0.000000
L 2.193931 -2.193931 2.193931
Q 0.000000 -4.387862 4.387862
R -2.193931 -2.193931 6.581793


-38.780000	0202302013120201232032301	000100011100010010111001000100100111010011011
26

Y 0.000000 0.000000 0.000000
Y 2.193931 2.193931 -2.193931
H 4.387862 0.000000 -4.387862
F 6.581793 -2.193931 -2.193931
W 8.775724 0.000000 0.000000
H 10.969655 -2.193931 2.193931
R 13.163586 -4.387862 0.000000
G 10.969655 -6.581793 -2.193931
V 8.775724 -4.387862 -4.387862
T 6.581793 -6.581793 -6.581793
K 4.387862 -8.775724 -4.387862
R 2.193931 -6.581793 -2.193931
S 4.387862 -4.387862 -0.000000
L 2.193931 -2.193931 2.193931
S 4.387862 -0.000000 4.387862
P 6.581793 2.193931 2.193931
H 4.387862 4.387862 -0.000000
R 6.581793 6.581793 -2.193931
P 8.775724 4.387862 -4.387862
R 6.581793 2.193931 -6.581793
H 8.775724 -0.000000 -8.775724
S 10.969655 -2.193931 -6.581793
R 13.163586 -0.000000 -4.387862
L 10.969655 2.193931 -2.193931
Q 13.163586 4.387862 -0.000000
R 10.969655 6.581793 2.193931


-38.780000	3012302121032012030132301	110010011100011001100011010010010011001011011
26

Y 0.000000 0.000000 0.000000
Y 2.193931 2.193931 -2.193931
H 4.387862 0.000000 -4.387862
F 6.581793 -2.193931 -2.193931
W 8.775724 0.000000 0.000000
H 10.969655 -2.193931 2.193931
R 8.775724 -4.387862 4.387862
G 6.581793 -2.193931 6.581793
V 4.387862 0.000000 4.387862
T 2.193931 2.193931 6.581793
K 4.387862 4.387862 8.775724
R 6.581793 6.581793 6.581793
S 8.775724 4.387862 4.387862
L 6.581793 2.193931 2.193931
S 4.387862 4.387862 0.000000
P 2.193931 6.581793 2.193931
H 0.000000 4.387862 4.387862
R -2.193931 2.193931 2.193931
P -4.387862 0.000000 4.387862
R -6.581793 -2.193931 2.193931
H -4.387862 -4.387862 0.000000
S -2.193931 -6.581793 2.193931
R 0.000000 -4.387862 4.387862
L 2.193931 -2.193931 2.193931
Q 4.387862 -4.387862 0.000000
R 6.581793 -6.581793 2.193931


-38.780000	3202302013120201232032301	110100011100010010111001000100100111010011011
26

Y 0.000000 0.000000 0.000000
Y 2.193931 2.193931 -2.193931
H 4.387862 0.000000 -4.387862
F 6.581793 -2.193931 -2.193931
W 8.775724 0.000000 0.000000
H 10.969655 -2.193931 2.193931
R 13.163586 -4.387862 0.000000
G 10.969655 -6.581793 -2.193931
V 8.775724 -4.387862 -4.387862
T 6.581793 -6.581793 -6.581793
K 4.387862 -8.775724 -4.387862
R 2.193931 -6.581793 -2.193931
S 4.387862 -4.387862 -0.000000
L 2.193931 -2.193931 2.193931
S 4.387862 -0.000000 4.387862
P 6.581793 2.193931 2.193931
H 4.387862 4.387862 -0.000000
R 6.581793 6.581793 -2.193931
P 8.775724 4.387862 -4.387862
R 6.581793 2.193931 -6.581793
H 8.775724 -0.000000 -8.775724
S 10.969655 -2.193931 -6.581793
R 13.163586 -0.000000 -4.387862
L 10.969655 2.193931 -2.193931
Q 13.163586 4.387862 -0.000000
R 15.357517 2.193931 2.193931


-38.780000	1202302013120201232032301	100100011100010010111001000100100111010011011
26

Y 0.000000 0.000000 0.000000
Y 2.193931 2.193931 -2.193931
H 4.387862 0.000000 -4.387862
F 6.581793 -2.193931 -2.193931
W 8.775724 0.000000 0.000000
H 10.969655 -2.193931 2.193931
R 13.163586 -4.387862 0.000000
G 10.969655 -6.581793 -2.193931
V 8.775724 -4.387862 -4.387862
T 6.581793 -6.581793 -6.581793
K 4.387862 -8.775724 -4.387862
R 2.193931 -6.581793 -2.193931
S 4.387862 -4.387862 -0.000000
L 2.193931 -2.193931 2.193931
S 4.387862 -0.000000 4.387862
P 6.581793 2.193931 2.193931
H 4.387862 4.387862 -0.000000
R 6.581793 6.581793 -2.193931
P 8.775724 4.387862 -4.387862
R 6.581793 2.193931 -6.581793
H 8.775724 -0.000000 -8.775724
S 10.969655 -2.193931 -6.581793
R 13.163586 -0.000000 -4.387862
L 10.969655 2.193931 -2.193931
Q 13.163586 4.387862 -0.000000
R 15.357517 6.581793 -2.193931


-38.770000	0103232030121201032031301	001000110111010011001001100100100011010011101
26

Y 0.000000 0.000000 0.000000
Y 2.193931 2.193931 -2.193931
H 4.387862 0.000000 -4.387862
F 6.581793 -2.193931 -2.193931
W 4.387862 -4.387862 0.000000
H 6.581793 -6.581793 2.193931
R 8.775724 -8.775724 0.000000
G 6.581793 -10.969655 -2.193931
V 4.387862 -8.775724 -4.387862
T 2.193931 -6.581793 -2.193931
K 0.000000 -8.775724 0.000000
R -2.193931 -6.581793 2.193931
S 0.000000 -4.387862 4.387862
L 2.193931 -2.193931 2.193931
S 4.387862 -0.000000 4.387862
P 6.581793 2.193931 2.193931
H 8.775724 -0.000000 0.000000
R 10.969655 -2.193931 2.193931
P 13.163586 -4.387862 0.000000
R 10.969655 -6.581793 -2.193931
H 8.775724 -4.387862 -4.387862
S 6.581793 -6.581793 -6.581793
R 4.387862 -4.387862 -8.775724
L 2.193931 -2.193931 -6.581793
Q 0.000000 -4.387862 -4.387862
R -2.193931 -2.193931 -2.193931


-38.750000	3023012031020230201302301	110001110010010011100001000111000100101100011
26

Y 0.000000 0.000000 0.000000
Y 2.193931 2.193931 -2.193931
H 4.387862 0.000000 -4.387862
F 6.581793 -2.193931 -2.193931
W 8.775724 0.000000 0.000000
H 6.581793 2.193931 2.193931
R 4.387862 4.387862 0.000000
G 6.581793 6.581793 -2.193931
V 8.775724 4.387862 -4.387862
T 6.581793 2.193931 -6.581793
K 8.775724 0.000000 -8.775724
R 10.969655 -2.193931 -6.581793
S 13.163586 0.000000 -4.387862
L 10.969655 2.193931 -2.193931
S 13.163586 4.387862 -0.000000
P 10.969655 6.581793 2.193931
H 8.775724 4.387862 4.387862
R 10.969655 2.193931 6.581793
P 13.163586 0.000000 4.387862
R 10.969655 -2.193931 2.193931
H 8.775724 -4.387862 4.387862
S 6.581793 -2.193931 6.581793
R 4.387862 0.000000 4.387862
L 2.193931 -2.193931 2.193931
Q 4.387862 -4.387862 -0.000000
R 6.581793 -6.581793 2.193931


-38.690000	0230121321021201232132301	000111001001101101100001100100100111011011011
26

Y 0.000000 0.000000 0.000000
Y 2.193931 2.193931 -2.193931
H 4.387862 0.000000 -4.387862
F 6.581793 -2.193931 -2.193931
W 8.775724 0.000000 0.000000
H 10.969655 -2.193931 2.193931
R 8.775724 -4.387862 4.387862
G 6.581793 -6.581793 2.193931
V 4.387862 -4.387862 0.000000
T 2.193931 -6.581793 -2.193931
K 0.000000 -8.775724 0.000000
R -2.193931 -6.581793 2.193931
S 0.000000 -4.387862 4.387862
L 2.193931 -2.193931 2.193931
S 4.387862 -0.000000 4.387862
P 2.193931 2.193931 6.581793
H 0.000000 -0.000000 8.775724
R -2.193931 -2.193931 6.581793
P -4.387862 -0.000000 4.387862
R -2.193931 2.193931 2.193931
H 0.000000 4.387862 4.387862
S 2.193931 6.581793 2.193931
R 4.387862 4.387862 0.000000
L 6.581793 2.193931 2.193931
Q 8.775724 4.387862 4.387862
R 6.581793 6.581793 6.581793


-38.690000	3230121321021201232132301	110111001001101101100001100100100111011011011
26

Y 0.000000 0.000000 0.000000
Y 2.193931 2.193931 -2.193931
H 4.387862 0.000000 -4.387862
F 6.581793 -2.193931 -2.193931
W 8.775724 0.000000 0.000000
H 10.969655 -2.193931 2.193931
R 8.775724 -4.387862 4.387862
G 6.581793 -6.581793 2.193931
V 4.387862 -4.387862 0.000000
T 2.193931 -6.581793 -2.193931
K 0.000000 -8.775724 0.000000
R -2.193931 -6.581793 2.193931
S 0.000000 -4.387862 4.387862
L 2.193931 -2.193931 2.193931
S 4.387862 -0.000000 4.387862
P 2.193931 2.193931 6.581793
H 0.000000 -0.000000 8.775724
R -2.193931 -2.193931 6.581793
P -4.387862 -0.000000 4.387862
R -2.193931 2.193931 2.193931
H 0.000000 4.387862 4.387862
S 2.193931 6.581793 2.193931
R 4.387862 4.387862 0.000000
L 6.581793 2.193931 2.193931
Q 8.775724 4.387862 4.387862
R 10.969655 2.193931 6.581793


-38.690000	1230121321021201232132301	100111001001101101100001100100100111011011011
26

Y 0.000000 0.000000 0.000000
Y 2.193931 2.193931 -2.193931
H 4.387862 0.000000 -4.387862
F 6.581793 -2.193931 -2.193931
W 8.775724 0.000000 0.000000
H 10.969655 -2.193931 2.193931
R 8.775724 -4.387862 4.387862
G 6.581793 -6.581793 2.193931
V 4.387862 -4.387862 0.000000
T 2.193931 -6.581793 -2.193931
K 0.000000 -8.775724 0.000000
R -2.193931 -6.581793 2.193931
S 0.000000 -4.387862 4.387862
L 2.193931 -2.193931 2.193931
S 4.387862 -0.000000 4.387862
P 2.193931 2.193931 6.581793
H 0.000000 -0.000000 8.775724
R -2.193931 -2.193931 6.581793
P -4.387862 -0.000000 4.387862
R -2.193931 2.193931 2.193931
H 0.000000 4.387862 4.387862
S 2.193931 6.581793 2.193931
R 4.387862 4.387862 0.000000
L 6.581793 2.193931 2.193931
Q 8.775724 4.387862 4.387862
R 10.969655 6.581793 2.193931


-38.680000	1310302131032102131032301	101110001100011011100011011000011011100011011
26

Y 0.000000 0.000000 0.000000
Y 2.193931 2.193931 -2.193931
H 4.387862 0.000000 -4.387862
F 6.581793 -2.193931 -2.193931
W 8.775724 0.000000 0.000000
H 10.969655 -2.193931 2.193931
R 13.163586 -4.387862 0.000000
G 15.357517 -2.193931 -2.193931
V 13.163586 0.000000 -4.387862
T 15.357517 2.193931 -6.581793
K 17.551448 4.387862 -4.387862
R 15.357517 6.581793 -2.193931
S 13.163586 4.387862 -0.000000
L 10.969655 2.193931 -2.193931
S 8.775724 4.387862 -4.387862
P 6.581793 6.581793 -2.193931
H 4.387862 4.387862 -0.000000
R 6.581793 2.193931 2.193931
P 4.387862 0.000000 4.387862
R 2.193931 -2.193931 2.193931
H 4.387862 -4.387862 -0.000000
S 6.581793 -6.581793 2.193931
R 8.775724 -8.775724 -0.000000
L 10.969655 -6.581793 -2.193931
Q 8.775724 -4.387862 -4.387862
R 10.969655 -2.193931 -6.581793


