-18.910000	48b10
6

S 0.000000 0.000000 0.000000
N 2.687006 2.687006 0.000000
Q 0.000000 5.374012 0.000000
N -2.687006 5.374012 2.687006
N -2.687006 2.687006 0.000000
F 0.000000 2.687006 2.687006


-18.910000	59a10
6

S 0.000000 0.000000 0.000000
N 2.687006 2.687006 0.000000
Q 0.000000 5.374012 0.000000
N -2.687006 5.374012 -2.687006
N -2.687006 2.687006 0.000000
F 0.000000 2.687006 -2.687006


-18.910000	73610
6

S 0.000000 0.000000 0.000000
N 2.687006 2.687006 0.000000
Q 0.000000 5.374012 0.000000
N -2.687006 2.687006 0.000000
N -2.687006 5.374012 -2.687006
F 0.000000 2.687006 -2.687006


-18.910000	72610
6

S 0.000000 0.000000 0.000000
N 2.687006 2.687006 0.000000
Q 0.000000 5.374012 0.000000
N -2.687006 2.687006 0.000000
N -2.687006 5.374012 2.687006
F 0.000000 2.687006 2.687006


-18.880000	26840
6

S 0.000000 0.000000 0.000000
N 2.687006 2.687006 0.000000
Q 5.374012 2.687006 2.687006
N 5.374012 0.000000 0.000000
N 2.687006 -2.687006 0.000000
F 2.687006 0.000000 2.687006


-18.880000	7ab40
6

S 0.000000 0.000000 0.000000
N 2.687006 2.687006 0.000000
Q 5.374012 2.687006 2.687006
N 2.687006 2.687006 5.374012
N 0.000000 2.687006 2.687006
F 2.687006 0.000000 2.687006


-18.820000	908a0
6

S 0.000000 0.000000 0.000000
N 2.687006 2.687006 0.000000
Q 0.000000 2.687006 -2.687006
N 0.000000 0.000000 -5.374012
N 2.687006 2.687006 -5.374012
F 2.687006 0.000000 -2.687006


-18.820000	465a0
6

S 0.000000 0.000000 0.000000
N 2.687006 2.687006 0.000000
Q 0.000000 2.687006 -2.687006
N 2.687006 2.687006 -5.374012
N 0.000000 0.000000 -5.374012
F 2.687006 0.000000 -2.687006


-18.790000	645a0
6

S 0.000000 0.000000 0.000000
N 2.687006 2.687006 0.000000
Q 0.000000 2.687006 -2.687006
N 2.687006 2.687006 -5.374012
N 5.374012 2.687006 -2.687006
F 2.687006 0.000000 -2.687006


-18.780000	09610
6

S 0.000000 0.000000 0.000000
N 2.687006 2.687006 0.000000
Q 0.000000 5.374012 0.000000
N -2.687006 2.687006 0.000000
N -2.687006 0.000000 2.687006
F 0.000000 2.687006 2.687006


-18.780000	08610
6

S 0.000000 0.000000 0.000000
N 2.687006 2.687006 0.000000
Q 0.000000 5.374012 0.000000
N -2.687006 2.687006 0.000000
N -2.687006 0.000000 -2.687006
F 0.000000 2.687006 -2.687006


-18.690000	098a0
6

S 0.000000 0.000000 0.000000
N 2.687006 2.687006 0.000000
Q 0.000000 2.687006 -2.687006
N 0.000000 0.000000 -5.374012
N 0.000000 -2.687006 -2.687006
F 2.687006 0.000000 -2.687006


-18.420000	5a910
6

S 0.000000 0.000000 0.000000
N 2.687006 2.687006 0.000000
Q 0.000000 5.374012 0.000000
N 0.000000 2.687006 2.687006
N -2.687006 2.687006 0.000000
F 0.000000 2.687006 -2.687006


-18.420000	4b810
6

S 0.000000 0.000000 0.000000
N 2.687006 2.687006 0.000000
Q 0.000000 5.374012 0.000000
N 0.000000 2.687006 -2.687006
N -2.687006 2.687006 0.000000
F 0.000000 2.687006 2.687006


-18.300000	a92a0
6

S 0.000000 0.000000 0.000000
N 2.687006 2.687006 0.000000
Q 0.000000 2.687006 -2.687006
N 0.000000 5.374012 0.000000
N 0.000000 2.687006 2.687006
F -2.687006 2.687006 0.000000


-17.980000	90ba0
6

S 0.000000 0.000000 0.000000
N 2.687006 2.687006 0.000000
Q 0.000000 2.687006 -2.687006
N -2.687006 2.687006 0.000000
N 0.000000 5.374012 0.000000
F 0.000000 2.687006 2.687006


-17.980000	462a0
6

S 0.000000 0.000000 0.000000
N 2.687006 2.687006 0.000000
Q 0.000000 2.687006 -2.687006
N 0.000000 5.374012 0.000000
N -2.687006 2.687006 0.000000
F 0.000000 2.687006 2.687006


-17.930000	34ba0
6

S 0.000000 0.000000 0.000000
N 2.687006 2.687006 0.000000
Q 0.000000 2.687006 -2.687006
N -2.687006 2.687006 0.000000
N 0.000000 2.687006 2.687006
F 0.000000 5.374012 0.000000


-17.330000	81940
6

S 0.000000 0.000000 0.000000
N 2.687006 2.687006 0.000000
Q 5.374012 2.687006 2.687006
N 5.374012 0.000000 5.374012
N 2.687006 2.687006 5.374012
F 2.687006 0.000000 2.687006


-17.330000	a7b40
6

S 0.000000 0.000000 0.000000
N 2.687006 2.687006 0.000000
Q 5.374012 2.687006 2.687006
N 2.687006 2.687006 5.374012
N 5.374012 0.000000 5.374012
F 2.687006 0.000000 2.687006


-17.300000	8b410
6

S 0.000000 0.000000 0.000000
N 2.687006 2.687006 0.000000
Q 0.000000 5.374012 0.000000
N 2.687006 5.374012 2.687006
N 0.000000 5.374012 5.374012
F 0.000000 2.687006 2.687006


-17.300000	9a510
6

S 0.000000 0.000000 0.000000
N 2.687006 2.687006 0.000000
Q 0.000000 5.374012 0.000000
N 2.687006 5.374012 -2.687006
N 0.000000 5.374012 -5.374012
F 0.000000 2.687006 -2.687006


-17.300000	a9410
6

S 0.000000 0.000000 0.000000
N 2.687006 2.687006 0.000000
Q 0.000000 5.374012 0.000000
N 2.687006 5.374012 2.687006
N 2.687006 2.687006 5.374012
F 0.000000 2.687006 2.687006


-17.300000	b8510
6

S 0.000000 0.000000 0.000000
N 2.687006 2.687006 0.000000
Q 0.000000 5.374012 0.000000
N 2.687006 5.374012 -2.687006
N 2.687006 2.687006 -5.374012
F 0.000000 2.687006 -2.687006


-17.300000	19840
6

S 0.000000 0.000000 0.000000
N 2.687006 2.687006 0.000000
Q 5.374012 2.687006 2.687006
N 5.374012 0.000000 0.000000
N 5.374012 -2.687006 2.687006
F 2.687006 0.000000 2.687006


-17.110000	278a0
6

S 0.000000 0.000000 0.000000
N 2.687006 2.687006 0.000000
Q 0.000000 2.687006 -2.687006
N 0.000000 0.000000 -5.374012
N 2.687006 -2.687006 -5.374012
F 2.687006 0.000000 -2.687006


-17.110000	b75a0
6

S 0.000000 0.000000 0.000000
N 2.687006 2.687006 0.000000
Q 0.000000 2.687006 -2.687006
N 2.687006 2.687006 -5.374012
N 5.374012 0.000000 -5.374012
F 2.687006 0.000000 -2.687006


-16.840000	81910
6

S 0.000000 0.000000 0.000000
N 2.687006 2.687006 0.000000
Q 0.000000 5.374012 0.000000
N 0.000000 2.687006 2.687006
N -2.687006 5.374012 2.687006
F -2.687006 2.687006 0.000000


-16.840000	91810
6

S 0.000000 0.000000 0.000000
N 2.687006 2.687006 0.000000
Q 0.000000 5.374012 0.000000
N 0.000000 2.687006 -2.687006
N -2.687006 5.374012 -2.687006
F -2.687006 2.687006 0.000000


-16.840000	a7b10
6

S 0.000000 0.000000 0.000000
N 2.687006 2.687006 0.000000
Q 0.000000 5.374012 0.000000
N -2.687006 5.374012 2.687006
N 0.000000 2.687006 2.687006
F -2.687006 2.687006 0.000000


-16.840000	b7a10
6

S 0.000000 0.000000 0.000000
N 2.687006 2.687006 0.000000
Q 0.000000 5.374012 0.000000
N -2.687006 5.374012 -2.687006
N 0.000000 2.687006 -2.687006
F -2.687006 2.687006 0.000000


-16.810000	76140
6

S 0.000000 0.000000 0.000000
N 2.687006 2.687006 0.000000
Q 5.374012 2.687006 2.687006
N 2.687006 5.374012 2.687006
N 0.000000 2.687006 2.687006
F 2.687006 0.000000 2.687006


-16.750000	9a2a0
6

S 0.000000 0.000000 0.000000
N 2.687006 2.687006 0.000000
Q 0.000000 2.687006 -2.687006
N 0.000000 5.374012 0.000000
N -2.687006 5.374012 -2.687006
F -2.687006 2.687006 0.000000


-16.750000	980a0
6

S 0.000000 0.000000 0.000000
N 2.687006 2.687006 0.000000
Q 0.000000 2.687006 -2.687006
N 2.687006 5.374012 -2.687006
N 2.687006 2.687006 -5.374012
F 2.687006 0.000000 -2.687006


-16.750000	641a0
6

S 0.000000 0.000000 0.000000
N 2.687006 2.687006 0.000000
Q 0.000000 2.687006 -2.687006
N -2.687006 5.374012 -2.687006
N 0.000000 5.374012 0.000000
F -2.687006 2.687006 0.000000


-16.720000	670a0
6

S 0.000000 0.000000 0.000000
N 2.687006 2.687006 0.000000
Q 0.000000 2.687006 -2.687006
N 2.687006 5.374012 -2.687006
N 5.374012 2.687006 -2.687006
F 2.687006 0.000000 -2.687006


-16.710000	26810
6

S 0.000000 0.000000 0.000000
N 2.687006 2.687006 0.000000
Q 0.000000 5.374012 0.000000
N 0.000000 2.687006 -2.687006
N -2.687006 0.000000 -2.687006
F -2.687006 2.687006 0.000000


-16.710000	36910
6

S 0.000000 0.000000 0.000000
N 2.687006 2.687006 0.000000
Q 0.000000 5.374012 0.000000
N 0.000000 2.687006 2.687006
N -2.687006 0.000000 2.687006
F -2.687006 2.687006 0.000000


-16.650000	456a0
6

S 0.000000 0.000000 0.000000
N 2.687006 2.687006 0.000000
Q 0.000000 2.687006 -2.687006
N -2.687006 0.000000 -2.687006
N 0.000000 0.000000 -5.374012
F 2.687006 0.000000 -2.687006


-16.520000	076a0
6

S 0.000000 0.000000 0.000000
N 2.687006 2.687006 0.000000
Q 0.000000 2.687006 -2.687006
N -2.687006 0.000000 -2.687006
N 0.000000 -2.687006 -2.687006
F 2.687006 0.000000 -2.687006


-16.490000	a2640
6

S 0.000000 0.000000 0.000000
N 2.687006 2.687006 0.000000
Q 5.374012 2.687006 2.687006
N 2.687006 0.000000 2.687006
N 2.687006 2.687006 5.374012
F 0.000000 2.687006 2.687006


-16.490000	18b40
6

S 0.000000 0.000000 0.000000
N 2.687006 2.687006 0.000000
Q 5.374012 2.687006 2.687006
N 2.687006 2.687006 5.374012
N 2.687006 0.000000 2.687006
F 0.000000 2.687006 2.687006


-16.440000	08640
6

S 0.000000 0.000000 0.000000
N 2.687006 2.687006 0.000000
Q 5.374012 2.687006 2.687006
N 2.687006 0.000000 2.687006
N 2.687006 -2.687006 0.000000
F 5.374012 0.000000 0.000000


-16.380000	43ba0
6

S 0.000000 0.000000 0.000000
N 2.687006 2.687006 0.000000
Q 0.000000 2.687006 -2.687006
N -2.687006 2.687006 0.000000
N -2.687006 5.374012 -2.687006
F 0.000000 5.374012 0.000000


-16.380000	091a0
6

S 0.000000 0.000000 0.000000
N 2.687006 2.687006 0.000000
Q 0.000000 2.687006 -2.687006
N -2.687006 5.374012 -2.687006
N -2.687006 2.687006 0.000000
F 0.000000 5.374012 0.000000


-16.370000	642a0
6

S 0.000000 0.000000 0.000000
N 2.687006 2.687006 0.000000
Q 0.000000 2.687006 -2.687006
N 0.000000 5.374012 0.000000
N 2.687006 5.374012 2.687006
F 0.000000 2.687006 2.687006


-16.170000	09ba0
6

S 0.000000 0.000000 0.000000
N 2.687006 2.687006 0.000000
Q 0.000000 2.687006 -2.687006
N -2.687006 2.687006 0.000000
N -2.687006 0.000000 2.687006
F 0.000000 2.687006 2.687006


-15.620000	48a10
6

S 0.000000 0.000000 0.000000
N 2.687006 2.687006 0.000000
Q 0.000000 5.374012 0.000000
N -2.687006 5.374012 -2.687006
N -2.687006 2.687006 -5.374012
F 0.000000 2.687006 -2.687006


-15.620000	59b10
6

S 0.000000 0.000000 0.000000
N 2.687006 2.687006 0.000000
Q 0.000000 5.374012 0.000000
N -2.687006 5.374012 2.687006
N -2.687006 2.687006 5.374012
F 0.000000 2.687006 2.687006


-15.620000	36940
6

S 0.000000 0.000000 0.000000
N 2.687006 2.687006 0.000000
Q 5.374012 2.687006 2.687006
N 5.374012 0.000000 5.374012
N 2.687006 -2.687006 5.374012
F 2.687006 0.000000 2.687006


-15.620000	56b40
6

S 0.000000 0.000000 0.000000
N 2.687006 2.687006 0.000000
Q 5.374012 2.687006 2.687006
N 2.687006 2.687006 5.374012
N 0.000000 0.000000 5.374012
F 2.687006 0.000000 2.687006


-15.620000	95a10
6

S 0.000000 0.000000 0.000000
N 2.687006 2.687006 0.000000
Q 0.000000 5.374012 0.000000
N -2.687006 5.374012 -2.687006
N 0.000000 5.374012 -5.374012
F 0.000000 2.687006 -2.687006


-15.620000	84b10
6

S 0.000000 0.000000 0.000000
N 2.687006 2.687006 0.000000
Q 0.000000 5.374012 0.000000
N -2.687006 5.374012 2.687006
N 0.000000 5.374012 5.374012
F 0.000000 2.687006 2.687006


-15.620000	18940
6

S 0.000000 0.000000 0.000000
N 2.687006 2.687006 0.000000
Q 5.374012 2.687006 2.687006
N 5.374012 0.000000 5.374012
N 5.374012 -2.687006 2.687006
F 2.687006 0.000000 2.687006


-15.260000	69010
6

S 0.000000 0.000000 0.000000
N 2.687006 2.687006 0.000000
Q 0.000000 5.374012 0.000000
N 2.687006 8.061017 0.000000
N 2.687006 5.374012 2.687006
F 0.000000 2.687006 2.687006


-15.260000	68010
6

S 0.000000 0.000000 0.000000
N 2.687006 2.687006 0.000000
Q 0.000000 5.374012 0.000000
N 2.687006 8.061017 0.000000
N 2.687006 5.374012 -2.687006
F 0.000000 2.687006 -2.687006


-15.260000	89140
6

S 0.000000 0.000000 0.000000
N 2.687006 2.687006 0.000000
Q 5.374012 2.687006 2.687006
N 2.687006 5.374012 2.687006
N 2.687006 2.687006 5.374012
F 2.687006 0.000000 2.687006


-15.260000	67310
6

S 0.000000 0.000000 0.000000
N 2.687006 2.687006 0.000000
Q 0.000000 5.374012 0.000000
N 0.000000 8.061017 -2.687006
N 2.687006 5.374012 -2.687006
F 0.000000 2.687006 -2.687006


-15.260000	67210
6

S 0.000000 0.000000 0.000000
N 2.687006 2.687006 0.000000
Q 0.000000 5.374012 0.000000
N 0.000000 8.061017 2.687006
N 2.687006 5.374012 2.687006
F 0.000000 2.687006 2.687006


-15.260000	ba740
6

S 0.000000 0.000000 0.000000
N 2.687006 2.687006 0.000000
Q 5.374012 2.687006 2.687006
N 8.061017 0.000000 2.687006
N 5.374012 0.000000 0.000000
F 2.687006 0.000000 2.687006


-15.260000	b6540
6

S 0.000000 0.000000 0.000000
N 2.687006 2.687006 0.000000
Q 5.374012 2.687006 2.687006
N 8.061017 2.687006 0.000000
N 5.374012 0.000000 0.000000
F 2.687006 0.000000 2.687006


-15.160000	49a10
6

S 0.000000 0.000000 0.000000
N 2.687006 2.687006 0.000000
Q 0.000000 5.374012 0.000000
N -2.687006 5.374012 -2.687006
N -2.687006 2.687006 0.000000
F 0.000000 2.687006 2.687006


-15.160000	58b10
6

S 0.000000 0.000000 0.000000
N 2.687006 2.687006 0.000000
Q 0.000000 5.374012 0.000000
N -2.687006 5.374012 2.687006
N -2.687006 2.687006 0.000000
F 0.000000 2.687006 -2.687006


-15.070000	918a0
6

S 0.000000 0.000000 0.000000
N 2.687006 2.687006 0.000000
Q 0.000000 2.687006 -2.687006
N 0.000000 0.000000 -5.374012
N -2.687006 2.687006 -5.374012
F -2.687006 0.000000 -2.687006


-15.070000	b7aa0
6

S 0.000000 0.000000 0.000000
N 2.687006 2.687006 0.000000
Q 0.000000 2.687006 -2.687006
N -2.687006 2.687006 -5.374012
N 0.000000 0.000000 -5.374012
F -2.687006 0.000000 -2.687006


-15.070000	47aa0
6

S 0.000000 0.000000 0.000000
N 2.687006 2.687006 0.000000
Q 0.000000 2.687006 -2.687006
N -2.687006 2.687006 -5.374012
N 0.000000 0.000000 -5.374012
F 2.687006 0.000000 -2.687006


-15.070000	973a0
6

S 0.000000 0.000000 0.000000
N 2.687006 2.687006 0.000000
Q 0.000000 2.687006 -2.687006
N 0.000000 5.374012 -5.374012
N 2.687006 2.687006 -5.374012
F 2.687006 0.000000 -2.687006


-15.040000	8b2a0
6

S 0.000000 0.000000 0.000000
N 2.687006 2.687006 0.000000
Q 0.000000 2.687006 -2.687006
N 0.000000 5.374012 0.000000
N -2.687006 5.374012 2.687006
F -2.687006 2.687006 0.000000


-14.940000	7aba0
6

S 0.000000 0.000000 0.000000
N 2.687006 2.687006 0.000000
Q 0.000000 2.687006 -2.687006
N -2.687006 2.687006 0.000000
N -5.374012 2.687006 -2.687006
F -2.687006 0.000000 -2.687006


-14.940000	56ba0
6

S 0.000000 0.000000 0.000000
N 2.687006 2.687006 0.000000
Q 0.000000 2.687006 -2.687006
N -2.687006 2.687006 0.000000
N -5.374012 0.000000 0.000000
F -2.687006 0.000000 -2.687006


-14.940000	0b6a0
6

S 0.000000 0.000000 0.000000
N 2.687006 2.687006 0.000000
Q 0.000000 2.687006 -2.687006
N -2.687006 0.000000 -2.687006
N -5.374012 0.000000 0.000000
F -2.687006 2.687006 0.000000


-14.940000	416a0
6

S 0.000000 0.000000 0.000000
N 2.687006 2.687006 0.000000
Q 0.000000 2.687006 -2.687006
N -2.687006 0.000000 -2.687006
N -5.374012 2.687006 -2.687006
F -2.687006 2.687006 0.000000


-14.940000	198a0
6

S 0.000000 0.000000 0.000000
N 2.687006 2.687006 0.000000
Q 0.000000 2.687006 -2.687006
N 0.000000 0.000000 -5.374012
N 0.000000 -2.687006 -2.687006
F -2.687006 0.000000 -2.687006


-14.910000	a9140
6

S 0.000000 0.000000 0.000000
N 2.687006 2.687006 0.000000
Q 5.374012 2.687006 2.687006
N 2.687006 5.374012 2.687006
N 2.687006 2.687006 5.374012
F 0.000000 2.687006 2.687006


-14.910000	63b40
6

S 0.000000 0.000000 0.000000
N 2.687006 2.687006 0.000000
Q 5.374012 2.687006 2.687006
N 2.687006 2.687006 5.374012
N 2.687006 5.374012 2.687006
F 0.000000 2.687006 2.687006


-14.880000	8ba00
6

S 0.000000 0.000000 0.000000
N 2.687006 2.687006 0.000000
Q 5.374012 5.374012 0.000000
N 2.687006 5.374012 -2.687006
N 0.000000 5.374012 0.000000
F 0.000000 2.687006 -2.687006


-14.880000	9a140
6

S 0.000000 0.000000 0.000000
N 2.687006 2.687006 0.000000
Q 5.374012 2.687006 2.687006
N 2.687006 5.374012 2.687006
N 0.000000 5.374012 0.000000
F 0.000000 2.687006 2.687006


-14.880000	9ab00
6

S 0.000000 0.000000 0.000000
N 2.687006 2.687006 0.000000
Q 5.374012 5.374012 0.000000
N 2.687006 5.374012 2.687006
N 0.000000 5.374012 0.000000
F 0.000000 2.687006 2.687006


-14.880000	a9800
6

S 0.000000 0.000000 0.000000
N 2.687006 2.687006 0.000000
Q 5.374012 5.374012 0.000000
N 5.374012 2.687006 -2.687006
N 5.374012 0.000000 0.000000
F 2.687006 0.000000 -2.687006


-14.880000	63840
6

S 0.000000 0.000000 0.000000
N 2.687006 2.687006 0.000000
Q 5.374012 2.687006 2.687006
N 5.374012 0.000000 0.000000
N 5.374012 2.687006 -2.687006
F 2.687006 0.000000 -2.687006


-14.880000	b8900
6

S 0.000000 0.000000 0.000000
N 2.687006 2.687006 0.000000
Q 5.374012 5.374012 0.000000
N 5.374012 2.687006 2.687006
N 5.374012 0.000000 0.000000
F 2.687006 0.000000 2.687006


-14.860000	37640
6

S 0.000000 0.000000 0.000000
N 2.687006 2.687006 0.000000
Q 5.374012 2.687006 2.687006
N 2.687006 0.000000 2.687006
N 5.374012 -2.687006 2.687006
F 5.374012 0.000000 0.000000


-14.860000	25810
6

S 0.000000 0.000000 0.000000
N 2.687006 2.687006 0.000000
Q 0.000000 5.374012 0.000000
N 0.000000 2.687006 -2.687006
N 2.687006 2.687006 -5.374012
F 2.687006 5.374012 -2.687006


-14.860000	34910
6

S 0.000000 0.000000 0.000000
N 2.687006 2.687006 0.000000
Q 0.000000 5.374012 0.000000
N 0.000000 2.687006 2.687006
N 2.687006 2.687006 5.374012
F 2.687006 5.374012 2.687006


-14.860000	43810
6

S 0.000000 0.000000 0.000000
N 2.687006 2.687006 0.000000
Q 0.000000 5.374012 0.000000
N 0.000000 2.687006 -2.687006
N 0.000000 5.374012 -5.374012
F 2.687006 5.374012 -2.687006


-14.860000	0ab40
6

S 0.000000 0.000000 0.000000
N 2.687006 2.687006 0.000000
Q 5.374012 2.687006 2.687006
N 2.687006 2.687006 5.374012
N 0.000000 2.687006 2.687006
F 2.687006 5.374012 2.687006


-14.860000	52910
6

S 0.000000 0.000000 0.000000
N 2.687006 2.687006 0.000000
Q 0.000000 5.374012 0.000000
N 0.000000 2.687006 2.687006
N 0.000000 5.374012 5.374012
F 2.687006 5.374012 2.687006


-14.800000	273a0
6

S 0.000000 0.000000 0.000000
N 2.687006 2.687006 0.000000
Q 0.000000 2.687006 -2.687006
N 0.000000 5.374012 -5.374012
N 2.687006 2.687006 -5.374012
F 2.687006 5.374012 -2.687006


-14.800000	415a0
6

S 0.000000 0.000000 0.000000
N 2.687006 2.687006 0.000000
Q 0.000000 2.687006 -2.687006
N 2.687006 2.687006 -5.374012
N 0.000000 5.374012 -5.374012
F 2.687006 5.374012 -2.687006


-14.780000	48810
6

S 0.000000 0.000000 0.000000
N 2.687006 2.687006 0.000000
Q 0.000000 5.374012 0.000000
N 0.000000 2.687006 -2.687006
N 0.000000 0.000000 -5.374012
F 2.687006 0.000000 -2.687006


-14.780000	59910
6

S 0.000000 0.000000 0.000000
N 2.687006 2.687006 0.000000
Q 0.000000 5.374012 0.000000
N 0.000000 2.687006 2.687006
N 0.000000 0.000000 5.374012
F 2.687006 0.000000 2.687006


-14.780000	36840
6

S 0.000000 0.000000 0.000000
N 2.687006 2.687006 0.000000
Q 5.374012 2.687006 2.687006
N 5.374012 0.000000 0.000000
N 2.687006 -2.687006 0.000000
F 2.687006 0.000000 -2.687006


-14.780000	84910
6

S 0.000000 0.000000 0.000000
N 2.687006 2.687006 0.000000
Q 0.000000 5.374012 0.000000
N 0.000000 2.687006 2.687006
N 2.687006 2.687006 5.374012
F 2.687006 0.000000 2.687006


-14.780000	95810
6

S 0.000000 0.000000 0.000000
N 2.687006 2.687006 0.000000
Q 0.000000 5.374012 0.000000
N 0.000000 2.687006 -2.687006
N 2.687006 2.687006 -5.374012
F 2.687006 0.000000 -2.687006


-14.780000	3b640
6

S 0.000000 0.000000 0.000000
N 2.687006 2.687006 0.000000
Q 5.374012 2.687006 2.687006
N 2.687006 0.000000 2.687006
N 0.000000 0.000000 5.374012
F 0.000000 2.687006 2.687006


-14.770000	802a0
6

S 0.000000 0.000000 0.000000
N 2.687006 2.687006 0.000000
Q 0.000000 2.687006 -2.687006
N 0.000000 5.374012 0.000000
N 2.687006 8.061017 0.000000
F 2.687006 5.374012 -2.687006


-14.770000	910a0
6

S 0.000000 0.000000 0.000000
N 2.687006 2.687006 0.000000
Q 0.000000 2.687006 -2.687006
N 2.687006 5.374012 -2.687006
N 0.000000 8.061017 -2.687006
F 0.000000 5.374012 0.000000


-14.770000	145a0
6

S 0.000000 0.000000 0.000000
N 2.687006 2.687006 0.000000
Q 0.000000 2.687006 -2.687006
N 2.687006 2.687006 -5.374012
N 5.374012 2.687006 -2.687006
F 2.687006 5.374012 -2.687006


-14.770000	732a0
6

S 0.000000 0.000000 0.000000
N 2.687006 2.687006 0.000000
Q 0.000000 2.687006 -2.687006
N 0.000000 5.374012 0.000000
N 0.000000 8.061017 -2.687006
F 2.687006 5.374012 -2.687006


-14.770000	620a0
6

S 0.000000 0.000000 0.000000
N 2.687006 2.687006 0.000000
Q 0.000000 2.687006 -2.687006
N 2.687006 5.374012 -2.687006
N 2.687006 8.061017 0.000000
F 0.000000 5.374012 0.000000


