-62.809516	010310210130101	0010001110000110001011000
16

W 0.000000 0.000000 0.000000
H 2.193931 2.193931 -2.193931
M 4.387862 0.000000 -4.387862
W 6.581793 2.193931 -6.581793
N 8.775724 0.000000 -8.775724
T 10.969655 -2.193931 -6.581793
V 8.775724 -4.387862 -4.387862
P 6.581793 -2.193931 -2.193931
N 4.387862 -4.387862 -0.000000
A 2.193931 -6.581793 -2.193931
K 4.387862 -8.775724 -4.387862
Q 6.581793 -6.581793 -6.581793
V 4.387862 -4.387862 -8.775724
I 2.193931 -2.193931 -6.581793
A 0.000000 -4.387862 -4.387862
A -2.193931 -2.193931 -2.193931


-62.809516	010210310120101	0010000110001110001001000
16

W 0.000000 0.000000 0.000000
H 2.193931 2.193931 -2.193931
M 4.387862 0.000000 -4.387862
W 6.581793 2.193931 -6.581793
N 8.775724 0.000000 -8.775724
T 6.581793 -2.193931 -10.969655
V 4.387862 -4.387862 -8.775724
P 2.193931 -2.193931 -6.581793
N 0.000000 -4.387862 -4.387862
A 2.193931 -6.581793 -2.193931
K 4.387862 -8.775724 -4.387862
Q 6.581793 -6.581793 -6.581793
V 8.775724 -4.387862 -4.387862
I 6.581793 -2.193931 -2.193931
A 4.387862 -4.387862 -0.000000
A 2.193931 -2.193931 2.193931


-62.345662	023031030320301	0001110011100011001101001
16

W 0.000000 0.000000 0.000000
H 2.193931 2.193931 -2.193931
M 4.387862 0.000000 -4.387862
W 6.581793 -2.193931 -2.193931
N 8.775724 -4.387862 -4.387862
T 6.581793 -6.581793 -6.581793
V 4.387862 -4.387862 -8.775724
P 2.193931 -2.193931 -6.581793
N 0.000000 -0.000000 -8.775724
A -2.193931 2.193931 -6.581793
K -4.387862 -0.000000 -4.387862
Q -2.193931 -2.193931 -2.193931
V 0.000000 -4.387862 -4.387862
I 2.193931 -6.581793 -2.193931
A 4.387862 -4.387862 -0.000000
A 2.193931 -2.193931 2.193931


-62.250243	131321023120101	1011101101100001111001000
16

W 0.000000 0.000000 0.000000
H 2.193931 2.193931 -2.193931
M 4.387862 0.000000 -4.387862
W 6.581793 2.193931 -6.581793
N 8.775724 0.000000 -8.775724
T 6.581793 -2.193931 -10.969655
V 4.387862 -4.387862 -8.775724
P 6.581793 -6.581793 -6.581793
N 8.775724 -4.387862 -4.387862
A 6.581793 -2.193931 -2.193931
K 4.387862 -4.387862 -0.000000
Q 2.193931 -6.581793 -2.193931
V 0.000000 -4.387862 -4.387862
I 2.193931 -2.193931 -6.581793
A 0.000000 -0.000000 -8.775724
A 2.193931 2.193931 -10.969655


-62.250243	121231032130101	1001100111100011011011000
16

W 0.000000 0.000000 0.000000
H 2.193931 2.193931 -2.193931
M 4.387862 0.000000 -4.387862
W 6.581793 2.193931 -6.581793
N 8.775724 0.000000 -8.775724
T 10.969655 -2.193931 -6.581793
V 8.775724 -4.387862 -4.387862
P 6.581793 -6.581793 -6.581793
N 4.387862 -4.387862 -8.775724
A 2.193931 -2.193931 -6.581793
K 0.000000 -4.387862 -4.387862
Q 2.193931 -6.581793 -2.193931
V 4.387862 -4.387862 -0.000000
I 6.581793 -2.193931 -2.193931
A 8.775724 -0.000000 -0.000000
A 10.969655 2.193931 -2.193931


-61.940299	201301203102301	0100101100100100111000011
16

W 0.000000 0.000000 0.000000
H 2.193931 2.193931 -2.193931
M 4.387862 0.000000 -4.387862
W 6.581793 -2.193931 -2.193931
N 8.775724 0.000000 0.000000
T 6.581793 2.193931 2.193931
V 4.387862 0.000000 4.387862
P 6.581793 -2.193931 6.581793
N 8.775724 -4.387862 4.387862
A 6.581793 -6.581793 2.193931
K 4.387862 -8.775724 4.387862
Q 2.193931 -6.581793 6.581793
V 0.000000 -4.387862 4.387862
I 2.193931 -2.193931 2.193931
A 4.387862 -4.387862 0.000000
A 2.193931 -6.581793 -2.193931


-61.800855	010130102103101	0010001011001000011000110
16

W 0.000000 0.000000 0.000000
H 2.193931 2.193931 -2.193931
M 4.387862 0.000000 -4.387862
W 6.581793 2.193931 -6.581793
N 4.387862 4.387862 -8.775724
T 2.193931 6.581793 -6.581793
V 0.000000 4.387862 -4.387862
P -2.193931 2.193931 -6.581793
N 0.000000 0.000000 -8.775724
A 2.193931 2.193931 -10.969655
K 4.387862 0.000000 -13.163586
Q 6.581793 -2.193931 -10.969655
V 4.387862 -4.387862 -8.775724
I 2.193931 -2.193931 -6.581793
A 0.000000 -4.387862 -4.387862
A -2.193931 -2.193931 -2.193931


-61.800855	010120103102101	0010001001001000111000010
16

W 0.000000 0.000000 0.000000
H 2.193931 2.193931 -2.193931
M 4.387862 0.000000 -4.387862
W 6.581793 2.193931 -6.581793
N 8.775724 4.387862 -4.387862
T 6.581793 6.581793 -2.193931
V 4.387862 4.387862 -0.000000
P 6.581793 2.193931 2.193931
N 8.775724 0.000000 -0.000000
A 10.969655 2.193931 -2.193931
K 13.163586 0.000000 -4.387862
Q 10.969655 -2.193931 -6.581793
V 8.775724 -4.387862 -4.387862
I 6.581793 -2.193931 -2.193931
A 4.387862 -4.387862 -0.000000
A 2.193931 -2.193931 2.193931


-61.305985	013123021320301	0010111001110001101101001
16

W 0.000000 0.000000 0.000000
H 2.193931 2.193931 -2.193931
M 4.387862 0.000000 -4.387862
W 6.581793 -2.193931 -2.193931
N 8.775724 -4.387862 -4.387862
T 6.581793 -6.581793 -6.581793
V 4.387862 -4.387862 -8.775724
P 6.581793 -2.193931 -10.969655
N 8.775724 -0.000000 -8.775724
A 6.581793 2.193931 -6.581793
K 4.387862 4.387862 -8.775724
Q 2.193931 2.193931 -10.969655
V 0.000000 -0.000000 -8.775724
I 2.193931 -2.193931 -6.581793
A 0.000000 -4.387862 -4.387862
A -2.193931 -2.193931 -2.193931


-61.255225	302012030321301	1100010010010011001101101
16

W 0.000000 0.000000 0.000000
H 2.193931 2.193931 -2.193931
M 4.387862 0.000000 -4.387862
W 6.581793 -2.193931 -2.193931
N 4.387862 -4.387862 0.000000
T 2.193931 -6.581793 -2.193931
V 0.000000 -4.387862 -4.387862
P -2.193931 -2.193931 -2.193931
N -4.387862 -0.000000 -4.387862
A -6.581793 2.193931 -2.193931
K -4.387862 4.387862 0.000000
Q -2.193931 6.581793 -2.193931
V 0.000000 4.387862 -4.387862
I -2.193931 2.193931 -6.581793
A 0.000000 -0.000000 -8.775724
A 2.193931 -2.193931 -6.581793


-61.080707	201031230102301	0100100011100111001000011
16

W 0.000000 0.000000 0.000000
H 2.193931 2.193931 -2.193931
M 4.387862 0.000000 -4.387862
W 6.581793 -2.193931 -2.193931
N 8.775724 0.000000 0.000000
T 6.581793 2.193931 2.193931
V 4.387862 0.000000 4.387862
P 2.193931 2.193931 6.581793
N 0.000000 4.387862 4.387862
A -2.193931 2.193931 2.193931
K -4.387862 0.000000 4.387862
Q -2.193931 -2.193931 6.581793
V 0.000000 -4.387862 4.387862
I 2.193931 -2.193931 2.193931
A 4.387862 -4.387862 0.000000
A 2.193931 -6.581793 -2.193931


-61.080707	301031230102301	1100100011100111001000011
16

W 0.000000 0.000000 0.000000
H 2.193931 2.193931 -2.193931
M 4.387862 0.000000 -4.387862
W 6.581793 -2.193931 -2.193931
N 8.775724 0.000000 0.000000
T 6.581793 2.193931 2.193931
V 4.387862 0.000000 4.387862
P 2.193931 2.193931 6.581793
N 0.000000 4.387862 4.387862
A -2.193931 2.193931 2.193931
K -4.387862 0.000000 4.387862
Q -2.193931 -2.193931 6.581793
V 0.000000 -4.387862 4.387862
I 2.193931 -2.193931 2.193931
A 4.387862 -4.387862 0.000000
A 6.581793 -6.581793 2.193931


-60.948789	210310213102301	0110001110000110111000011
16

W 0.000000 0.000000 0.000000
H 2.193931 2.193931 -2.193931
M 4.387862 0.000000 -4.387862
W 6.581793 -2.193931 -2.193931
N 8.775724 0.000000 0.000000
T 6.581793 2.193931 2.193931
V 4.387862 0.000000 4.387862
P 6.581793 -2.193931 6.581793
N 4.387862 -4.387862 8.775724
A 2.193931 -6.581793 6.581793
K 4.387862 -8.775724 4.387862
Q 6.581793 -6.581793 2.193931
V 4.387862 -4.387862 0.000000
I 2.193931 -2.193931 2.193931
A 0.000000 -4.387862 4.387862
A -2.193931 -6.581793 2.193931


-60.948789	010310213102301	0010001110000110111000011
16

W 0.000000 0.000000 0.000000
H 2.193931 2.193931 -2.193931
M 4.387862 0.000000 -4.387862
W 6.581793 -2.193931 -2.193931
N 8.775724 0.000000 0.000000
T 6.581793 2.193931 2.193931
V 4.387862 0.000000 4.387862
P 6.581793 -2.193931 6.581793
N 4.387862 -4.387862 8.775724
A 2.193931 -6.581793 6.581793
K 4.387862 -8.775724 4.387862
Q 6.581793 -6.581793 2.193931
V 4.387862 -4.387862 0.000000
I 2.193931 -2.193931 2.193931
A 0.000000 -4.387862 4.387862
A -2.193931 -2.193931 6.581793


-60.932296	010123121021301	0010001001111001100001101
16

W 0.000000 0.000000 0.000000
H 2.193931 2.193931 -2.193931
M 4.387862 0.000000 -4.387862
W 6.581793 -2.193931 -2.193931
N 4.387862 -4.387862 0.000000
T 2.193931 -6.581793 -2.193931
V 4.387862 -8.775724 -4.387862
P 6.581793 -6.581793 -6.581793
N 8.775724 -4.387862 -4.387862
A 10.969655 -2.193931 -6.581793
K 8.775724 -0.000000 -8.775724
Q 6.581793 -2.193931 -10.969655
V 4.387862 -4.387862 -8.775724
I 2.193931 -2.193931 -6.581793
A 0.000000 -4.387862 -4.387862
A -2.193931 -2.193931 -2.193931


-60.877268	321213013123101	1101100110110010111001110
16

W 0.000000 0.000000 0.000000
H 2.193931 2.193931 -2.193931
M 4.387862 0.000000 -4.387862
W 6.581793 2.193931 -6.581793
N 4.387862 4.387862 -8.775724
T 2.193931 2.193931 -10.969655
V 0.000000 0.000000 -8.775724
P 2.193931 -2.193931 -6.581793
N 0.000000 -4.387862 -4.387862
A -2.193931 -2.193931 -2.193931
K -4.387862 0.000000 -4.387862
Q -2.193931 2.193931 -6.581793
V 0.000000 4.387862 -4.387862
I 2.193931 6.581793 -6.581793
A 4.387862 8.775724 -4.387862
A 6.581793 6.581793 -2.193931


-60.877268	231312012132101	0111101110010010011011010
16

W 0.000000 0.000000 0.000000
H 2.193931 2.193931 -2.193931
M 4.387862 0.000000 -4.387862
W 6.581793 2.193931 -6.581793
N 8.775724 4.387862 -4.387862
T 10.969655 2.193931 -2.193931
V 8.775724 0.000000 -0.000000
P 6.581793 -2.193931 -2.193931
N 4.387862 -4.387862 -0.000000
A 2.193931 -2.193931 2.193931
K 4.387862 0.000000 4.387862
Q 6.581793 2.193931 2.193931
V 4.387862 4.387862 -0.000000
I 6.581793 6.581793 -2.193931
A 4.387862 8.775724 -4.387862
A 2.193931 6.581793 -6.581793


-60.524544	312102131321301	1110011000011011101101101
16

W 0.000000 0.000000 0.000000
H 2.193931 2.193931 -2.193931
M 4.387862 0.000000 -4.387862
W 6.581793 -2.193931 -2.193931
N 4.387862 -4.387862 0.000000
T 2.193931 -6.581793 -2.193931
V 0.000000 -4.387862 -4.387862
P 2.193931 -2.193931 -6.581793
N 0.000000 -0.000000 -8.775724
A 2.193931 2.193931 -10.969655
K 4.387862 4.387862 -8.775724
Q 2.193931 6.581793 -6.581793
V 0.000000 4.387862 -4.387862
I -2.193931 2.193931 -6.581793
A -4.387862 -0.000000 -4.387862
A -2.193931 -2.193931 -2.193931


-60.356048	013210212103101	0010110110000110011000110
16

W 0.000000 0.000000 0.000000
H 2.193931 2.193931 -2.193931
M 4.387862 0.000000 -4.387862
W 6.581793 2.193931 -6.581793
N 4.387862 4.387862 -8.775724
T 2.193931 6.581793 -6.581793
V 0.000000 4.387862 -4.387862
P -2.193931 2.193931 -6.581793
N -4.387862 0.000000 -4.387862
A -6.581793 -2.193931 -6.581793
K -4.387862 -4.387862 -8.775724
Q -2.193931 -2.193931 -10.969655
V 0.000000 0.000000 -8.775724
I 2.193931 -2.193931 -6.581793
A 0.000000 -4.387862 -4.387862
A -2.193931 -2.193931 -2.193931


-60.356048	012310313102101	0010011110001110111000010
16

W 0.000000 0.000000 0.000000
H 2.193931 2.193931 -2.193931
M 4.387862 0.000000 -4.387862
W 6.581793 2.193931 -6.581793
N 8.775724 4.387862 -4.387862
T 6.581793 6.581793 -2.193931
V 4.387862 4.387862 -0.000000
P 6.581793 2.193931 2.193931
N 4.387862 0.000000 4.387862
A 6.581793 -2.193931 6.581793
K 8.775724 -4.387862 4.387862
Q 10.969655 -2.193931 2.193931
V 8.775724 0.000000 -0.000000
I 6.581793 -2.193931 -2.193931
A 4.387862 -4.387862 -0.000000
A 2.193931 -2.193931 2.193931


-60.285287	201210213102101	0100100110000110111000010
16

W 0.000000 0.000000 0.000000
H 2.193931 2.193931 -2.193931
M 4.387862 0.000000 -4.387862
W 6.581793 2.193931 -6.581793
N 8.775724 4.387862 -4.387862
T 6.581793 6.581793 -2.193931
V 4.387862 4.387862 -0.000000
P 6.581793 2.193931 2.193931
N 4.387862 0.000000 4.387862
A 2.193931 -2.193931 2.193931
K 4.387862 -4.387862 -0.000000
Q 6.581793 -2.193931 -2.193931
V 8.775724 0.000000 -0.000000
I 10.969655 2.193931 -2.193931
A 13.163586 0.000000 -4.387862
A 10.969655 -2.193931 -6.581793


-60.285287	301310312103101	1100101110001110011000110
16

W 0.000000 0.000000 0.000000
H 2.193931 2.193931 -2.193931
M 4.387862 0.000000 -4.387862
W 6.581793 2.193931 -6.581793
N 4.387862 4.387862 -8.775724
T 2.193931 6.581793 -6.581793
V 0.000000 4.387862 -4.387862
P -2.193931 2.193931 -6.581793
N -4.387862 0.000000 -4.387862
A -2.193931 -2.193931 -2.193931
K 0.000000 -4.387862 -4.387862
Q 2.193931 -2.193931 -6.581793
V 0.000000 0.000000 -8.775724
I 2.193931 2.193931 -10.969655
A 4.387862 0.000000 -13.163586
A 6.581793 -2.193931 -10.969655


-60.261865	210103101201301	0110001000111000100100101
16

W 0.000000 0.000000 0.000000
H 2.193931 2.193931 -2.193931
M 4.387862 0.000000 -4.387862
W 6.581793 -2.193931 -2.193931
N 4.387862 -4.387862 0.000000
T 2.193931 -2.193931 2.193931
V 4.387862 0.000000 4.387862
P 6.581793 2.193931 2.193931
N 8.775724 0.000000 0.000000
A 10.969655 2.193931 -2.193931
K 8.775724 4.387862 -4.387862
Q 6.581793 6.581793 -2.193931
V 4.387862 4.387862 0.000000
I 2.193931 6.581793 2.193931
A 0.000000 4.387862 4.387862
A -2.193931 2.193931 2.193931


-60.249164	310103101201301	1110001000111000100100101
16

W 0.000000 0.000000 0.000000
H 2.193931 2.193931 -2.193931
M 4.387862 0.000000 -4.387862
W 6.581793 -2.193931 -2.193931
N 4.387862 -4.387862 0.000000
T 2.193931 -2.193931 2.193931
V 4.387862 0.000000 4.387862
P 6.581793 2.193931 2.193931
N 8.775724 0.000000 0.000000
A 10.969655 2.193931 -2.193931
K 8.775724 4.387862 -4.387862
Q 6.581793 6.581793 -2.193931
V 4.387862 4.387862 0.000000
I 2.193931 6.581793 2.193931
A 0.000000 4.387862 4.387862
A 2.193931 2.193931 6.581793


-59.981099	013130132103101	0010111011001011011000110
16

W 0.000000 0.000000 0.000000
H 2.193931 2.193931 -2.193931
M 4.387862 0.000000 -4.387862
W 6.581793 2.193931 -6.581793
N 4.387862 4.387862 -8.775724
T 2.193931 6.581793 -6.581793
V 0.000000 4.387862 -4.387862
P -2.193931 2.193931 -6.581793
N -4.387862 4.387862 -8.775724
A -2.193931 6.581793 -10.969655
K 0.000000 4.387862 -13.163586
Q 2.193931 2.193931 -10.969655
V 0.000000 0.000000 -8.775724
I 2.193931 -2.193931 -6.581793
A 0.000000 -4.387862 -4.387862
A -2.193931 -2.193931 -2.193931


-59.981099	012120123102101	0010011001001001111000010
16

W 0.000000 0.000000 0.000000
H 2.193931 2.193931 -2.193931
M 4.387862 0.000000 -4.387862
W 6.581793 2.193931 -6.581793
N 8.775724 4.387862 -4.387862
T 6.581793 6.581793 -2.193931
V 4.387862 4.387862 -0.000000
P 6.581793 2.193931 2.193931
N 8.775724 4.387862 4.387862
A 10.969655 6.581793 2.193931
K 13.163586 4.387862 -0.000000
Q 10.969655 2.193931 -2.193931
V 8.775724 0.000000 -0.000000
I 6.581793 -2.193931 -2.193931
A 4.387862 -4.387862 -0.000000
A 2.193931 -2.193931 2.193931


-59.966093	031321023120101	0011101101100001111001000
16

W 0.000000 0.000000 0.000000
H 2.193931 2.193931 -2.193931
M 4.387862 0.000000 -4.387862
W 6.581793 2.193931 -6.581793
N 8.775724 0.000000 -8.775724
T 6.581793 -2.193931 -10.969655
V 4.387862 -4.387862 -8.775724
P 6.581793 -6.581793 -6.581793
N 8.775724 -4.387862 -4.387862
A 6.581793 -2.193931 -2.193931
K 4.387862 -4.387862 -0.000000
Q 2.193931 -6.581793 -2.193931
V 0.000000 -4.387862 -4.387862
I 2.193931 -2.193931 -6.581793
A 0.000000 -0.000000 -8.775724
A -2.193931 2.193931 -6.581793


-59.966093	021231032130101	0001100111100011011011000
16

W 0.000000 0.000000 0.000000
H 2.193931 2.193931 -2.193931
M 4.387862 0.000000 -4.387862
W 6.581793 2.193931 -6.581793
N 8.775724 0.000000 -8.775724
T 10.969655 -2.193931 -6.581793
V 8.775724 -4.387862 -4.387862
P 6.581793 -6.581793 -6.581793
N 4.387862 -4.387862 -8.775724
A 2.193931 -2.193931 -6.581793
K 0.000000 -4.387862 -4.387862
Q 2.193931 -6.581793 -2.193931
V 4.387862 -4.387862 -0.000000
I 6.581793 -2.193931 -2.193931
A 8.775724 -0.000000 -0.000000
A 6.581793 2.193931 2.193931


-59.897285	031030210103101	0011100011000110001000110
16

W 0.000000 0.000000 0.000000
H 2.193931 2.193931 -2.193931
M 4.387862 0.000000 -4.387862
W 6.581793 2.193931 -6.581793
N 4.387862 4.387862 -8.775724
T 2.193931 6.581793 -6.581793
V 0.000000 4.387862 -4.387862
P -2.193931 6.581793 -2.193931
N -4.387862 4.387862 -0.000000
A -6.581793 2.193931 -2.193931
K -4.387862 0.000000 -4.387862
Q -2.193931 -2.193931 -2.193931
V 0.000000 -4.387862 -4.387862
I 2.193931 -2.193931 -6.581793
A 0.000000 0.000000 -8.775724
A -2.193931 2.193931 -6.581793


-59.897285	021020310102101	0001100001001110001000010
16

W 0.000000 0.000000 0.000000
H 2.193931 2.193931 -2.193931
M 4.387862 0.000000 -4.387862
W 6.581793 2.193931 -6.581793
N 8.775724 4.387862 -4.387862
T 6.581793 6.581793 -2.193931
V 4.387862 4.387862 -0.000000
P 2.193931 6.581793 2.193931
N 0.000000 4.387862 4.387862
A 2.193931 2.193931 6.581793
K 4.387862 0.000000 4.387862
Q 2.193931 -2.193931 2.193931
V 4.387862 -4.387862 -0.000000
I 6.581793 -2.193931 -2.193931
A 8.775724 0.000000 -0.000000
A 6.581793 2.193931 2.193931


-59.891615	013130131201301	0010111011001011100100101
16

W 0.000000 0.000000 0.000000
H 2.193931 2.193931 -2.193931
M 4.387862 0.000000 -4.387862
W 6.581793 -2.193931 -2.193931
N 4.387862 -4.387862 0.000000
T 2.193931 -2.193931 2.193931
V 4.387862 0.000000 4.387862
P 6.581793 2.193931 2.193931
N 4.387862 4.387862 0.000000
A 6.581793 6.581793 -2.193931
K 8.775724 4.387862 -4.387862
Q 10.969655 2.193931 -2.193931
V 8.775724 0.000000 0.000000
I 10.969655 -2.193931 2.193931
A 8.775724 -4.387862 4.387862
A 6.581793 -2.193931 6.581793


-59.876110	013010210103101	0010110010000110001000110
16

W 0.000000 0.000000 0.000000
H 2.193931 2.193931 -2.193931
M 4.387862 0.000000 -4.387862
W 6.581793 2.193931 -6.581793
N 4.387862 4.387862 -8.775724
T 2.193931 6.581793 -6.581793
V 0.000000 4.387862 -4.387862
P -2.193931 6.581793 -2.193931
N -4.387862 4.387862 -0.000000
A -6.581793 2.193931 -2.193931
K -4.387862 0.000000 -4.387862
Q -2.193931 2.193931 -6.581793
V 0.000000 0.000000 -8.775724
I 2.193931 -2.193931 -6.581793
A 0.000000 -4.387862 -4.387862
A -2.193931 -2.193931 -2.193931


-59.876110	012010310102101	0010010010001110001000010
16

W 0.000000 0.000000 0.000000
H 2.193931 2.193931 -2.193931
M 4.387862 0.000000 -4.387862
W 6.581793 2.193931 -6.581793
N 8.775724 4.387862 -4.387862
T 6.581793 6.581793 -2.193931
V 4.387862 4.387862 -0.000000
P 2.193931 6.581793 2.193931
N 0.000000 4.387862 4.387862
A 2.193931 2.193931 6.581793
K 4.387862 0.000000 4.387862
Q 6.581793 2.193931 2.193931
V 8.775724 0.000000 -0.000000
I 6.581793 -2.193931 -2.193931
A 4.387862 -4.387862 -0.000000
A 2.193931 -2.193931 2.193931


-59.866110	020230210320301	0001000111000110001101001
16

W 0.000000 0.000000 0.000000
H 2.193931 2.193931 -2.193931
M 4.387862 0.000000 -4.387862
W 6.581793 -2.193931 -2.193931
N 8.775724 -4.387862 -4.387862
T 6.581793 -6.581793 -6.581793
V 4.387862 -4.387862 -8.775724
P 2.193931 -2.193931 -6.581793
N 0.000000 -4.387862 -4.387862
A -2.193931 -6.581793 -6.581793
K 0.000000 -8.775724 -8.775724
Q 2.193931 -10.969655 -6.581793
V 4.387862 -8.775724 -4.387862
I 2.193931 -6.581793 -2.193931
A 4.387862 -4.387862 -0.000000
A 2.193931 -2.193931 2.193931


-59.837818	010310202102301	0010001110000100011000011
16

W 0.000000 0.000000 0.000000
H 2.193931 2.193931 -2.193931
M 4.387862 0.000000 -4.387862
W 6.581793 -2.193931 -2.193931
N 8.775724 0.000000 0.000000
T 6.581793 2.193931 2.193931
V 4.387862 0.000000 4.387862
P 2.193931 -2.193931 2.193931
N 4.387862 -4.387862 0.000000
A 2.193931 -6.581793 -2.193931
K 4.387862 -8.775724 -4.387862
Q 6.581793 -6.581793 -6.581793
V 4.387862 -4.387862 -8.775724
I 2.193931 -2.193931 -6.581793
A 0.000000 -4.387862 -4.387862
A -2.193931 -2.193931 -2.193931


-59.823017	120310210132301	1001001110000110001011011
16

W 0.000000 0.000000 0.000000
H 2.193931 2.193931 -2.193931
M 4.387862 0.000000 -4.387862
W 6.581793 -2.193931 -2.193931
N 8.775724 0.000000 0.000000
T 10.969655 -2.193931 2.193931
V 8.775724 -4.387862 4.387862
P 6.581793 -2.193931 6.581793
N 4.387862 -4.387862 8.775724
A 2.193931 -6.581793 6.581793
K 4.387862 -8.775724 4.387862
Q 6.581793 -6.581793 2.193931
V 4.387862 -4.387862 0.000000
I 2.193931 -2.193931 2.193931
A 4.387862 -0.000000 4.387862
A 6.581793 2.193931 2.193931


-59.806604	023102132120301	0001111000011011011001001
16

W 0.000000 0.000000 0.000000
H 2.193931 2.193931 -2.193931
M 4.387862 0.000000 -4.387862
W 6.581793 -2.193931 -2.193931
N 8.775724 -4.387862 -4.387862
T 6.581793 -6.581793 -6.581793
V 4.387862 -8.775724 -4.387862
P 2.193931 -10.969655 -6.581793
N 0.000000 -8.775724 -8.775724
A 2.193931 -6.581793 -10.969655
K 4.387862 -4.387862 -8.775724
Q 2.193931 -2.193931 -6.581793
V 0.000000 -4.387862 -4.387862
I 2.193931 -6.581793 -2.193931
A 4.387862 -4.387862 -0.000000
A 2.193931 -2.193931 2.193931


-59.770134	313123021320301	1110111001110001101101001
16

W 0.000000 0.000000 0.000000
H 2.193931 2.193931 -2.193931
M 4.387862 0.000000 -4.387862
W 6.581793 -2.193931 -2.193931
N 8.775724 -4.387862 -4.387862
T 6.581793 -6.581793 -6.581793
V 4.387862 -4.387862 -8.775724
P 6.581793 -2.193931 -10.969655
N 8.775724 -0.000000 -8.775724
A 6.581793 2.193931 -6.581793
K 4.387862 4.387862 -8.775724
Q 2.193931 2.193931 -10.969655
V 0.000000 -0.000000 -8.775724
I 2.193931 -2.193931 -6.581793
A 0.000000 -4.387862 -4.387862
A 2.193931 -6.581793 -2.193931


-59.689266	213132032312301	0110111011010011011110011
16

W 0.000000 0.000000 0.000000
H 2.193931 2.193931 -2.193931
M 4.387862 0.000000 -4.387862
W 6.581793 -2.193931 -2.193931
N 8.775724 0.000000 0.000000
T 10.969655 2.193931 -2.193931
V 8.775724 4.387862 -4.387862
P 6.581793 2.193931 -6.581793
N 4.387862 4.387862 -8.775724
A 2.193931 6.581793 -6.581793
K 4.387862 8.775724 -4.387862
Q 6.581793 6.581793 -2.193931
V 4.387862 4.387862 -0.000000
I 6.581793 2.193931 2.193931
A 4.387862 0.000000 4.387862
A 2.193931 -2.193931 2.193931


-59.640276	321312012132101	1101101110010010011011010
16

W 0.000000 0.000000 0.000000
H 2.193931 2.193931 -2.193931
M 4.387862 0.000000 -4.387862
W 6.581793 2.193931 -6.581793
N 8.775724 4.387862 -4.387862
T 10.969655 2.193931 -2.193931
V 8.775724 0.000000 -0.000000
P 6.581793 -2.193931 -2.193931
N 4.387862 -4.387862 -0.000000
A 2.193931 -2.193931 2.193931
K 4.387862 0.000000 4.387862
Q 6.581793 2.193931 2.193931
V 4.387862 4.387862 -0.000000
I 6.581793 6.581793 -2.193931
A 8.775724 8.775724 -0.000000
A 10.969655 6.581793 2.193931


-59.640276	231213013123101	0111100110110010111001110
16

W 0.000000 0.000000 0.000000
H 2.193931 2.193931 -2.193931
M 4.387862 0.000000 -4.387862
W 6.581793 2.193931 -6.581793
N 4.387862 4.387862 -8.775724
T 2.193931 2.193931 -10.969655
V 0.000000 0.000000 -8.775724
P 2.193931 -2.193931 -6.581793
N 0.000000 -4.387862 -4.387862
A -2.193931 -2.193931 -2.193931
K -4.387862 0.000000 -4.387862
Q -2.193931 2.193931 -6.581793
V 0.000000 4.387862 -4.387862
I 2.193931 6.581793 -6.581793
A 0.000000 8.775724 -8.775724
A -2.193931 6.581793 -10.969655


-59.521467	103021020123101	1000110001100001001001110
16

W 0.000000 0.000000 0.000000
H 2.193931 2.193931 -2.193931
M 4.387862 0.000000 -4.387862
W 6.581793 2.193931 -6.581793
N 4.387862 4.387862 -8.775724
T 2.193931 2.193931 -10.969655
V 0.000000 0.000000 -8.775724
P -2.193931 2.193931 -6.581793
N 0.000000 4.387862 -4.387862
A -2.193931 6.581793 -2.193931
K -4.387862 4.387862 -0.000000
Q -6.581793 2.193931 -2.193931
V -4.387862 0.000000 -4.387862
I -2.193931 -2.193931 -2.193931
A 0.000000 -4.387862 -4.387862
A 2.193931 -2.193931 -6.581793


-59.521467	102031030132101	1000010011100011001011010
16

W 0.000000 0.000000 0.000000
H 2.193931 2.193931 -2.193931
M 4.387862 0.000000 -4.387862
W 6.581793 2.193931 -6.581793
N 8.775724 4.387862 -4.387862
T 10.969655 2.193931 -2.193931
V 8.775724 0.000000 -0.000000
P 6.581793 2.193931 2.193931
N 4.387862 4.387862 -0.000000
A 2.193931 6.581793 2.193931
K 0.000000 4.387862 4.387862
Q 2.193931 2.193931 6.581793
V 4.387862 0.000000 4.387862
I 2.193931 -2.193931 2.193931
A 4.387862 -4.387862 -0.000000
A 6.581793 -2.193931 -2.193931


-59.452461	031310312103101	0011101110001110011000110
16

W 0.000000 0.000000 0.000000
H 2.193931 2.193931 -2.193931
M 4.387862 0.000000 -4.387862
W 6.581793 2.193931 -6.581793
N 4.387862 4.387862 -8.775724
T 2.193931 6.581793 -6.581793
V 0.000000 4.387862 -4.387862
P -2.193931 2.193931 -6.581793
N -4.387862 0.000000 -4.387862
A -2.193931 -2.193931 -2.193931
K 0.000000 -4.387862 -4.387862
Q 2.193931 -2.193931 -6.581793
V 0.000000 0.000000 -8.775724
I 2.193931 2.193931 -10.969655
A 0.000000 4.387862 -13.163586
A -2.193931 6.581793 -10.969655


-59.452461	021210213102101	0001100110000110111000010
16

W 0.000000 0.000000 0.000000
H 2.193931 2.193931 -2.193931
M 4.387862 0.000000 -4.387862
W 6.581793 2.193931 -6.581793
N 8.775724 4.387862 -4.387862
T 6.581793 6.581793 -2.193931
V 4.387862 4.387862 -0.000000
P 6.581793 2.193931 2.193931
N 4.387862 0.000000 4.387862
A 2.193931 -2.193931 2.193931
K 4.387862 -4.387862 -0.000000
Q 6.581793 -2.193931 -2.193931
V 8.775724 0.000000 -0.000000
I 10.969655 2.193931 -2.193931
A 13.163586 4.387862 -0.000000
A 10.969655 6.581793 2.193931


-59.322540	201231010320301	0100100111100010001101001
16

W 0.000000 0.000000 0.000000
H 2.193931 2.193931 -2.193931
M 4.387862 0.000000 -4.387862
W 6.581793 -2.193931 -2.193931
N 8.775724 -4.387862 -4.387862
T 6.581793 -6.581793 -6.581793
V 4.387862 -4.387862 -8.775724
P 2.193931 -2.193931 -6.581793
N 0.000000 -4.387862 -4.387862
A -2.193931 -2.193931 -2.193931
K -4.387862 -4.387862 -0.000000
Q -2.193931 -6.581793 2.193931
V 0.000000 -4.387862 4.387862
I 2.193931 -2.193931 2.193931
A 4.387862 -4.387862 -0.000000
A 2.193931 -6.581793 -2.193931


-59.267268	213103131231301	0110111000111011100111101
16

W 0.000000 0.000000 0.000000
H 2.193931 2.193931 -2.193931
M 4.387862 0.000000 -4.387862
W 6.581793 -2.193931 -2.193931
N 4.387862 -4.387862 0.000000
T 6.581793 -6.581793 2.193931
V 8.775724 -4.387862 4.387862
P 10.969655 -2.193931 2.193931
N 8.775724 -0.000000 0.000000
A 10.969655 2.193931 -2.193931
K 8.775724 4.387862 -4.387862
Q 6.581793 6.581793 -2.193931
V 4.387862 4.387862 0.000000
I 6.581793 2.193931 2.193931
A 4.387862 -0.000000 4.387862
A 2.193931 -2.193931 2.193931


-58.908726	130201203102101	1011000100100100111000010
16

W 0.000000 0.000000 0.000000
H 2.193931 2.193931 -2.193931
M 4.387862 0.000000 -4.387862
W 6.581793 2.193931 -6.581793
N 8.775724 4.387862 -4.387862
T 6.581793 6.581793 -2.193931
V 4.387862 4.387862 -0.000000
P 6.581793 2.193931 2.193931
N 8.775724 0.000000 -0.000000
A 6.581793 -2.193931 -2.193931
K 4.387862 -4.387862 -0.000000
Q 2.193931 -2.193931 2.193931
V 4.387862 0.000000 4.387862
I 2.193931 2.193931 6.581793
A 0.000000 4.387862 4.387862
A 2.193931 6.581793 2.193931


-58.908726	120301302103101	1001001100101100011000110
16

W 0.000000 0.000000 0.000000
H 2.193931 2.193931 -2.193931
M 4.387862 0.000000 -4.387862
W 6.581793 2.193931 -6.581793
N 4.387862 4.387862 -8.775724
T 2.193931 6.581793 -6.581793
V 0.000000 4.387862 -4.387862
P -2.193931 2.193931 -6.581793
N 0.000000 0.000000 -8.775724
A 2.193931 -2.193931 -6.581793
K 0.000000 -4.387862 -4.387862
Q -2.193931 -2.193931 -2.193931
V -4.387862 0.000000 -4.387862
I -6.581793 2.193931 -2.193931
A -4.387862 4.387862 -0.000000
A -2.193931 6.581793 -2.193931


-58.787762	213130131201301	0110111011001011100100101
16

W 0.000000 0.000000 0.000000
H 2.193931 2.193931 -2.193931
M 4.387862 0.000000 -4.387862
W 6.581793 -2.193931 -2.193931
N 4.387862 -4.387862 0.000000
T 2.193931 -2.193931 2.193931
V 4.387862 0.000000 4.387862
P 6.581793 2.193931 2.193931
N 4.387862 4.387862 0.000000
A 6.581793 6.581793 -2.193931
K 8.775724 4.387862 -4.387862
Q 10.969655 2.193931 -2.193931
V 8.775724 0.000000 0.000000
I 10.969655 -2.193931 2.193931
A 8.775724 -4.387862 4.387862
A 6.581793 -6.581793 2.193931


-58.705758	021031210302301	0001100011100110001100011
16

W 0.000000 0.000000 0.000000
H 2.193931 2.193931 -2.193931
M 4.387862 0.000000 -4.387862
W 6.581793 -2.193931 -2.193931
N 8.775724 0.000000 0.000000
T 6.581793 2.193931 2.193931
V 4.387862 4.387862 0.000000
P 2.193931 6.581793 2.193931
N 0.000000 4.387862 4.387862
A -2.193931 2.193931 2.193931
K -4.387862 0.000000 4.387862
Q -2.193931 -2.193931 6.581793
V 0.000000 -4.387862 4.387862
I 2.193931 -2.193931 2.193931
A 4.387862 0.000000 4.387862
A 2.193931 2.193931 6.581793


-58.646166	101301202102301	1000101100100100011000011
16

W 0.000000 0.000000 0.000000
H 2.193931 2.193931 -2.193931
M 4.387862 0.000000 -4.387862
W 6.581793 -2.193931 -2.193931
N 8.775724 0.000000 0.000000
T 6.581793 2.193931 2.193931
V 4.387862 0.000000 4.387862
P 2.193931 -2.193931 2.193931
N 4.387862 -4.387862 0.000000
A 2.193931 -6.581793 -2.193931
K 0.000000 -8.775724 0.000000
Q -2.193931 -6.581793 2.193931
V -4.387862 -4.387862 0.000000
I -2.193931 -2.193931 -2.193931
A 0.000000 -4.387862 -4.387862
A 2.193931 -2.193931 -6.581793


-58.553840	013021020320101	0010110001100001001101000
16

W 0.000000 0.000000 0.000000
H 2.193931 2.193931 -2.193931
M 4.387862 0.000000 -4.387862
W 6.581793 2.193931 -6.581793
N 8.775724 0.000000 -8.775724
T 6.581793 -2.193931 -10.969655
V 4.387862 0.000000 -13.163586
P 2.193931 2.193931 -10.969655
N 4.387862 4.387862 -8.775724
A 2.193931 6.581793 -6.581793
K 0.000000 4.387862 -4.387862
Q -2.193931 2.193931 -6.581793
V 0.000000 0.000000 -8.775724
I 2.193931 -2.193931 -6.581793
A 0.000000 -4.387862 -4.387862
A -2.193931 -2.193931 -2.193931


-58.553840	012031030230101	0010010011100011000111000
16

W 0.000000 0.000000 0.000000
H 2.193931 2.193931 -2.193931
M 4.387862 0.000000 -4.387862
W 6.581793 2.193931 -6.581793
N 8.775724 0.000000 -8.775724
T 10.969655 -2.193931 -6.581793
V 13.163586 0.000000 -4.387862
P 10.969655 2.193931 -2.193931
N 8.775724 4.387862 -4.387862
A 6.581793 6.581793 -2.193931
K 4.387862 4.387862 -0.000000
Q 6.581793 2.193931 2.193931
V 8.775724 0.000000 -0.000000
I 6.581793 -2.193931 -2.193931
A 4.387862 -4.387862 -0.000000
A 2.193931 -2.193931 2.193931


-58.490276	321231032130101	1101100111100011011011000
16

W 0.000000 0.000000 0.000000
H 2.193931 2.193931 -2.193931
M 4.387862 0.000000 -4.387862
W 6.581793 2.193931 -6.581793
N 8.775724 0.000000 -8.775724
T 10.969655 -2.193931 -6.581793
V 8.775724 -4.387862 -4.387862
P 6.581793 -6.581793 -6.581793
N 4.387862 -4.387862 -8.775724
A 2.193931 -2.193931 -6.581793
K 0.000000 -4.387862 -4.387862
Q 2.193931 -6.581793 -2.193931
V 4.387862 -4.387862 -0.000000
I 6.581793 -2.193931 -2.193931
A 8.775724 -0.000000 -0.000000
A 10.969655 -2.193931 2.193931


-58.490276	231321023120101	0111101101100001111001000
16

W 0.000000 0.000000 0.000000
H 2.193931 2.193931 -2.193931
M 4.387862 0.000000 -4.387862
W 6.581793 2.193931 -6.581793
N 8.775724 0.000000 -8.775724
T 6.581793 -2.193931 -10.969655
V 4.387862 -4.387862 -8.775724
P 6.581793 -6.581793 -6.581793
N 8.775724 -4.387862 -4.387862
A 6.581793 -2.193931 -2.193931
K 4.387862 -4.387862 -0.000000
Q 2.193931 -6.581793 -2.193931
V 0.000000 -4.387862 -4.387862
I 2.193931 -2.193931 -6.581793
A 0.000000 -0.000000 -8.775724
A -2.193931 -2.193931 -10.969655


-58.404004	313013132101301	1110110010111011011000101
16

W 0.000000 0.000000 0.000000
H 2.193931 2.193931 -2.193931
M 4.387862 0.000000 -4.387862
W 6.581793 -2.193931 -2.193931
N 4.387862 -4.387862 0.000000
T 2.193931 -2.193931 2.193931
V 0.000000 -4.387862 4.387862
P -2.193931 -6.581793 2.193931
N -4.387862 -4.387862 0.000000
A -2.193931 -2.193931 -2.193931
K -4.387862 -0.000000 -4.387862
Q -2.193931 2.193931 -6.581793
V 0.000000 -0.000000 -8.775724
I 2.193931 -2.193931 -6.581793
A 0.000000 -4.387862 -4.387862
A 2.193931 -6.581793 -2.193931


-58.370622	021031010320301	0001100011100010001101001
16

W 0.000000 0.000000 0.000000
H 2.193931 2.193931 -2.193931
M 4.387862 0.000000 -4.387862
W 6.581793 -2.193931 -2.193931
N 8.775724 -4.387862 -4.387862
T 6.581793 -6.581793 -6.581793
V 4.387862 -4.387862 -8.775724
P 2.193931 -2.193931 -6.581793
N 0.000000 -4.387862 -4.387862
A -2.193931 -2.193931 -2.193931
K -4.387862 -4.387862 -0.000000
Q -2.193931 -6.581793 2.193931
V 0.000000 -8.775724 -0.000000
I 2.193931 -6.581793 -2.193931
A 4.387862 -4.387862 -0.000000
A 2.193931 -2.193931 2.193931


-58.316525	123013213102301	1001110010110110111000011
16

W 0.000000 0.000000 0.000000
H 2.193931 2.193931 -2.193931
M 4.387862 0.000000 -4.387862
W 6.581793 -2.193931 -2.193931
N 8.775724 0.000000 0.000000
T 6.581793 2.193931 2.193931
V 4.387862 0.000000 4.387862
P 6.581793 -2.193931 6.581793
N 4.387862 -4.387862 8.775724
A 2.193931 -6.581793 6.581793
K 0.000000 -4.387862 4.387862
Q 2.193931 -2.193931 2.193931
V 4.387862 -4.387862 0.000000
I 6.581793 -6.581793 2.193931
A 8.775724 -4.387862 4.387862
A 10.969655 -2.193931 2.193931


-58.173448	132020310302301	1011010001001110001100011
16

W 0.000000 0.000000 0.000000
H 2.193931 2.193931 -2.193931
M 4.387862 0.000000 -4.387862
W 6.581793 -2.193931 -2.193931
N 8.775724 0.000000 0.000000
T 6.581793 2.193931 2.193931
V 4.387862 4.387862 0.000000
P 2.193931 6.581793 2.193931
N 0.000000 4.387862 4.387862
A 2.193931 2.193931 6.581793
K 4.387862 0.000000 4.387862
Q 2.193931 -2.193931 2.193931
V 4.387862 -4.387862 0.000000
I 2.193931 -6.581793 -2.193931
A 0.000000 -4.387862 -4.387862
A 2.193931 -2.193931 -6.581793


-58.172352	103201202103101	1000110100100100011000110
16

W 0.000000 0.000000 0.000000
H 2.193931 2.193931 -2.193931
M 4.387862 0.000000 -4.387862
W 6.581793 2.193931 -6.581793
N 4.387862 4.387862 -8.775724
T 2.193931 6.581793 -6.581793
V 0.000000 4.387862 -4.387862
P -2.193931 2.193931 -6.581793
N 0.000000 0.000000 -8.775724
A -2.193931 -2.193931 -10.969655
K -4.387862 -4.387862 -8.775724
Q -6.581793 -2.193931 -6.581793
V -4.387862 0.000000 -4.387862
I -2.193931 -2.193931 -2.193931
A 0.000000 -4.387862 -4.387862
A 2.193931 -2.193931 -6.581793


-58.172352	102301303102101	1000011100101100111000010
16

W 0.000000 0.000000 0.000000
H 2.193931 2.193931 -2.193931
M 4.387862 0.000000 -4.387862
W 6.581793 2.193931 -6.581793
N 8.775724 4.387862 -4.387862
T 6.581793 6.581793 -2.193931
V 4.387862 4.387862 -0.000000
P 6.581793 2.193931 2.193931
N 8.775724 0.000000 -0.000000
A 10.969655 -2.193931 2.193931
K 8.775724 -4.387862 4.387862
Q 6.581793 -2.193931 6.581793
V 4.387862 0.000000 4.387862
I 2.193931 -2.193931 2.193931
A 4.387862 -4.387862 -0.000000
A 6.581793 -2.193931 -2.193931


-58.157245	210130120103101	0110001011001001001000110
16

W 0.000000 0.000000 0.000000
H 2.193931 2.193931 -2.193931
M 4.387862 0.000000 -4.387862
W 6.581793 2.193931 -6.581793
N 4.387862 4.387862 -8.775724
T 2.193931 6.581793 -6.581793
V 0.000000 4.387862 -4.387862
P -2.193931 6.581793 -2.193931
N 0.000000 8.775724 -0.000000
A 2.193931 10.969655 -2.193931
K 4.387862 8.775724 -4.387862
Q 6.581793 6.581793 -2.193931
V 4.387862 4.387862 -0.000000
I 2.193931 6.581793 2.193931
A 0.000000 4.387862 4.387862
A -2.193931 2.193931 2.193931


-58.157245	310120130102101	1110001001001011001000010
16

W 0.000000 0.000000 0.000000
H 2.193931 2.193931 -2.193931
M 4.387862 0.000000 -4.387862
W 6.581793 2.193931 -6.581793
N 8.775724 4.387862 -4.387862
T 6.581793 6.581793 -2.193931
V 4.387862 4.387862 -0.000000
P 2.193931 6.581793 2.193931
N 0.000000 8.775724 -0.000000
A 2.193931 10.969655 -2.193931
K 4.387862 8.775724 -4.387862
Q 2.193931 6.581793 -6.581793
V 0.000000 4.387862 -4.387862
I -2.193931 6.581793 -2.193931
A -4.387862 4.387862 -0.000000
A -2.193931 2.193931 2.193931


-57.923073	302123120132301	1100011001111001001011011
16

W 0.000000 0.000000 0.000000
H 2.193931 2.193931 -2.193931
M 4.387862 0.000000 -4.387862
W 6.581793 -2.193931 -2.193931
N 8.775724 0.000000 0.000000
T 10.969655 -2.193931 2.193931
V 8.775724 -4.387862 4.387862
P 6.581793 -2.193931 6.581793
N 8.775724 0.000000 8.775724
A 10.969655 2.193931 6.581793
K 8.775724 4.387862 4.387862
Q 6.581793 2.193931 2.193931
V 4.387862 0.000000 4.387862
I 2.193931 -2.193931 2.193931
A 4.387862 -4.387862 0.000000
A 6.581793 -6.581793 2.193931


-57.807341	101321020120301	1000101101100001001001001
16

W 0.000000 0.000000 0.000000
H 2.193931 2.193931 -2.193931
M 4.387862 0.000000 -4.387862
W 6.581793 -2.193931 -2.193931
N 8.775724 -4.387862 -4.387862
T 6.581793 -6.581793 -6.581793
V 4.387862 -8.775724 -4.387862
P 2.193931 -6.581793 -2.193931
N 4.387862 -4.387862 -0.000000
A 2.193931 -2.193931 2.193931
K 0.000000 -4.387862 4.387862
Q -2.193931 -6.581793 2.193931
V -4.387862 -4.387862 -0.000000
I -2.193931 -2.193931 -2.193931
A 0.000000 -4.387862 -4.387862
A 2.193931 -2.193931 -6.581793


-57.697614	323103132130301	1101111000111011011011001
16

W 0.000000 0.000000 0.000000
H 2.193931 2.193931 -2.193931
M 4.387862 0.000000 -4.387862
W 6.581793 -2.193931 -2.193931
N 8.775724 -4.387862 -4.387862
T 10.969655 -6.581793 -2.193931
V 8.775724 -8.775724 0.000000
P 6.581793 -10.969655 -2.193931
N 4.387862 -8.775724 -4.387862
A 6.581793 -6.581793 -6.581793
K 4.387862 -4.387862 -8.775724
Q 2.193931 -2.193931 -6.581793
V 0.000000 -4.387862 -4.387862
I 2.193931 -6.581793 -2.193931
A 4.387862 -4.387862 -0.000000
A 6.581793 -6.581793 2.193931


-57.513698	210310210130101	0110001110000110001011000
16

W 0.000000 0.000000 0.000000
H 2.193931 2.193931 -2.193931
M 4.387862 0.000000 -4.387862
W 6.581793 2.193931 -6.581793
N 8.775724 0.000000 -8.775724
T 10.969655 -2.193931 -6.581793
V 8.775724 -4.387862 -4.387862
P 6.581793 -2.193931 -2.193931
N 4.387862 -4.387862 -0.000000
A 2.193931 -6.581793 -2.193931
K 4.387862 -8.775724 -4.387862
Q 6.581793 -6.581793 -6.581793
V 4.387862 -4.387862 -8.775724
I 2.193931 -2.193931 -6.581793
A 0.000000 -4.387862 -4.387862
A -2.193931 -6.581793 -6.581793


-57.513698	310210310120101	1110000110001110001001000
16

W 0.000000 0.000000 0.000000
H 2.193931 2.193931 -2.193931
M 4.387862 0.000000 -4.387862
W 6.581793 2.193931 -6.581793
N 8.775724 0.000000 -8.775724
T 6.581793 -2.193931 -10.969655
V 4.387862 -4.387862 -8.775724
P 2.193931 -2.193931 -6.581793
N 0.000000 -4.387862 -4.387862
A 2.193931 -6.581793 -2.193931
K 4.387862 -8.775724 -4.387862
Q 6.581793 -6.581793 -6.581793
V 8.775724 -4.387862 -4.387862
I 6.581793 -2.193931 -2.193931
A 4.387862 -4.387862 -0.000000
A 6.581793 -6.581793 2.193931


-57.509878	010323123021301	0010001101111001110001101
16

W 0.000000 0.000000 0.000000
H 2.193931 2.193931 -2.193931
M 4.387862 0.000000 -4.387862
W 6.581793 -2.193931 -2.193931
N 4.387862 -4.387862 0.000000
T 2.193931 -6.581793 -2.193931
V 4.387862 -8.775724 -4.387862
P 6.581793 -10.969655 -2.193931
N 8.775724 -8.775724 0.000000
A 10.969655 -6.581793 -2.193931
K 8.775724 -4.387862 -4.387862
Q 6.581793 -6.581793 -6.581793
V 4.387862 -4.387862 -8.775724
I 2.193931 -2.193931 -6.581793
A 0.000000 -4.387862 -4.387862
A -2.193931 -2.193931 -2.193931


-57.430872	323213012310301	1101110110110010011110001
16

W 0.000000 0.000000 0.000000
H 2.193931 2.193931 -2.193931
M 4.387862 0.000000 -4.387862
W 6.581793 -2.193931 -2.193931
N 8.775724 -4.387862 -4.387862
T 10.969655 -2.193931 -6.581793
V 8.775724 0.000000 -8.775724
P 6.581793 -2.193931 -10.969655
N 4.387862 -4.387862 -8.775724
A 2.193931 -2.193931 -6.581793
K 0.000000 0.000000 -8.775724
Q 2.193931 2.193931 -10.969655
V 4.387862 4.387862 -8.775724
I 6.581793 2.193931 -6.581793
A 8.775724 4.387862 -4.387862
A 10.969655 2.193931 -2.193931


-57.338476	010310102101301	0010001110001000011000101
16

W 0.000000 0.000000 0.000000
H 2.193931 2.193931 -2.193931
M 4.387862 0.000000 -4.387862
W 6.581793 -2.193931 -2.193931
N 4.387862 -4.387862 0.000000
T 2.193931 -2.193931 2.193931
V 0.000000 -4.387862 4.387862
P -2.193931 -6.581793 2.193931
N 0.000000 -8.775724 0.000000
A 2.193931 -6.581793 -2.193931
K 4.387862 -8.775724 -4.387862
Q 6.581793 -6.581793 -6.581793
V 4.387862 -4.387862 -8.775724
I 2.193931 -2.193931 -6.581793
A 0.000000 -4.387862 -4.387862
A -2.193931 -2.193931 -2.193931


-57.288664	103023120201301	1000110001111001000100101
16

W 0.000000 0.000000 0.000000
H 2.193931 2.193931 -2.193931
M 4.387862 0.000000 -4.387862
W 6.581793 -2.193931 -2.193931
N 4.387862 -4.387862 0.000000
T 2.193931 -2.193931 2.193931
V 4.387862 0.000000 4.387862
P 2.193931 2.193931 6.581793
N 4.387862 4.387862 8.775724
A 6.581793 6.581793 6.581793
K 4.387862 8.775724 4.387862
Q 2.193931 6.581793 2.193931
V 4.387862 4.387862 0.000000
I 6.581793 2.193931 2.193931
A 8.775724 0.000000 0.000000
A 10.969655 2.193931 -2.193931


-57.288664	303023120201301	1100110001111001000100101
16

W 0.000000 0.000000 0.000000
H 2.193931 2.193931 -2.193931
M 4.387862 0.000000 -4.387862
W 6.581793 -2.193931 -2.193931
N 4.387862 -4.387862 0.000000
T 2.193931 -2.193931 2.193931
V 4.387862 0.000000 4.387862
P 2.193931 2.193931 6.581793
N 4.387862 4.387862 8.775724
A 6.581793 6.581793 6.581793
K 4.387862 8.775724 4.387862
Q 2.193931 6.581793 2.193931
V 4.387862 4.387862 0.000000
I 6.581793 2.193931 2.193931
A 8.775724 0.000000 0.000000
A 10.969655 -2.193931 2.193931


-57.182290	320301302103101	1101001100101100011000110
16

W 0.000000 0.000000 0.000000
H 2.193931 2.193931 -2.193931
M 4.387862 0.000000 -4.387862
W 6.581793 2.193931 -6.581793
N 4.387862 4.387862 -8.775724
T 2.193931 6.581793 -6.581793
V 0.000000 4.387862 -4.387862
P -2.193931 2.193931 -6.581793
N 0.000000 0.000000 -8.775724
A 2.193931 -2.193931 -6.581793
K 0.000000 -4.387862 -4.387862
Q -2.193931 -2.193931 -2.193931
V -4.387862 0.000000 -4.387862
I -6.581793 2.193931 -2.193931
A -4.387862 4.387862 -0.000000
A -2.193931 2.193931 2.193931


-57.182290	230201203102101	0111000100100100111000010
16

W 0.000000 0.000000 0.000000
H 2.193931 2.193931 -2.193931
M 4.387862 0.000000 -4.387862
W 6.581793 2.193931 -6.581793
N 8.775724 4.387862 -4.387862
T 6.581793 6.581793 -2.193931
V 4.387862 4.387862 -0.000000
P 6.581793 2.193931 2.193931
N 8.775724 0.000000 -0.000000
A 6.581793 -2.193931 -2.193931
K 4.387862 -4.387862 -0.000000
Q 2.193931 -2.193931 2.193931
V 4.387862 0.000000 4.387862
I 2.193931 2.193931 6.581793
A 0.000000 4.387862 4.387862
A -2.193931 2.193931 2.193931


-57.178499	303103231031301	1100111000110111100011101
16

W 0.000000 0.000000 0.000000
H 2.193931 2.193931 -2.193931
M 4.387862 0.000000 -4.387862
W 6.581793 -2.193931 -2.193931
N 4.387862 -4.387862 0.000000
T 6.581793 -6.581793 2.193931
V 8.775724 -8.775724 0.000000
P 10.969655 -6.581793 -2.193931
N 8.775724 -4.387862 -4.387862
A 6.581793 -6.581793 -6.581793
K 4.387862 -4.387862 -8.775724
Q 2.193931 -2.193931 -6.581793
V 0.000000 -4.387862 -4.387862
I 2.193931 -6.581793 -2.193931
A 4.387862 -8.775724 -4.387862
A 6.581793 -10.969655 -2.193931


-57.102829	102013010210301	1000010010110010000110001
16

W 0.000000 0.000000 0.000000
H 2.193931 2.193931 -2.193931
M 4.387862 0.000000 -4.387862
W 6.581793 -2.193931 -2.193931
N 8.775724 -4.387862 -4.387862
T 10.969655 -2.193931 -6.581793
V 13.163586 0.000000 -4.387862
P 10.969655 2.193931 -2.193931
N 8.775724 0.000000 -0.000000
A 6.581793 2.193931 2.193931
K 4.387862 4.387862 -0.000000
Q 6.581793 6.581793 -2.193931
V 8.775724 4.387862 -4.387862
I 6.581793 2.193931 -6.581793
A 8.775724 0.000000 -8.775724
A 10.969655 2.193931 -10.969655


-57.102829	203021020320101	0100110001100001001101000
16

W 0.000000 0.000000 0.000000
H 2.193931 2.193931 -2.193931
M 4.387862 0.000000 -4.387862
W 6.581793 2.193931 -6.581793
N 8.775724 0.000000 -8.775724
T 6.581793 -2.193931 -10.969655
V 4.387862 0.000000 -13.163586
P 2.193931 2.193931 -10.969655
N 4.387862 4.387862 -8.775724
A 2.193931 6.581793 -6.581793
K 0.000000 4.387862 -4.387862
Q -2.193931 2.193931 -6.581793
V 0.000000 0.000000 -8.775724
I 2.193931 -2.193931 -6.581793
A 4.387862 -4.387862 -8.775724
A 2.193931 -6.581793 -10.969655


-57.102829	202031030230101	0100010011100011000111000
16

W 0.000000 0.000000 0.000000
H 2.193931 2.193931 -2.193931
M 4.387862 0.000000 -4.387862
W 6.581793 2.193931 -6.581793
N 8.775724 0.000000 -8.775724
T 10.969655 -2.193931 -6.581793
V 13.163586 0.000000 -4.387862
P 10.969655 2.193931 -2.193931
N 8.775724 4.387862 -4.387862
A 6.581793 6.581793 -2.193931
K 4.387862 4.387862 -0.000000
Q 6.581793 2.193931 2.193931
V 8.775724 0.000000 -0.000000
I 6.581793 -2.193931 -2.193931
A 8.775724 -4.387862 -4.387862
A 6.581793 -6.581793 -6.581793


-57.102829	202013010210301	0100010010110010000110001
16

W 0.000000 0.000000 0.000000
H 2.193931 2.193931 -2.193931
M 4.387862 0.000000 -4.387862
W 6.581793 -2.193931 -2.193931
N 8.775724 -4.387862 -4.387862
T 10.969655 -2.193931 -6.581793
V 13.163586 0.000000 -4.387862
P 10.969655 2.193931 -2.193931
N 8.775724 0.000000 -0.000000
A 6.581793 2.193931 2.193931
K 4.387862 4.387862 -0.000000
Q 6.581793 6.581793 -2.193931
V 8.775724 4.387862 -4.387862
I 6.581793 2.193931 -6.581793
A 8.775724 0.000000 -8.775724
A 6.581793 -2.193931 -10.969655


-57.102829	303021020320101	1100110001100001001101000
16

W 0.000000 0.000000 0.000000
H 2.193931 2.193931 -2.193931
M 4.387862 0.000000 -4.387862
W 6.581793 2.193931 -6.581793
N 8.775724 0.000000 -8.775724
T 6.581793 -2.193931 -10.969655
V 4.387862 0.000000 -13.163586
P 2.193931 2.193931 -10.969655
N 4.387862 4.387862 -8.775724
A 2.193931 6.581793 -6.581793
K 0.000000 4.387862 -4.387862
Q -2.193931 2.193931 -6.581793
V 0.000000 0.000000 -8.775724
I 2.193931 -2.193931 -6.581793
A 4.387862 -4.387862 -8.775724
A 6.581793 -6.581793 -6.581793


-57.102829	302031030230101	1100010011100011000111000
16

W 0.000000 0.000000 0.000000
H 2.193931 2.193931 -2.193931
M 4.387862 0.000000 -4.387862
W 6.581793 2.193931 -6.581793
N 8.775724 0.000000 -8.775724
T 10.969655 -2.193931 -6.581793
V 13.163586 0.000000 -4.387862
P 10.969655 2.193931 -2.193931
N 8.775724 4.387862 -4.387862
A 6.581793 6.581793 -2.193931
K 4.387862 4.387862 -0.000000
Q 6.581793 2.193931 2.193931
V 8.775724 0.000000 -0.000000
I 6.581793 -2.193931 -2.193931
A 8.775724 -4.387862 -4.387862
A 10.969655 -6.581793 -2.193931


-57.080622	030320123201301	0011001101001001110100101
16

W 0.000000 0.000000 0.000000
H 2.193931 2.193931 -2.193931
M 4.387862 0.000000 -4.387862
W 6.581793 -2.193931 -2.193931
N 4.387862 -4.387862 0.000000
T 2.193931 -2.193931 2.193931
V 4.387862 0.000000 4.387862
P 6.581793 -2.193931 6.581793
N 8.775724 0.000000 8.775724
A 10.969655 2.193931 6.581793
K 13.163586 0.000000 4.387862
Q 10.969655 -2.193931 2.193931
V 8.775724 0.000000 0.000000
I 6.581793 2.193931 2.193931
A 4.387862 4.387862 0.000000
A 2.193931 6.581793 2.193931


-57.080622	130320123201301	1011001101001001110100101
16

W 0.000000 0.000000 0.000000
H 2.193931 2.193931 -2.193931
M 4.387862 0.000000 -4.387862
W 6.581793 -2.193931 -2.193931
N 4.387862 -4.387862 0.000000
T 2.193931 -2.193931 2.193931
V 4.387862 0.000000 4.387862
P 6.581793 -2.193931 6.581793
N 8.775724 0.000000 8.775724
A 10.969655 2.193931 6.581793
K 13.163586 0.000000 4.387862
Q 10.969655 -2.193931 2.193931
V 8.775724 0.000000 0.000000
I 6.581793 2.193931 2.193931
A 4.387862 4.387862 0.000000
A 6.581793 6.581793 -2.193931


-57.062188	031312012132101	0011101110010010011011010
16

W 0.000000 0.000000 0.000000
H 2.193931 2.193931 -2.193931
M 4.387862 0.000000 -4.387862
W 6.581793 2.193931 -6.581793
N 8.775724 4.387862 -4.387862
T 10.969655 2.193931 -2.193931
V 8.775724 0.000000 -0.000000
P 6.581793 -2.193931 -2.193931
N 4.387862 -4.387862 -0.000000
A 2.193931 -2.193931 2.193931
K 4.387862 0.000000 4.387862
Q 6.581793 2.193931 2.193931
V 4.387862 4.387862 -0.000000
I 6.581793 6.581793 -2.193931
A 4.387862 8.775724 -4.387862
A 2.193931 10.969655 -2.193931


-57.062188	031213013123101	0011100110110010111001110
16

W 0.000000 0.000000 0.000000
H 2.193931 2.193931 -2.193931
M 4.387862 0.000000 -4.387862
W 6.581793 2.193931 -6.581793
N 4.387862 4.387862 -8.775724
T 2.193931 2.193931 -10.969655
V 0.000000 0.000000 -8.775724
P 2.193931 -2.193931 -6.581793
N 0.000000 -4.387862 -4.387862
A -2.193931 -2.193931 -2.193931
K -4.387862 0.000000 -4.387862
Q -2.193931 2.193931 -6.581793
V 0.000000 4.387862 -4.387862
I 2.193931 6.581793 -6.581793
A 0.000000 8.775724 -8.775724
A -2.193931 10.969655 -6.581793


-57.062188	021312012132101	0001101110010010011011010
16

W 0.000000 0.000000 0.000000
H 2.193931 2.193931 -2.193931
M 4.387862 0.000000 -4.387862
W 6.581793 2.193931 -6.581793
N 8.775724 4.387862 -4.387862
T 10.969655 2.193931 -2.193931
V 8.775724 0.000000 -0.000000
P 6.581793 -2.193931 -2.193931
N 4.387862 -4.387862 -0.000000
A 2.193931 -2.193931 2.193931
K 4.387862 0.000000 4.387862
Q 6.581793 2.193931 2.193931
V 4.387862 4.387862 -0.000000
I 6.581793 6.581793 -2.193931
A 8.775724 8.775724 -0.000000
A 6.581793 10.969655 2.193931


-57.062188	021213013123101	0001100110110010111001110
16

W 0.000000 0.000000 0.000000
H 2.193931 2.193931 -2.193931
M 4.387862 0.000000 -4.387862
W 6.581793 2.193931 -6.581793
N 4.387862 4.387862 -8.775724
T 2.193931 2.193931 -10.969655
V 0.000000 0.000000 -8.775724
P 2.193931 -2.193931 -6.581793
N 0.000000 -4.387862 -4.387862
A -2.193931 -2.193931 -2.193931
K -4.387862 0.000000 -4.387862
Q -2.193931 2.193931 -6.581793
V 0.000000 4.387862 -4.387862
I 2.193931 6.581793 -6.581793
A 4.387862 8.775724 -4.387862
A 2.193931 10.969655 -2.193931


-57.062188	131312012132101	1011101110010010011011010
16

W 0.000000 0.000000 0.000000
H 2.193931 2.193931 -2.193931
M 4.387862 0.000000 -4.387862
W 6.581793 2.193931 -6.581793
N 8.775724 4.387862 -4.387862
T 10.969655 2.193931 -2.193931
V 8.775724 0.000000 -0.000000
P 6.581793 -2.193931 -2.193931
N 4.387862 -4.387862 -0.000000
A 2.193931 -2.193931 2.193931
K 4.387862 0.000000 4.387862
Q 6.581793 2.193931 2.193931
V 4.387862 4.387862 -0.000000
I 6.581793 6.581793 -2.193931
A 4.387862 8.775724 -4.387862
A 6.581793 10.969655 -6.581793


-57.062188	131213013123101	1011100110110010111001110
16

W 0.000000 0.000000 0.000000
H 2.193931 2.193931 -2.193931
M 4.387862 0.000000 -4.387862
W 6.581793 2.193931 -6.581793
N 4.387862 4.387862 -8.775724
T 2.193931 2.193931 -10.969655
V 0.000000 0.000000 -8.775724
P 2.193931 -2.193931 -6.581793
N 0.000000 -4.387862 -4.387862
A -2.193931 -2.193931 -2.193931
K -4.387862 0.000000 -4.387862
Q -2.193931 2.193931 -6.581793
V 0.000000 4.387862 -4.387862
I 2.193931 6.581793 -6.581793
A 0.000000 8.775724 -8.775724
A 2.193931 10.969655 -10.969655


-57.062188	121312012132101	1001101110010010011011010
16

W 0.000000 0.000000 0.000000
H 2.193931 2.193931 -2.193931
M 4.387862 0.000000 -4.387862
W 6.581793 2.193931 -6.581793
N 8.775724 4.387862 -4.387862
T 10.969655 2.193931 -2.193931
V 8.775724 0.000000 -0.000000
P 6.581793 -2.193931 -2.193931
N 4.387862 -4.387862 -0.000000
A 2.193931 -2.193931 2.193931
K 4.387862 0.000000 4.387862
Q 6.581793 2.193931 2.193931
V 4.387862 4.387862 -0.000000
I 6.581793 6.581793 -2.193931
A 8.775724 8.775724 -0.000000
A 10.969655 10.969655 -2.193931


-57.062188	121213013123101	1001100110110010111001110
16

W 0.000000 0.000000 0.000000
H 2.193931 2.193931 -2.193931
M 4.387862 0.000000 -4.387862
W 6.581793 2.193931 -6.581793
N 4.387862 4.387862 -8.775724
T 2.193931 2.193931 -10.969655
V 0.000000 0.000000 -8.775724
P 2.193931 -2.193931 -6.581793
N 0.000000 -4.387862 -4.387862
A -2.193931 -2.193931 -2.193931
K -4.387862 0.000000 -4.387862
Q -2.193931 2.193931 -6.581793
V 0.000000 4.387862 -4.387862
I 2.193931 6.581793 -6.581793
A 4.387862 8.775724 -4.387862
A 6.581793 10.969655 -6.581793


-57.015241	132310312102301	1011011110001110011000011
16

W 0.000000 0.000000 0.000000
H 2.193931 2.193931 -2.193931
M 4.387862 0.000000 -4.387862
W 6.581793 -2.193931 -2.193931
N 8.775724 0.000000 0.000000
T 6.581793 2.193931 2.193931
V 4.387862 0.000000 4.387862
P 2.193931 -2.193931 2.193931
N 0.000000 -4.387862 4.387862
A 2.193931 -6.581793 6.581793
K 4.387862 -8.775724 4.387862
Q 6.581793 -6.581793 2.193931
V 4.387862 -4.387862 0.000000
I 2.193931 -6.581793 -2.193931
A 0.000000 -4.387862 -4.387862
A 2.193931 -2.193931 -6.581793


-56.871569	032020310302301	0011010001001110001100011
16

W 0.000000 0.000000 0.000000
H 2.193931 2.193931 -2.193931
M 4.387862 0.000000 -4.387862
W 6.581793 -2.193931 -2.193931
N 8.775724 0.000000 0.000000
T 6.581793 2.193931 2.193931
V 4.387862 4.387862 0.000000
P 2.193931 6.581793 2.193931
N 0.000000 4.387862 4.387862
A 2.193931 2.193931 6.581793
K 4.387862 0.000000 4.387862
Q 2.193931 -2.193931 2.193931
V 4.387862 -4.387862 0.000000
I 2.193931 -6.581793 -2.193931
A 0.000000 -4.387862 -4.387862
A -2.193931 -2.193931 -2.193931


-56.790990	210312012132101	0110001110010010011011010
16

W 0.000000 0.000000 0.000000
H 2.193931 2.193931 -2.193931
M 4.387862 0.000000 -4.387862
W 6.581793 2.193931 -6.581793
N 8.775724 4.387862 -4.387862
T 10.969655 2.193931 -2.193931
V 8.775724 0.000000 -0.000000
P 6.581793 -2.193931 -2.193931
N 4.387862 -4.387862 -0.000000
A 2.193931 -2.193931 2.193931
K 4.387862 0.000000 4.387862
Q 6.581793 2.193931 2.193931
V 4.387862 4.387862 -0.000000
I 2.193931 6.581793 2.193931
A 0.000000 4.387862 4.387862
A -2.193931 2.193931 2.193931


-56.790990	310213013123101	1110000110110010111001110
16

W 0.000000 0.000000 0.000000
H 2.193931 2.193931 -2.193931
M 4.387862 0.000000 -4.387862
W 6.581793 2.193931 -6.581793
N 4.387862 4.387862 -8.775724
T 2.193931 2.193931 -10.969655
V 0.000000 0.000000 -8.775724
P 2.193931 -2.193931 -6.581793
N 0.000000 -4.387862 -4.387862
A -2.193931 -2.193931 -2.193931
K -4.387862 0.000000 -4.387862
Q -2.193931 2.193931 -6.581793
V 0.000000 4.387862 -4.387862
I -2.193931 6.581793 -2.193931
A -4.387862 4.387862 -0.000000
A -2.193931 2.193931 2.193931


-56.788641	321210213102101	1101100110000110111000010
16

W 0.000000 0.000000 0.000000
H 2.193931 2.193931 -2.193931
M 4.387862 0.000000 -4.387862
W 6.581793 2.193931 -6.581793
N 8.775724 4.387862 -4.387862
T 6.581793 6.581793 -2.193931
V 4.387862 4.387862 -0.000000
P 6.581793 2.193931 2.193931
N 4.387862 0.000000 4.387862
A 2.193931 -2.193931 2.193931
K 4.387862 -4.387862 -0.000000
Q 6.581793 -2.193931 -2.193931
V 8.775724 0.000000 -0.000000
I 10.969655 2.193931 -2.193931
A 13.163586 4.387862 -0.000000
A 15.357517 2.193931 2.193931


-56.788641	101310312103101	1000101110001110011000110
16

W 0.000000 0.000000 0.000000
H 2.193931 2.193931 -2.193931
M 4.387862 0.000000 -4.387862
W 6.581793 2.193931 -6.581793
N 4.387862 4.387862 -8.775724
T 2.193931 6.581793 -6.581793
V 0.000000 4.387862 -4.387862
P -2.193931 2.193931 -6.581793
N -4.387862 0.000000 -4.387862
A -2.193931 -2.193931 -2.193931
K 0.000000 -4.387862 -4.387862
Q 2.193931 -2.193931 -6.581793
V 0.000000 0.000000 -8.775724
I 2.193931 2.193931 -10.969655
A 4.387862 0.000000 -13.163586
A 6.581793 2.193931 -15.357517


-56.788641	101210213102101	1000100110000110111000010
16

W 0.000000 0.000000 0.000000
H 2.193931 2.193931 -2.193931
M 4.387862 0.000000 -4.387862
W 6.581793 2.193931 -6.581793
N 8.775724 4.387862 -4.387862
T 6.581793 6.581793 -2.193931
V 4.387862 4.387862 -0.000000
P 6.581793 2.193931 2.193931
N 4.387862 0.000000 4.387862
A 2.193931 -2.193931 2.193931
K 4.387862 -4.387862 -0.000000
Q 6.581793 -2.193931 -2.193931
V 8.775724 0.000000 -0.000000
I 10.969655 2.193931 -2.193931
A 13.163586 0.000000 -4.387862
A 15.357517 2.193931 -6.581793


