-36.760000	012130231032120123102301	0010011011000111100011011001001001111000011
25

K 0.000000 0.000000 0.000000
K 2.193931 2.193931 -2.193931
P 4.387862 0.000000 -4.387862
G 6.581793 -2.193931 -2.193931
A 8.775724 0.000000 0.000000
S 6.581793 2.193931 2.193931
L 4.387862 0.000000 4.387862
A 6.581793 -2.193931 6.581793
A 8.775724 0.000000 8.775724
L 10.969655 2.193931 6.581793
Q 13.163586 0.000000 4.387862
A 10.969655 -2.193931 2.193931
L 8.775724 -4.387862 4.387862
Q 6.581793 -6.581793 2.193931
A 4.387862 -4.387862 0.000000
L 2.193931 -2.193931 2.193931
Q 0.000000 -4.387862 4.387862
A 2.193931 -6.581793 6.581793
A 4.387862 -4.387862 8.775724
Q 2.193931 -2.193931 10.969655
A 0.000000 -0.000000 8.775724
A 2.193931 2.193931 6.581793
K 4.387862 4.387862 8.775724
K 6.581793 6.581793 6.581793
Y 8.775724 4.387862 4.387862


-36.050000	102021310312013010120101	1000010001101110001110010010110010001001000
25

K 0.000000 0.000000 0.000000
K 2.193931 2.193931 -2.193931
P 4.387862 0.000000 -4.387862
G 6.581793 2.193931 -6.581793
A 8.775724 0.000000 -8.775724
S 6.581793 -2.193931 -10.969655
L 4.387862 -4.387862 -8.775724
A 2.193931 -2.193931 -6.581793
A 0.000000 -4.387862 -4.387862
L -2.193931 -2.193931 -2.193931
Q -4.387862 0.000000 -4.387862
A -2.193931 2.193931 -6.581793
L 0.000000 0.000000 -8.775724
Q -2.193931 -2.193931 -10.969655
A -4.387862 -4.387862 -8.775724
L -2.193931 -6.581793 -6.581793
Q 0.000000 -8.775724 -8.775724
A 2.193931 -6.581793 -10.969655
A 0.000000 -4.387862 -13.163586
Q 2.193931 -2.193931 -15.357517
A 4.387862 -0.000000 -13.163586
A 2.193931 2.193931 -10.969655
K 4.387862 4.387862 -8.775724
K 2.193931 6.581793 -6.581793
Y 0.000000 4.387862 -4.387862


-36.050000	103031210213012010130101	1000110011100110000110110010010010001011000
25

K 0.000000 0.000000 0.000000
K 2.193931 2.193931 -2.193931
P 4.387862 0.000000 -4.387862
G 6.581793 2.193931 -6.581793
A 8.775724 0.000000 -8.775724
S 10.969655 -2.193931 -6.581793
L 8.775724 -4.387862 -4.387862
A 6.581793 -2.193931 -2.193931
A 4.387862 -4.387862 -0.000000
L 2.193931 -2.193931 2.193931
Q 4.387862 0.000000 4.387862
A 6.581793 2.193931 2.193931
L 8.775724 0.000000 -0.000000
Q 10.969655 -2.193931 2.193931
A 8.775724 -4.387862 4.387862
L 6.581793 -6.581793 2.193931
Q 8.775724 -8.775724 -0.000000
A 10.969655 -6.581793 -2.193931
A 13.163586 -4.387862 -0.000000
Q 15.357517 -2.193931 -2.193931
A 13.163586 -0.000000 -4.387862
A 10.969655 2.193931 -2.193931
K 8.775724 4.387862 -4.387862
K 6.581793 6.581793 -2.193931
Y 4.387862 4.387862 -0.000000


-35.860000	013021321203102031231301	0010110001101101100100111000010011100111101
25

K 0.000000 0.000000 0.000000
K 2.193931 2.193931 -2.193931
P 4.387862 0.000000 -4.387862
G 6.581793 -2.193931 -2.193931
A 4.387862 -4.387862 0.000000
S 6.581793 -6.581793 2.193931
L 8.775724 -4.387862 4.387862
A 10.969655 -2.193931 2.193931
A 8.775724 -0.000000 0.000000
L 6.581793 2.193931 2.193931
Q 8.775724 4.387862 4.387862
A 6.581793 6.581793 6.581793
L 4.387862 4.387862 8.775724
Q 6.581793 2.193931 10.969655
A 8.775724 -0.000000 8.775724
L 6.581793 -2.193931 6.581793
Q 4.387862 -4.387862 8.775724
A 2.193931 -6.581793 6.581793
A 0.000000 -4.387862 4.387862
Q 2.193931 -2.193931 2.193931
A 4.387862 -0.000000 4.387862
A 2.193931 2.193931 6.581793
K 0.000000 4.387862 4.387862
K 2.193931 6.581793 2.193931
Y 4.387862 4.387862 0.000000


-35.480000	032130201203123023210101	0011011011000100100100111001110001110110000
25

K 0.000000 0.000000 0.000000
K 2.193931 2.193931 -2.193931
P 4.387862 0.000000 -4.387862
G 6.581793 2.193931 -6.581793
A 8.775724 0.000000 -8.775724
S 10.969655 2.193931 -10.969655
L 13.163586 4.387862 -8.775724
A 15.357517 2.193931 -6.581793
A 17.551448 4.387862 -4.387862
L 15.357517 6.581793 -2.193931
Q 13.163586 8.775724 -4.387862
A 10.969655 6.581793 -6.581793
L 8.775724 4.387862 -4.387862
Q 10.969655 2.193931 -2.193931
A 13.163586 0.000000 -4.387862
L 10.969655 -2.193931 -6.581793
Q 8.775724 -4.387862 -4.387862
A 6.581793 -2.193931 -2.193931
A 8.775724 0.000000 -0.000000
Q 6.581793 2.193931 2.193931
A 4.387862 4.387862 -0.000000
A 6.581793 6.581793 -2.193931
K 8.775724 8.775724 -0.000000
K 10.969655 6.581793 2.193931
Y 13.163586 4.387862 -0.000000


-35.480000	012310203201321021230301	0010011110000100110100101101100001100111001
25

K 0.000000 0.000000 0.000000
K 2.193931 2.193931 -2.193931
P 4.387862 0.000000 -4.387862
G 6.581793 -2.193931 -2.193931
A 8.775724 -4.387862 -4.387862
S 10.969655 -6.581793 -2.193931
L 13.163586 -4.387862 0.000000
A 15.357517 -2.193931 -2.193931
A 17.551448 -0.000000 0.000000
L 15.357517 2.193931 2.193931
Q 13.163586 -0.000000 4.387862
A 10.969655 -2.193931 2.193931
L 8.775724 -0.000000 0.000000
Q 10.969655 2.193931 -2.193931
A 13.163586 -0.000000 -4.387862
L 10.969655 -2.193931 -6.581793
Q 8.775724 -0.000000 -8.775724
A 6.581793 2.193931 -6.581793
A 8.775724 4.387862 -4.387862
Q 6.581793 6.581793 -2.193931
A 4.387862 4.387862 -0.000000
A 6.581793 2.193931 2.193931
K 8.775724 4.387862 4.387862
K 10.969655 6.581793 2.193931
Y 13.163586 4.387862 -0.000000


-35.480000	023120301302132032310101	0001111001001100101100011011010011011110000
25

K 0.000000 0.000000 0.000000
K 2.193931 2.193931 -2.193931
P 4.387862 0.000000 -4.387862
G 6.581793 2.193931 -6.581793
A 8.775724 0.000000 -8.775724
S 10.969655 2.193931 -10.969655
L 8.775724 4.387862 -13.163586
A 6.581793 2.193931 -15.357517
A 4.387862 4.387862 -17.551448
L 2.193931 6.581793 -15.357517
Q 4.387862 8.775724 -13.163586
A 6.581793 6.581793 -10.969655
L 4.387862 4.387862 -8.775724
Q 2.193931 2.193931 -10.969655
A 4.387862 0.000000 -13.163586
L 6.581793 -2.193931 -10.969655
Q 4.387862 -4.387862 -8.775724
A 2.193931 -2.193931 -6.581793
A 0.000000 0.000000 -8.775724
Q -2.193931 2.193931 -6.581793
A 0.000000 4.387862 -4.387862
A 2.193931 6.581793 -6.581793
K 0.000000 8.775724 -8.775724
K -2.193931 6.581793 -10.969655
Y 0.000000 4.387862 -13.163586


-35.340000	123031210213212012132101	1001110011100110000110110110010010011011010
25

K 0.000000 0.000000 0.000000
K 2.193931 2.193931 -2.193931
P 4.387862 0.000000 -4.387862
G 6.581793 2.193931 -6.581793
A 8.775724 4.387862 -4.387862
S 10.969655 2.193931 -2.193931
L 8.775724 0.000000 -0.000000
A 6.581793 -2.193931 -2.193931
A 4.387862 -4.387862 -0.000000
L 2.193931 -2.193931 2.193931
Q 4.387862 0.000000 4.387862
A 6.581793 2.193931 2.193931
L 8.775724 4.387862 4.387862
Q 10.969655 2.193931 6.581793
A 8.775724 0.000000 8.775724
L 6.581793 -2.193931 6.581793
Q 8.775724 -4.387862 4.387862
A 10.969655 -2.193931 2.193931
A 13.163586 0.000000 4.387862
Q 15.357517 2.193931 2.193931
A 13.163586 4.387862 -0.000000
A 10.969655 6.581793 2.193931
K 8.775724 8.775724 -0.000000
K 6.581793 6.581793 -2.193931
Y 4.387862 4.387862 -0.000000


-35.340000	132021310312313013123101	1011010001101110001110011110110010111001110
25

K 0.000000 0.000000 0.000000
K 2.193931 2.193931 -2.193931
P 4.387862 0.000000 -4.387862
G 6.581793 2.193931 -6.581793
A 4.387862 4.387862 -8.775724
S 2.193931 2.193931 -10.969655
L 0.000000 0.000000 -8.775724
A 2.193931 -2.193931 -6.581793
A 0.000000 -4.387862 -4.387862
L -2.193931 -2.193931 -2.193931
Q -4.387862 0.000000 -4.387862
A -2.193931 2.193931 -6.581793
L -4.387862 4.387862 -8.775724
Q -6.581793 2.193931 -10.969655
A -8.775724 0.000000 -8.775724
L -6.581793 -2.193931 -6.581793
Q -4.387862 -4.387862 -8.775724
A -2.193931 -2.193931 -10.969655
A -4.387862 0.000000 -13.163586
Q -2.193931 2.193931 -15.357517
A 0.000000 4.387862 -13.163586
A -2.193931 6.581793 -10.969655
K 0.000000 8.775724 -8.775724
K 2.193931 6.581793 -6.581793
Y 0.000000 4.387862 -4.387862


-35.330000	012321301032120123102301	0010011101101100100011011001001001111000011
25

K 0.000000 0.000000 0.000000
K 2.193931 2.193931 -2.193931
P 4.387862 0.000000 -4.387862
G 6.581793 -2.193931 -2.193931
A 8.775724 0.000000 0.000000
S 6.581793 2.193931 2.193931
L 4.387862 0.000000 4.387862
A 6.581793 -2.193931 6.581793
A 8.775724 0.000000 8.775724
L 10.969655 2.193931 6.581793
Q 13.163586 0.000000 4.387862
A 10.969655 -2.193931 2.193931
L 8.775724 -4.387862 4.387862
Q 6.581793 -6.581793 2.193931
A 4.387862 -4.387862 0.000000
L 2.193931 -2.193931 2.193931
Q 0.000000 -4.387862 4.387862
A -2.193931 -2.193931 6.581793
A -4.387862 -0.000000 4.387862
Q -2.193931 2.193931 2.193931
A 0.000000 4.387862 4.387862
A 2.193931 2.193931 6.581793
K 4.387862 4.387862 8.775724
K 6.581793 6.581793 6.581793
Y 8.775724 4.387862 4.387862


-35.260000	130301312012312013130101	1011001100101110010010011110010010111011000
25

K 0.000000 0.000000 0.000000
K 2.193931 2.193931 -2.193931
P 4.387862 0.000000 -4.387862
G 6.581793 2.193931 -6.581793
A 8.775724 0.000000 -8.775724
S 10.969655 -2.193931 -6.581793
L 8.775724 -4.387862 -4.387862
A 10.969655 -6.581793 -2.193931
A 8.775724 -8.775724 -0.000000
L 6.581793 -6.581793 2.193931
Q 8.775724 -4.387862 4.387862
A 10.969655 -2.193931 2.193931
L 8.775724 -0.000000 -0.000000
Q 6.581793 -2.193931 -2.193931
A 4.387862 -4.387862 -0.000000
L 2.193931 -2.193931 2.193931
Q 4.387862 -0.000000 4.387862
A 6.581793 2.193931 2.193931
A 4.387862 4.387862 -0.000000
Q 6.581793 6.581793 -2.193931
A 8.775724 4.387862 -4.387862
A 10.969655 2.193931 -2.193931
K 13.163586 -0.000000 -4.387862
K 15.357517 -2.193931 -2.193931
Y 13.163586 -4.387862 -0.000000


-35.260000	120201213013213012120101	1001000100100110110010110110110010011001000
25

K 0.000000 0.000000 0.000000
K 2.193931 2.193931 -2.193931
P 4.387862 0.000000 -4.387862
G 6.581793 2.193931 -6.581793
A 8.775724 0.000000 -8.775724
S 6.581793 -2.193931 -10.969655
L 4.387862 -4.387862 -8.775724
A 2.193931 -6.581793 -10.969655
A 0.000000 -8.775724 -8.775724
L -2.193931 -6.581793 -6.581793
Q -4.387862 -4.387862 -8.775724
A -2.193931 -2.193931 -10.969655
L 0.000000 -0.000000 -8.775724
Q 2.193931 -2.193931 -6.581793
A 0.000000 -4.387862 -4.387862
L -2.193931 -2.193931 -2.193931
Q -4.387862 -0.000000 -4.387862
A -2.193931 2.193931 -6.581793
A 0.000000 4.387862 -4.387862
Q 2.193931 6.581793 -6.581793
A 4.387862 4.387862 -8.775724
A 2.193931 2.193931 -10.969655
K 4.387862 -0.000000 -13.163586
K 2.193931 -2.193931 -15.357517
Y 0.000000 -4.387862 -13.163586


-35.240000	013012312103201032132301	0010110010011110011000110100100011011011011
25

K 0.000000 0.000000 0.000000
K 2.193931 2.193931 -2.193931
P 4.387862 0.000000 -4.387862
G 6.581793 -2.193931 -2.193931
A 8.775724 0.000000 0.000000
S 10.969655 -2.193931 2.193931
L 8.775724 -4.387862 4.387862
A 6.581793 -6.581793 2.193931
A 4.387862 -4.387862 0.000000
L 2.193931 -2.193931 2.193931
Q 0.000000 -4.387862 4.387862
A -2.193931 -2.193931 6.581793
L 0.000000 -0.000000 8.775724
Q 2.193931 -2.193931 10.969655
A 4.387862 -4.387862 8.775724
L 6.581793 -2.193931 6.581793
Q 8.775724 -0.000000 8.775724
A 10.969655 2.193931 6.581793
A 8.775724 4.387862 4.387862
Q 6.581793 2.193931 2.193931
A 4.387862 -0.000000 4.387862
A 2.193931 2.193931 6.581793
K 0.000000 4.387862 4.387862
K 2.193931 6.581793 2.193931
Y 4.387862 4.387862 0.000000


-35.120000	103232032301213210302301	1000110111010011011100100110110110001100011
25

K 0.000000 0.000000 0.000000
K 2.193931 2.193931 -2.193931
P 4.387862 0.000000 -4.387862
G 6.581793 -2.193931 -2.193931
A 8.775724 0.000000 0.000000
S 6.581793 2.193931 2.193931
L 4.387862 4.387862 0.000000
A 2.193931 6.581793 2.193931
A 0.000000 4.387862 4.387862
L -2.193931 2.193931 2.193931
Q -4.387862 4.387862 0.000000
A -2.193931 6.581793 -2.193931
L 0.000000 8.775724 0.000000
Q 2.193931 10.969655 -2.193931
A 4.387862 8.775724 -4.387862
L 6.581793 6.581793 -2.193931
Q 8.775724 8.775724 0.000000
A 10.969655 6.581793 2.193931
A 13.163586 4.387862 0.000000
Q 10.969655 2.193931 -2.193931
A 8.775724 4.387862 -4.387862
A 6.581793 2.193931 -6.581793
K 4.387862 4.387862 -8.775724
K 2.193931 6.581793 -6.581793
Y 0.000000 4.387862 -4.387862


-35.120000	320103201302123120123101	1101001000110100101100011001111001001001110
25

K 0.000000 0.000000 0.000000
K 2.193931 2.193931 -2.193931
P 4.387862 0.000000 -4.387862
G 6.581793 2.193931 -6.581793
A 4.387862 4.387862 -8.775724
S 2.193931 2.193931 -10.969655
L 0.000000 0.000000 -8.775724
A -2.193931 2.193931 -6.581793
A 0.000000 4.387862 -4.387862
L 2.193931 6.581793 -6.581793
Q 0.000000 8.775724 -8.775724
A -2.193931 6.581793 -10.969655
L -4.387862 4.387862 -8.775724
Q -6.581793 2.193931 -10.969655
A -4.387862 0.000000 -13.163586
L -2.193931 -2.193931 -10.969655
Q -4.387862 -4.387862 -8.775724
A -6.581793 -2.193931 -6.581793
A -4.387862 0.000000 -4.387862
Q -2.193931 -2.193931 -2.193931
A 0.000000 -4.387862 -4.387862
A 2.193931 -2.193931 -6.581793
K 4.387862 -4.387862 -8.775724
K 2.193931 -6.581793 -10.969655
Y 0.000000 -4.387862 -13.163586


-35.120000	230102301203132130132101	0111001000011100100100111011011011001011010
25

K 0.000000 0.000000 0.000000
K 2.193931 2.193931 -2.193931
P 4.387862 0.000000 -4.387862
G 6.581793 2.193931 -6.581793
A 8.775724 4.387862 -4.387862
S 10.969655 2.193931 -2.193931
L 8.775724 0.000000 -0.000000
A 6.581793 2.193931 2.193931
A 4.387862 4.387862 -0.000000
L 6.581793 6.581793 -2.193931
Q 8.775724 8.775724 -0.000000
A 10.969655 6.581793 2.193931
L 8.775724 4.387862 4.387862
Q 10.969655 2.193931 6.581793
A 13.163586 0.000000 4.387862
L 10.969655 -2.193931 2.193931
Q 8.775724 -4.387862 4.387862
A 6.581793 -2.193931 6.581793
A 4.387862 0.000000 4.387862
Q 2.193931 -2.193931 2.193931
A 4.387862 -4.387862 -0.000000
A 6.581793 -2.193931 -2.193931
K 8.775724 -4.387862 -4.387862
K 10.969655 -6.581793 -2.193931
Y 13.163586 -4.387862 -0.000000


-34.990000	130301023120301302103101	1011001100100001111001001100101100011000110
25

K 0.000000 0.000000 0.000000
K 2.193931 2.193931 -2.193931
P 4.387862 0.000000 -4.387862
G 6.581793 2.193931 -6.581793
A 4.387862 4.387862 -8.775724
S 2.193931 6.581793 -6.581793
L 0.000000 4.387862 -4.387862
A -2.193931 2.193931 -6.581793
A 0.000000 0.000000 -8.775724
L 2.193931 -2.193931 -6.581793
Q 0.000000 -4.387862 -4.387862
A -2.193931 -2.193931 -2.193931
L -4.387862 0.000000 -4.387862
Q -6.581793 2.193931 -2.193931
A -4.387862 4.387862 -0.000000
L -2.193931 6.581793 -2.193931
Q -4.387862 8.775724 -4.387862
A -6.581793 6.581793 -6.581793
A -4.387862 4.387862 -8.775724
Q -2.193931 6.581793 -10.969655
A 0.000000 4.387862 -13.163586
A 2.193931 2.193931 -10.969655
K 4.387862 0.000000 -13.163586
K 6.581793 -2.193931 -10.969655
Y 4.387862 -4.387862 -8.775724


-34.990000	210102031230102103102101	0110001000010011100111001000011000111000010
25

K 0.000000 0.000000 0.000000
K 2.193931 2.193931 -2.193931
P 4.387862 0.000000 -4.387862
G 6.581793 2.193931 -6.581793
A 8.775724 4.387862 -4.387862
S 6.581793 6.581793 -2.193931
L 4.387862 4.387862 -0.000000
A 6.581793 2.193931 2.193931
A 8.775724 0.000000 -0.000000
L 10.969655 2.193931 -2.193931
Q 13.163586 4.387862 -0.000000
A 10.969655 6.581793 2.193931
L 8.775724 4.387862 4.387862
Q 6.581793 6.581793 6.581793
A 4.387862 8.775724 4.387862
L 2.193931 6.581793 2.193931
Q 0.000000 4.387862 4.387862
A 2.193931 2.193931 6.581793
A 4.387862 0.000000 4.387862
Q 2.193931 -2.193931 2.193931
A 4.387862 -4.387862 -0.000000
A 6.581793 -2.193931 -2.193931
K 8.775724 -4.387862 -4.387862
K 10.969655 -2.193931 -6.581793
Y 13.163586 0.000000 -4.387862


-34.990000	310103021320103102103101	1110001000110001101101001000111000011000110
25

K 0.000000 0.000000 0.000000
K 2.193931 2.193931 -2.193931
P 4.387862 0.000000 -4.387862
G 6.581793 2.193931 -6.581793
A 4.387862 4.387862 -8.775724
S 2.193931 6.581793 -6.581793
L 0.000000 4.387862 -4.387862
A -2.193931 2.193931 -6.581793
A 0.000000 0.000000 -8.775724
L 2.193931 2.193931 -10.969655
Q 0.000000 4.387862 -13.163586
A -2.193931 6.581793 -10.969655
L -4.387862 4.387862 -8.775724
Q -6.581793 6.581793 -6.581793
A -4.387862 8.775724 -4.387862
L -2.193931 6.581793 -2.193931
Q -4.387862 4.387862 -0.000000
A -6.581793 2.193931 -2.193931
A -4.387862 0.000000 -4.387862
Q -2.193931 -2.193931 -2.193931
A 0.000000 -4.387862 -4.387862
A 2.193931 -2.193931 -6.581793
K 4.387862 -4.387862 -8.775724
K 6.581793 -2.193931 -10.969655
Y 4.387862 0.000000 -13.163586


-34.990000	120201032130201203102101	1001000100100011011011000100100100111000010
25

K 0.000000 0.000000 0.000000
K 2.193931 2.193931 -2.193931
P 4.387862 0.000000 -4.387862
G 6.581793 2.193931 -6.581793
A 8.775724 4.387862 -4.387862
S 6.581793 6.581793 -2.193931
L 4.387862 4.387862 -0.000000
A 6.581793 2.193931 2.193931
A 8.775724 0.000000 -0.000000
L 6.581793 -2.193931 -2.193931
Q 4.387862 -4.387862 -0.000000
A 2.193931 -2.193931 2.193931
L 4.387862 0.000000 4.387862
Q 2.193931 2.193931 6.581793
A 0.000000 4.387862 4.387862
L 2.193931 6.581793 2.193931
Q 4.387862 8.775724 4.387862
A 6.581793 6.581793 6.581793
A 8.775724 4.387862 4.387862
Q 10.969655 6.581793 2.193931
A 13.163586 4.387862 -0.000000
A 10.969655 2.193931 -2.193931
K 13.163586 0.000000 -4.387862
K 10.969655 -2.193931 -6.581793
Y 8.775724 -4.387862 -4.387862


-34.870000	123121021321021230132301	1001111001100001101101100001100111001011011
25

K 0.000000 0.000000 0.000000
K 2.193931 2.193931 -2.193931
P 4.387862 0.000000 -4.387862
G 6.581793 -2.193931 -2.193931
A 8.775724 0.000000 0.000000
S 10.969655 -2.193931 2.193931
L 8.775724 -4.387862 4.387862
A 6.581793 -2.193931 6.581793
A 4.387862 0.000000 4.387862
L 2.193931 -2.193931 2.193931
Q 0.000000 -4.387862 4.387862
A -2.193931 -6.581793 2.193931
L 0.000000 -8.775724 0.000000
Q 2.193931 -6.581793 -2.193931
A 4.387862 -4.387862 0.000000
L 6.581793 -6.581793 2.193931
Q 4.387862 -8.775724 4.387862
A 2.193931 -10.969655 2.193931
A 4.387862 -13.163586 0.000000
Q 6.581793 -10.969655 -2.193931
A 8.775724 -8.775724 0.000000
A 10.969655 -6.581793 -2.193931
K 8.775724 -4.387862 -4.387862
K 6.581793 -6.581793 -6.581793
Y 4.387862 -8.775724 -4.387862


-34.760000	313132102123031032132301	1110111011011000011001110011100011011011011
25

K 0.000000 0.000000 0.000000
K 2.193931 2.193931 -2.193931
P 4.387862 0.000000 -4.387862
G 6.581793 -2.193931 -2.193931
A 8.775724 0.000000 0.000000
S 10.969655 -2.193931 2.193931
L 8.775724 -4.387862 4.387862
A 6.581793 -6.581793 2.193931
A 4.387862 -4.387862 0.000000
L 2.193931 -2.193931 2.193931
Q 0.000000 -4.387862 4.387862
A 2.193931 -6.581793 6.581793
L 4.387862 -8.775724 4.387862
Q 6.581793 -10.969655 6.581793
A 8.775724 -8.775724 8.775724
L 10.969655 -6.581793 6.581793
Q 13.163586 -4.387862 8.775724
A 10.969655 -2.193931 10.969655
A 8.775724 -4.387862 13.163586
Q 6.581793 -6.581793 10.969655
A 4.387862 -4.387862 8.775724
A 6.581793 -2.193931 6.581793
K 4.387862 -0.000000 4.387862
K 6.581793 2.193931 2.193931
Y 4.387862 4.387862 0.000000


-34.720000	123031230102301302103101	1001110011100111001000011100101100011000110
25

K 0.000000 0.000000 0.000000
K 2.193931 2.193931 -2.193931
P 4.387862 0.000000 -4.387862
G 6.581793 2.193931 -6.581793
A 4.387862 4.387862 -8.775724
S 2.193931 6.581793 -6.581793
L 0.000000 4.387862 -4.387862
A -2.193931 2.193931 -6.581793
A 0.000000 0.000000 -8.775724
L 2.193931 -2.193931 -6.581793
Q 0.000000 -4.387862 -4.387862
A -2.193931 -2.193931 -2.193931
L -4.387862 0.000000 -4.387862
Q -6.581793 -2.193931 -6.581793
A -4.387862 -4.387862 -8.775724
L -2.193931 -2.193931 -10.969655
Q 0.000000 -4.387862 -13.163586
A 2.193931 -6.581793 -10.969655
A 4.387862 -4.387862 -8.775724
Q 6.581793 -2.193931 -10.969655
A 4.387862 0.000000 -13.163586
A 2.193931 2.193931 -10.969655
K 0.000000 4.387862 -13.163586
K -2.193931 2.193931 -15.357517
Y -4.387862 0.000000 -13.163586


-34.720000	213102301023120102103101	0110111000011100100001111001001000011000110
25

K 0.000000 0.000000 0.000000
K 2.193931 2.193931 -2.193931
P 4.387862 0.000000 -4.387862
G 6.581793 2.193931 -6.581793
A 4.387862 4.387862 -8.775724
S 2.193931 6.581793 -6.581793
L 0.000000 4.387862 -4.387862
A -2.193931 2.193931 -6.581793
A 0.000000 0.000000 -8.775724
L 2.193931 2.193931 -10.969655
Q 4.387862 0.000000 -13.163586
A 2.193931 -2.193931 -15.357517
L 0.000000 -4.387862 -13.163586
Q 2.193931 -6.581793 -10.969655
A 4.387862 -4.387862 -8.775724
L 2.193931 -2.193931 -6.581793
Q 0.000000 -4.387862 -4.387862
A -2.193931 -2.193931 -2.193931
A -4.387862 0.000000 -4.387862
Q -6.581793 -2.193931 -6.581793
A -4.387862 -4.387862 -8.775724
A -2.193931 -2.193931 -10.969655
K -4.387862 0.000000 -13.163586
K -2.193931 2.193931 -15.357517
Y 0.000000 4.387862 -13.163586


-34.720000	312103201032130103102101	1110011000110100100011011011001000111000010
25

K 0.000000 0.000000 0.000000
K 2.193931 2.193931 -2.193931
P 4.387862 0.000000 -4.387862
G 6.581793 2.193931 -6.581793
A 8.775724 4.387862 -4.387862
S 6.581793 6.581793 -2.193931
L 4.387862 4.387862 -0.000000
A 6.581793 2.193931 2.193931
A 8.775724 0.000000 -0.000000
L 10.969655 2.193931 -2.193931
Q 13.163586 0.000000 -4.387862
A 15.357517 -2.193931 -2.193931
L 13.163586 -4.387862 -0.000000
Q 10.969655 -6.581793 -2.193931
A 8.775724 -4.387862 -4.387862
L 6.581793 -2.193931 -2.193931
Q 4.387862 -4.387862 -0.000000
A 2.193931 -2.193931 2.193931
A 4.387862 0.000000 4.387862
Q 6.581793 -2.193931 6.581793
A 8.775724 -4.387862 4.387862
A 10.969655 -2.193931 2.193931
K 13.163586 0.000000 4.387862
K 15.357517 2.193931 2.193931
Y 13.163586 4.387862 -0.000000


-34.720000	132021320103201203102101	1011010001101101001000110100100100111000010
25

K 0.000000 0.000000 0.000000
K 2.193931 2.193931 -2.193931
P 4.387862 0.000000 -4.387862
G 6.581793 2.193931 -6.581793
A 8.775724 4.387862 -4.387862
S 6.581793 6.581793 -2.193931
L 4.387862 4.387862 -0.000000
A 6.581793 2.193931 2.193931
A 8.775724 0.000000 -0.000000
L 6.581793 -2.193931 -2.193931
Q 4.387862 -4.387862 -0.000000
A 2.193931 -2.193931 2.193931
L 4.387862 0.000000 4.387862
Q 6.581793 -2.193931 6.581793
A 8.775724 -4.387862 4.387862
L 10.969655 -2.193931 2.193931
Q 13.163586 -4.387862 -0.000000
A 10.969655 -6.581793 -2.193931
A 8.775724 -4.387862 -4.387862
Q 10.969655 -2.193931 -6.581793
A 13.163586 0.000000 -4.387862
A 10.969655 2.193931 -2.193931
K 13.163586 4.387862 -0.000000
K 15.357517 2.193931 2.193931
Y 13.163586 0.000000 4.387862


-34.710000	102301203132021023012301	1000011100100100111011010001100001110010011
25

K 0.000000 0.000000 0.000000
K 2.193931 2.193931 -2.193931
P 4.387862 0.000000 -4.387862
G 6.581793 -2.193931 -2.193931
A 8.775724 0.000000 0.000000
S 10.969655 2.193931 -2.193931
L 13.163586 0.000000 -4.387862
A 15.357517 -2.193931 -2.193931
A 17.551448 0.000000 0.000000
L 15.357517 2.193931 2.193931
Q 13.163586 0.000000 4.387862
A 10.969655 -2.193931 2.193931
L 13.163586 -4.387862 0.000000
Q 10.969655 -6.581793 -2.193931
A 8.775724 -4.387862 -4.387862
L 10.969655 -2.193931 -6.581793
Q 8.775724 -0.000000 -8.775724
A 6.581793 2.193931 -6.581793
A 8.775724 4.387862 -4.387862
Q 10.969655 6.581793 -6.581793
A 13.163586 4.387862 -8.775724
A 15.357517 2.193931 -6.581793
K 17.551448 4.387862 -4.387862
K 15.357517 6.581793 -2.193931
Y 13.163586 4.387862 -0.000000


-34.710000	203102301213032031023101	0100111000011100100110110011010011100001110
25

K 0.000000 0.000000 0.000000
K 2.193931 2.193931 -2.193931
P 4.387862 0.000000 -4.387862
G 6.581793 2.193931 -6.581793
A 4.387862 4.387862 -8.775724
S 2.193931 2.193931 -10.969655
L 4.387862 0.000000 -13.163586
A 6.581793 2.193931 -15.357517
A 4.387862 4.387862 -17.551448
L 2.193931 6.581793 -15.357517
Q 4.387862 8.775724 -13.163586
A 6.581793 6.581793 -10.969655
L 8.775724 4.387862 -13.163586
Q 10.969655 2.193931 -10.969655
A 8.775724 0.000000 -8.775724
L 6.581793 -2.193931 -10.969655
Q 4.387862 -4.387862 -8.775724
A 2.193931 -2.193931 -6.581793
A 0.000000 0.000000 -8.775724
Q -2.193931 -2.193931 -10.969655
A 0.000000 -4.387862 -13.163586
A 2.193931 -2.193931 -15.357517
K 0.000000 0.000000 -17.551448
K -2.193931 2.193931 -15.357517
Y 0.000000 4.387862 -13.163586


-34.710000	120321023130201203210301	1001001101100001111011000100100100110110001
25

K 0.000000 0.000000 0.000000
K 2.193931 2.193931 -2.193931
P 4.387862 0.000000 -4.387862
G 6.581793 -2.193931 -2.193931
A 8.775724 -4.387862 -4.387862
S 10.969655 -2.193931 -6.581793
L 13.163586 0.000000 -4.387862
A 15.357517 -2.193931 -2.193931
A 17.551448 -4.387862 -4.387862
L 15.357517 -6.581793 -6.581793
Q 13.163586 -8.775724 -4.387862
A 10.969655 -6.581793 -2.193931
L 13.163586 -4.387862 -0.000000
Q 10.969655 -2.193931 2.193931
A 8.775724 -0.000000 -0.000000
L 10.969655 2.193931 -2.193931
Q 8.775724 4.387862 -4.387862
A 6.581793 2.193931 -6.581793
A 8.775724 -0.000000 -8.775724
Q 10.969655 2.193931 -10.969655
A 13.163586 4.387862 -8.775724
A 15.357517 2.193931 -6.581793
K 17.551448 -0.000000 -8.775724
K 15.357517 -2.193931 -10.969655
Y 13.163586 -4.387862 -8.775724


-34.710000	302103201312023021032101	1100011000110100101110010001110001100011010
25

K 0.000000 0.000000 0.000000
K 2.193931 2.193931 -2.193931
P 4.387862 0.000000 -4.387862
G 6.581793 2.193931 -6.581793
A 8.775724 4.387862 -4.387862
S 10.969655 2.193931 -2.193931
L 13.163586 0.000000 -4.387862
A 15.357517 2.193931 -6.581793
A 17.551448 4.387862 -4.387862
L 15.357517 6.581793 -2.193931
Q 13.163586 8.775724 -4.387862
A 10.969655 6.581793 -6.581793
L 13.163586 4.387862 -8.775724
Q 10.969655 2.193931 -10.969655
A 8.775724 0.000000 -8.775724
L 10.969655 -2.193931 -6.581793
Q 8.775724 -4.387862 -4.387862
A 6.581793 -2.193931 -2.193931
A 8.775724 0.000000 -0.000000
Q 10.969655 -2.193931 2.193931
A 13.163586 -4.387862 -0.000000
A 15.357517 -2.193931 -2.193931
K 17.551448 0.000000 -0.000000
K 15.357517 2.193931 2.193931
Y 13.163586 4.387862 -0.000000


-34.710000	201302103231012013021301	0100101100011000110111100010010010110001101
25

K 0.000000 0.000000 0.000000
K 2.193931 2.193931 -2.193931
P 4.387862 0.000000 -4.387862
G 6.581793 -2.193931 -2.193931
A 4.387862 -4.387862 0.000000
S 2.193931 -6.581793 -2.193931
L 4.387862 -8.775724 -4.387862
A 6.581793 -10.969655 -2.193931
A 4.387862 -13.163586 0.000000
L 2.193931 -10.969655 2.193931
Q 4.387862 -8.775724 4.387862
A 6.581793 -6.581793 2.193931
L 8.775724 -8.775724 0.000000
Q 10.969655 -6.581793 -2.193931
A 8.775724 -4.387862 -4.387862
L 6.581793 -6.581793 -6.581793
Q 4.387862 -4.387862 -8.775724
A 2.193931 -2.193931 -6.581793
A 0.000000 -4.387862 -4.387862
Q -2.193931 -6.581793 -6.581793
A 0.000000 -8.775724 -8.775724
A 2.193931 -10.969655 -6.581793
K 0.000000 -13.163586 -4.387862
K -2.193931 -10.969655 -2.193931
Y 0.000000 -8.775724 -0.000000


-34.710000	210312013230102103120301	0110001110010010110111001000011000111001001
25

K 0.000000 0.000000 0.000000
K 2.193931 2.193931 -2.193931
P 4.387862 0.000000 -4.387862
G 6.581793 -2.193931 -2.193931
A 8.775724 -4.387862 -4.387862
S 6.581793 -6.581793 -6.581793
L 4.387862 -8.775724 -4.387862
A 6.581793 -10.969655 -2.193931
A 8.775724 -13.163586 -4.387862
L 10.969655 -10.969655 -6.581793
Q 13.163586 -8.775724 -4.387862
A 10.969655 -6.581793 -2.193931
L 8.775724 -8.775724 -0.000000
Q 6.581793 -6.581793 2.193931
A 4.387862 -4.387862 -0.000000
L 2.193931 -6.581793 -2.193931
Q 0.000000 -4.387862 -4.387862
A 2.193931 -2.193931 -6.581793
A 4.387862 -4.387862 -8.775724
Q 2.193931 -6.581793 -10.969655
A 0.000000 -8.775724 -8.775724
A 2.193931 -10.969655 -6.581793
K 4.387862 -13.163586 -8.775724
K 6.581793 -10.969655 -10.969655
Y 8.775724 -8.775724 -8.775724


-34.710000	320123021310203201230101	1101001001110001101110000100110100100111000
25

K 0.000000 0.000000 0.000000
K 2.193931 2.193931 -2.193931
P 4.387862 0.000000 -4.387862
G 6.581793 2.193931 -6.581793
A 8.775724 0.000000 -8.775724
S 10.969655 -2.193931 -6.581793
L 13.163586 0.000000 -4.387862
A 15.357517 2.193931 -6.581793
A 17.551448 0.000000 -8.775724
L 15.357517 -2.193931 -10.969655
Q 13.163586 0.000000 -13.163586
A 10.969655 2.193931 -10.969655
L 13.163586 4.387862 -8.775724
Q 10.969655 6.581793 -6.581793
A 8.775724 4.387862 -4.387862
L 10.969655 2.193931 -2.193931
Q 8.775724 0.000000 -0.000000
A 6.581793 -2.193931 -2.193931
A 8.775724 -4.387862 -4.387862
Q 10.969655 -6.581793 -2.193931
A 13.163586 -4.387862 -0.000000
A 15.357517 -2.193931 -2.193931
K 17.551448 -4.387862 -4.387862
K 15.357517 -6.581793 -6.581793
Y 13.163586 -4.387862 -8.775724


-34.710000	230132031210302301320101	0111001011010011100110001100011100101101000
25

K 0.000000 0.000000 0.000000
K 2.193931 2.193931 -2.193931
P 4.387862 0.000000 -4.387862
G 6.581793 2.193931 -6.581793
A 8.775724 0.000000 -8.775724
S 6.581793 -2.193931 -10.969655
L 4.387862 0.000000 -13.163586
A 6.581793 2.193931 -15.357517
A 8.775724 0.000000 -17.551448
L 10.969655 -2.193931 -15.357517
Q 13.163586 0.000000 -13.163586
A 10.969655 2.193931 -10.969655
L 8.775724 4.387862 -13.163586
Q 6.581793 6.581793 -10.969655
A 4.387862 4.387862 -8.775724
L 2.193931 2.193931 -10.969655
Q 0.000000 0.000000 -8.775724
A 2.193931 -2.193931 -6.581793
A 4.387862 -4.387862 -8.775724
Q 2.193931 -6.581793 -10.969655
A 0.000000 -4.387862 -13.163586
A 2.193931 -2.193931 -15.357517
K 4.387862 -4.387862 -17.551448
K 6.581793 -6.581793 -15.357517
Y 8.775724 -4.387862 -13.163586


-34.700000	123021320103201202103101	1001110001101101001000110100100100011000110
25

K 0.000000 0.000000 0.000000
K 2.193931 2.193931 -2.193931
P 4.387862 0.000000 -4.387862
G 6.581793 2.193931 -6.581793
A 4.387862 4.387862 -8.775724
S 2.193931 6.581793 -6.581793
L 0.000000 4.387862 -4.387862
A -2.193931 2.193931 -6.581793
A 0.000000 0.000000 -8.775724
L -2.193931 -2.193931 -10.969655
Q -4.387862 -4.387862 -8.775724
A -6.581793 -2.193931 -6.581793
L -4.387862 0.000000 -4.387862
Q -2.193931 -2.193931 -2.193931
A 0.000000 -4.387862 -4.387862
L 2.193931 -2.193931 -6.581793
Q 4.387862 -4.387862 -8.775724
A 2.193931 -6.581793 -10.969655
A 0.000000 -4.387862 -13.163586
Q 2.193931 -2.193931 -15.357517
A 4.387862 0.000000 -13.163586
A 2.193931 2.193931 -10.969655
K 0.000000 4.387862 -13.163586
K -2.193931 2.193931 -15.357517
Y -4.387862 0.000000 -13.163586


-34.700000	132031230102301303102101	1011010011100111001000011100101100111000010
25

K 0.000000 0.000000 0.000000
K 2.193931 2.193931 -2.193931
P 4.387862 0.000000 -4.387862
G 6.581793 2.193931 -6.581793
A 8.775724 4.387862 -4.387862
S 6.581793 6.581793 -2.193931
L 4.387862 4.387862 -0.000000
A 6.581793 2.193931 2.193931
A 8.775724 0.000000 -0.000000
L 10.969655 -2.193931 2.193931
Q 8.775724 -4.387862 4.387862
A 6.581793 -2.193931 6.581793
L 4.387862 0.000000 4.387862
Q 2.193931 -2.193931 2.193931
A 4.387862 -4.387862 -0.000000
L 6.581793 -2.193931 -2.193931
Q 8.775724 -4.387862 -4.387862
A 10.969655 -6.581793 -2.193931
A 13.163586 -4.387862 -0.000000
Q 15.357517 -2.193931 -2.193931
A 13.163586 0.000000 -4.387862
A 10.969655 2.193931 -2.193931
K 13.163586 4.387862 -0.000000
K 15.357517 2.193931 2.193931
Y 13.163586 0.000000 4.387862


-34.700000	321203102301213210231301	1101100100111000011100100110110110000111101
25

K 0.000000 0.000000 0.000000
K 2.193931 2.193931 -2.193931
P 4.387862 0.000000 -4.387862
G 6.581793 -2.193931 -2.193931
A 4.387862 -4.387862 0.000000
S 6.581793 -6.581793 2.193931
L 8.775724 -4.387862 4.387862
A 6.581793 -2.193931 6.581793
A 4.387862 -4.387862 8.775724
L 2.193931 -6.581793 6.581793
Q 0.000000 -4.387862 4.387862
A 2.193931 -2.193931 2.193931
L 4.387862 -0.000000 4.387862
Q 6.581793 2.193931 2.193931
A 8.775724 -0.000000 0.000000
L 10.969655 -2.193931 2.193931
Q 13.163586 -0.000000 4.387862
A 10.969655 2.193931 6.581793
A 8.775724 -0.000000 8.775724
Q 10.969655 -2.193931 10.969655
A 13.163586 -4.387862 8.775724
A 10.969655 -6.581793 6.581793
K 8.775724 -8.775724 8.775724
K 6.581793 -10.969655 6.581793
Y 4.387862 -8.775724 4.387862


-34.680000	312103201302123120132301	1110011000110100101100011001111001001011011
25

K 0.000000 0.000000 0.000000
K 2.193931 2.193931 -2.193931
P 4.387862 0.000000 -4.387862
G 6.581793 -2.193931 -2.193931
A 8.775724 0.000000 0.000000
S 10.969655 -2.193931 2.193931
L 8.775724 -4.387862 4.387862
A 6.581793 -2.193931 6.581793
A 8.775724 0.000000 8.775724
L 10.969655 2.193931 6.581793
Q 8.775724 4.387862 4.387862
A 6.581793 2.193931 2.193931
L 4.387862 0.000000 4.387862
Q 2.193931 -2.193931 2.193931
A 4.387862 -4.387862 0.000000
L 6.581793 -6.581793 2.193931
Q 4.387862 -8.775724 4.387862
A 2.193931 -6.581793 6.581793
A 4.387862 -4.387862 8.775724
Q 6.581793 -6.581793 10.969655
A 8.775724 -8.775724 8.775724
A 10.969655 -6.581793 6.581793
K 13.163586 -4.387862 8.775724
K 15.357517 -2.193931 6.581793
Y 13.163586 -0.000000 4.387862


-34.570000	031023123201302013213101	0011100001111001110100101100010010110110110
25

K 0.000000 0.000000 0.000000
K 2.193931 2.193931 -2.193931
P 4.387862 0.000000 -4.387862
G 6.581793 2.193931 -6.581793
A 4.387862 4.387862 -8.775724
S 6.581793 6.581793 -10.969655
L 8.775724 8.775724 -8.775724
A 10.969655 6.581793 -6.581793
A 8.775724 4.387862 -4.387862
L 6.581793 6.581793 -2.193931
Q 8.775724 8.775724 -0.000000
A 6.581793 10.969655 2.193931
L 4.387862 13.163586 -0.000000
Q 6.581793 15.357517 -2.193931
A 8.775724 13.163586 -4.387862
L 6.581793 10.969655 -6.581793
Q 4.387862 13.163586 -8.775724
A 2.193931 10.969655 -10.969655
A 0.000000 8.775724 -8.775724
Q 2.193931 6.581793 -6.581793
A 4.387862 8.775724 -4.387862
A 2.193931 10.969655 -2.193931
K 0.000000 8.775724 -0.000000
K 2.193931 6.581793 2.193931
Y 4.387862 4.387862 -0.000000


-34.570000	021032132301203012312101	0001100011011011011100100100110010011110010
25

K 0.000000 0.000000 0.000000
K 2.193931 2.193931 -2.193931
P 4.387862 0.000000 -4.387862
G 6.581793 2.193931 -6.581793
A 8.775724 4.387862 -4.387862
S 10.969655 6.581793 -6.581793
L 8.775724 8.775724 -8.775724
A 6.581793 6.581793 -10.969655
A 4.387862 4.387862 -8.775724
L 2.193931 6.581793 -6.581793
Q 0.000000 8.775724 -8.775724
A -2.193931 10.969655 -6.581793
L 0.000000 13.163586 -4.387862
Q 2.193931 15.357517 -6.581793
A 4.387862 13.163586 -8.775724
L 6.581793 10.969655 -6.581793
Q 8.775724 13.163586 -4.387862
A 10.969655 10.969655 -2.193931
A 8.775724 8.775724 -0.000000
Q 6.581793 6.581793 -2.193931
A 4.387862 8.775724 -4.387862
A 2.193931 10.969655 -2.193931
K 0.000000 8.775724 -0.000000
K -2.193931 6.581793 -2.193931
Y 0.000000 4.387862 -4.387862


-34.570000	013120231032120123102301	0010111001000111100011011001001001111000011
25

K 0.000000 0.000000 0.000000
K 2.193931 2.193931 -2.193931
P 4.387862 0.000000 -4.387862
G 6.581793 -2.193931 -2.193931
A 8.775724 0.000000 0.000000
S 6.581793 2.193931 2.193931
L 4.387862 0.000000 4.387862
A 6.581793 -2.193931 6.581793
A 8.775724 0.000000 8.775724
L 10.969655 2.193931 6.581793
Q 13.163586 0.000000 4.387862
A 10.969655 -2.193931 2.193931
L 8.775724 -4.387862 4.387862
Q 6.581793 -6.581793 2.193931
A 4.387862 -4.387862 0.000000
L 2.193931 -2.193931 2.193931
Q 0.000000 -4.387862 4.387862
A 2.193931 -6.581793 6.581793
A 4.387862 -4.387862 8.775724
Q 2.193931 -2.193931 10.969655
A 4.387862 -0.000000 13.163586
A 6.581793 2.193931 10.969655
K 4.387862 4.387862 8.775724
K 6.581793 6.581793 6.581793
Y 8.775724 4.387862 4.387862


-34.550000	132131021321021230132301	1011011011100001101101100001100111001011011
25

K 0.000000 0.000000 0.000000
K 2.193931 2.193931 -2.193931
P 4.387862 0.000000 -4.387862
G 6.581793 -2.193931 -2.193931
A 8.775724 0.000000 0.000000
S 10.969655 -2.193931 2.193931
L 8.775724 -4.387862 4.387862
A 6.581793 -2.193931 6.581793
A 4.387862 0.000000 4.387862
L 2.193931 -2.193931 2.193931
Q 0.000000 -4.387862 4.387862
A -2.193931 -6.581793 2.193931
L 0.000000 -8.775724 0.000000
Q 2.193931 -6.581793 -2.193931
A 4.387862 -4.387862 0.000000
L 6.581793 -6.581793 2.193931
Q 4.387862 -8.775724 4.387862
A 2.193931 -10.969655 2.193931
A 4.387862 -13.163586 0.000000
Q 6.581793 -10.969655 -2.193931
A 4.387862 -8.775724 -4.387862
A 6.581793 -6.581793 -6.581793
K 8.775724 -4.387862 -4.387862
K 10.969655 -6.581793 -2.193931
Y 8.775724 -8.775724 0.000000


-34.460000	201230130321023210103101	0100100111001011001101100001110110001000110
25

K 0.000000 0.000000 0.000000
K 2.193931 2.193931 -2.193931
P 4.387862 0.000000 -4.387862
G 6.581793 2.193931 -6.581793
A 4.387862 4.387862 -8.775724
S 2.193931 6.581793 -6.581793
L 0.000000 4.387862 -4.387862
A -2.193931 6.581793 -2.193931
A -4.387862 4.387862 -0.000000
L -6.581793 2.193931 -2.193931
Q -8.775724 4.387862 -4.387862
A -10.969655 2.193931 -6.581793
L -8.775724 0.000000 -8.775724
Q -6.581793 2.193931 -10.969655
A -4.387862 4.387862 -8.775724
L -2.193931 2.193931 -6.581793
Q 0.000000 0.000000 -8.775724
A 2.193931 -2.193931 -6.581793
A 0.000000 -4.387862 -4.387862
Q -2.193931 -2.193931 -2.193931
A -4.387862 0.000000 -4.387862
A -6.581793 -2.193931 -6.581793
K -8.775724 -4.387862 -4.387862
K -10.969655 -2.193931 -2.193931
Y -8.775724 0.000000 -0.000000


-34.460000	301320120231032310102101	1100101101001001000111100011011110001000010
25

K 0.000000 0.000000 0.000000
K 2.193931 2.193931 -2.193931
P 4.387862 0.000000 -4.387862
G 6.581793 2.193931 -6.581793
A 8.775724 4.387862 -4.387862
S 6.581793 6.581793 -2.193931
L 4.387862 4.387862 -0.000000
A 2.193931 6.581793 2.193931
A 0.000000 4.387862 4.387862
L 2.193931 2.193931 6.581793
Q 4.387862 4.387862 8.775724
A 6.581793 2.193931 10.969655
L 8.775724 0.000000 8.775724
Q 10.969655 2.193931 6.581793
A 8.775724 4.387862 4.387862
L 6.581793 2.193931 2.193931
Q 8.775724 0.000000 -0.000000
A 6.581793 -2.193931 -2.193931
A 4.387862 -4.387862 -0.000000
Q 2.193931 -2.193931 2.193931
A 4.387862 0.000000 4.387862
A 6.581793 -2.193931 6.581793
K 4.387862 -4.387862 8.775724
K 2.193931 -2.193931 10.969655
Y 0.000000 0.000000 8.775724


-34.440000	021230132031210213201301	0001100111001011010011100110000110110100101
25

K 0.000000 0.000000 0.000000
K 2.193931 2.193931 -2.193931
P 4.387862 0.000000 -4.387862
G 6.581793 -2.193931 -2.193931
A 4.387862 -4.387862 0.000000
S 2.193931 -2.193931 2.193931
L 4.387862 0.000000 4.387862
A 6.581793 -2.193931 6.581793
A 4.387862 -4.387862 8.775724
L 2.193931 -6.581793 6.581793
Q 4.387862 -8.775724 4.387862
A 6.581793 -6.581793 2.193931
L 8.775724 -4.387862 4.387862
Q 10.969655 -2.193931 2.193931
A 8.775724 -0.000000 0.000000
L 6.581793 2.193931 2.193931
Q 8.775724 4.387862 4.387862
A 10.969655 2.193931 6.581793
A 8.775724 -0.000000 8.775724
Q 6.581793 2.193931 10.969655
A 4.387862 4.387862 8.775724
A 2.193931 2.193931 6.581793
K 0.000000 -0.000000 8.775724
K -2.193931 -2.193931 6.581793
Y 0.000000 -4.387862 4.387862


-34.390000	032030120213012020120301	0011010011001001000110110010010001001001001
25

K 0.000000 0.000000 0.000000
K 2.193931 2.193931 -2.193931
P 4.387862 0.000000 -4.387862
G 6.581793 -2.193931 -2.193931
A 8.775724 -4.387862 -4.387862
S 6.581793 -6.581793 -6.581793
L 4.387862 -8.775724 -4.387862
A 2.193931 -6.581793 -2.193931
A 4.387862 -4.387862 -0.000000
L 2.193931 -2.193931 2.193931
Q 4.387862 -0.000000 4.387862
A 6.581793 2.193931 2.193931
L 8.775724 -0.000000 -0.000000
Q 10.969655 -2.193931 2.193931
A 8.775724 -4.387862 4.387862
L 6.581793 -6.581793 2.193931
Q 8.775724 -8.775724 -0.000000
A 6.581793 -10.969655 -2.193931
A 4.387862 -13.163586 -0.000000
Q 2.193931 -10.969655 2.193931
A 0.000000 -8.775724 -0.000000
A -2.193931 -6.581793 2.193931
K 0.000000 -4.387862 4.387862
K 2.193931 -6.581793 6.581793
Y 4.387862 -8.775724 4.387862


-34.380000	203202032130321021230301	0100110100010011011011001101100001100111001
25

K 0.000000 0.000000 0.000000
K 2.193931 2.193931 -2.193931
P 4.387862 0.000000 -4.387862
G 6.581793 -2.193931 -2.193931
A 8.775724 -4.387862 -4.387862
S 10.969655 -6.581793 -2.193931
L 13.163586 -4.387862 0.000000
A 15.357517 -2.193931 -2.193931
A 17.551448 -0.000000 0.000000
L 15.357517 2.193931 2.193931
Q 13.163586 -0.000000 4.387862
A 10.969655 -2.193931 2.193931
L 8.775724 -0.000000 0.000000
Q 6.581793 2.193931 2.193931
A 4.387862 4.387862 0.000000
L 6.581793 6.581793 -2.193931
Q 8.775724 8.775724 0.000000
A 10.969655 6.581793 2.193931
A 13.163586 4.387862 0.000000
Q 10.969655 2.193931 -2.193931
A 13.163586 -0.000000 -4.387862
A 10.969655 -2.193931 -6.581793
K 8.775724 -0.000000 -8.775724
K 6.581793 2.193931 -6.581793
Y 8.775724 4.387862 -4.387862


-34.380000	201202012310123023210101	0100100100010010011110001001110001110110000
25

K 0.000000 0.000000 0.000000
K 2.193931 2.193931 -2.193931
P 4.387862 0.000000 -4.387862
G 6.581793 2.193931 -6.581793
A 8.775724 0.000000 -8.775724
S 10.969655 2.193931 -10.969655
L 13.163586 4.387862 -8.775724
A 15.357517 2.193931 -6.581793
A 17.551448 4.387862 -4.387862
L 15.357517 6.581793 -2.193931
Q 13.163586 8.775724 -4.387862
A 10.969655 6.581793 -6.581793
L 8.775724 4.387862 -4.387862
Q 6.581793 6.581793 -2.193931
A 4.387862 4.387862 -0.000000
L 6.581793 2.193931 2.193931
Q 8.775724 4.387862 4.387862
A 10.969655 6.581793 2.193931
A 13.163586 4.387862 -0.000000
Q 10.969655 2.193931 -2.193931
A 13.163586 0.000000 -4.387862
A 10.969655 -2.193931 -6.581793
K 8.775724 -4.387862 -4.387862
K 6.581793 -2.193931 -2.193931
Y 8.775724 0.000000 -0.000000


-34.380000	301303013210132032310101	1100101100110010110110001011010011011110000
25

K 0.000000 0.000000 0.000000
K 2.193931 2.193931 -2.193931
P 4.387862 0.000000 -4.387862
G 6.581793 2.193931 -6.581793
A 8.775724 0.000000 -8.775724
S 10.969655 2.193931 -10.969655
L 8.775724 4.387862 -13.163586
A 6.581793 2.193931 -15.357517
A 4.387862 4.387862 -17.551448
L 2.193931 6.581793 -15.357517
Q 4.387862 8.775724 -13.163586
A 6.581793 6.581793 -10.969655
L 4.387862 4.387862 -8.775724
Q 2.193931 6.581793 -6.581793
A 0.000000 4.387862 -4.387862
L -2.193931 2.193931 -6.581793
Q -4.387862 4.387862 -8.775724
A -2.193931 6.581793 -10.969655
A 0.000000 4.387862 -13.163586
Q 2.193931 2.193931 -10.969655
A 4.387862 0.000000 -13.163586
A 6.581793 -2.193931 -10.969655
K 4.387862 -4.387862 -8.775724
K 2.193931 -2.193931 -6.581793
Y 0.000000 0.000000 -8.775724


-34.340000	120101201312012120103101	1001001000100100101110010010011001001000110
25

K 0.000000 0.000000 0.000000
K 2.193931 2.193931 -2.193931
P 4.387862 0.000000 -4.387862
G 6.581793 2.193931 -6.581793
A 4.387862 4.387862 -8.775724
S 2.193931 6.581793 -6.581793
L 0.000000 4.387862 -4.387862
A -2.193931 6.581793 -2.193931
A 0.000000 8.775724 -0.000000
L 2.193931 10.969655 -2.193931
Q 4.387862 13.163586 -0.000000
A 6.581793 15.357517 -2.193931
L 8.775724 13.163586 -4.387862
Q 6.581793 10.969655 -6.581793
A 4.387862 8.775724 -4.387862
L 6.581793 6.581793 -2.193931
Q 4.387862 4.387862 -0.000000
A 2.193931 6.581793 2.193931
A 4.387862 8.775724 4.387862
Q 6.581793 10.969655 2.193931
A 8.775724 8.775724 -0.000000
A 10.969655 10.969655 -2.193931
K 13.163586 8.775724 -4.387862
K 10.969655 6.581793 -6.581793
Y 8.775724 4.387862 -4.387862


