-47.420000	4617206324410
14

R 0.000000 0.000000 0.000000
G 2.193931 2.193931 -2.193931
K 4.387862 0.000000 -4.387862
W 2.193931 -2.193931 -2.193931
T 0.000000 -4.387862 0.000000
Y -2.193931 -2.193931 -2.193931
N -4.387862 -4.387862 -4.387862
G -2.193931 -6.581793 -2.193931
I 0.000000 -4.387862 -4.387862
T -2.193931 -2.193931 -6.581793
Y 0.000000 -0.000000 -4.387862
E 2.193931 -2.193931 -6.581793
G 4.387862 -4.387862 -4.387862
R 2.193931 -6.581793 -2.193931


-47.420000	4312703674410
14

R 0.000000 0.000000 0.000000
G 2.193931 2.193931 -2.193931
K 4.387862 0.000000 -4.387862
W 2.193931 -2.193931 -2.193931
T 0.000000 -4.387862 0.000000
Y 2.193931 -2.193931 2.193931
N 4.387862 -4.387862 4.387862
G 2.193931 -6.581793 2.193931
I 4.387862 -4.387862 0.000000
T 6.581793 -2.193931 2.193931
Y 4.387862 -0.000000 0.000000
E 6.581793 -2.193931 -2.193931
G 4.387862 -4.387862 -4.387862
R 2.193931 -6.581793 -2.193931


-47.360000	4606317224410
14

R 0.000000 0.000000 0.000000
G 2.193931 2.193931 -2.193931
K 4.387862 0.000000 -4.387862
W 2.193931 -2.193931 -2.193931
T 0.000000 -4.387862 0.000000
Y -2.193931 -2.193931 -2.193931
N -4.387862 0.000000 -4.387862
G -2.193931 2.193931 -2.193931
I 0.000000 0.000000 -4.387862
T -2.193931 -2.193931 -6.581793
Y 0.000000 -4.387862 -4.387862
E 2.193931 -2.193931 -6.581793
G 4.387862 -4.387862 -4.387862
R 2.193931 -6.581793 -2.193931


-47.360000	4303612774410
14

R 0.000000 0.000000 0.000000
G 2.193931 2.193931 -2.193931
K 4.387862 0.000000 -4.387862
W 2.193931 -2.193931 -2.193931
T 0.000000 -4.387862 0.000000
Y 2.193931 -2.193931 2.193931
N 4.387862 0.000000 4.387862
G 2.193931 2.193931 2.193931
I 4.387862 0.000000 0.000000
T 6.581793 -2.193931 2.193931
Y 4.387862 -4.387862 0.000000
E 6.581793 -2.193931 -2.193931
G 4.387862 -4.387862 -4.387862
R 2.193931 -6.581793 -2.193931


-47.330000	1342753671410
14

R 0.000000 0.000000 0.000000
G 2.193931 2.193931 -2.193931
K 4.387862 0.000000 -4.387862
W 2.193931 -2.193931 -2.193931
T 4.387862 -4.387862 -4.387862
Y 6.581793 -2.193931 -2.193931
N 8.775724 -4.387862 0.000000
G 6.581793 -6.581793 -2.193931
I 4.387862 -4.387862 0.000000
T 6.581793 -2.193931 2.193931
Y 4.387862 -0.000000 0.000000
E 2.193931 -2.193931 2.193931
G 0.000000 -4.387862 0.000000
R 2.193931 -6.581793 -2.193931


-47.330000	1647256321410
14

R 0.000000 0.000000 0.000000
G 2.193931 2.193931 -2.193931
K 4.387862 0.000000 -4.387862
W 2.193931 -2.193931 -2.193931
T 4.387862 -4.387862 -4.387862
Y 2.193931 -2.193931 -6.581793
N 0.000000 -4.387862 -8.775724
G 2.193931 -6.581793 -6.581793
I 0.000000 -4.387862 -4.387862
T -2.193931 -2.193931 -6.581793
Y 0.000000 -0.000000 -4.387862
E -2.193931 -2.193931 -2.193931
G 0.000000 -4.387862 -0.000000
R 2.193931 -6.581793 -2.193931


-46.750000	6122430647630
14

R 0.000000 0.000000 0.000000
G 2.193931 2.193931 -2.193931
K 0.000000 0.000000 -4.387862
W 2.193931 -2.193931 -2.193931
T 4.387862 0.000000 0.000000
Y 2.193931 -2.193931 2.193931
N 4.387862 -4.387862 4.387862
G 6.581793 -2.193931 2.193931
I 4.387862 -4.387862 0.000000
T 2.193931 -6.581793 2.193931
Y 0.000000 -4.387862 0.000000
E -2.193931 -2.193931 -2.193931
G 0.000000 -4.387862 -4.387862
R 2.193931 -6.581793 -2.193931


-46.750000	5211430547530
14

R 0.000000 0.000000 0.000000
G 2.193931 2.193931 -2.193931
K 0.000000 0.000000 -4.387862
W -2.193931 2.193931 -2.193931
T 0.000000 4.387862 0.000000
Y -2.193931 2.193931 2.193931
N -4.387862 4.387862 4.387862
G -2.193931 6.581793 2.193931
I -4.387862 4.387862 0.000000
T -6.581793 2.193931 2.193931
Y -4.387862 0.000000 0.000000
E -2.193931 -2.193931 -2.193931
G -4.387862 0.000000 -4.387862
R -6.581793 2.193931 -2.193931


-46.710000	6130521456310
14

R 0.000000 0.000000 0.000000
G 2.193931 2.193931 -2.193931
K 4.387862 0.000000 -4.387862
W 2.193931 -2.193931 -6.581793
T 4.387862 -4.387862 -4.387862
Y 2.193931 -2.193931 -2.193931
N 0.000000 -4.387862 -0.000000
G 2.193931 -6.581793 -2.193931
I 0.000000 -4.387862 -4.387862
T -2.193931 -2.193931 -2.193931
Y 0.000000 -0.000000 -4.387862
E -2.193931 -2.193931 -6.581793
G 0.000000 -4.387862 -8.775724
R 2.193931 -6.581793 -6.581793


-46.710000	3160571453610
14

R 0.000000 0.000000 0.000000
G 2.193931 2.193931 -2.193931
K 4.387862 0.000000 -4.387862
W 6.581793 -2.193931 -2.193931
T 4.387862 -4.387862 -4.387862
Y 2.193931 -2.193931 -2.193931
N 0.000000 -4.387862 0.000000
G 2.193931 -6.581793 -2.193931
I 4.387862 -4.387862 0.000000
T 2.193931 -2.193931 2.193931
Y 4.387862 -0.000000 0.000000
E 6.581793 -2.193931 2.193931
G 8.775724 -4.387862 0.000000
R 6.581793 -6.581793 -2.193931


-46.700000	1353642771410
14

R 0.000000 0.000000 0.000000
G 2.193931 2.193931 -2.193931
K 4.387862 0.000000 -4.387862
W 2.193931 -2.193931 -2.193931
T 4.387862 -4.387862 -4.387862
Y 6.581793 -2.193931 -2.193931
N 8.775724 0.000000 0.000000
G 6.581793 2.193931 -2.193931
I 4.387862 0.000000 0.000000
T 6.581793 -2.193931 2.193931
Y 4.387862 -4.387862 0.000000
E 2.193931 -2.193931 2.193931
G 0.000000 -4.387862 0.000000
R 2.193931 -6.581793 -2.193931


-46.700000	1656347221410
14

R 0.000000 0.000000 0.000000
G 2.193931 2.193931 -2.193931
K 4.387862 0.000000 -4.387862
W 2.193931 -2.193931 -2.193931
T 4.387862 -4.387862 -4.387862
Y 2.193931 -2.193931 -6.581793
N 0.000000 0.000000 -8.775724
G 2.193931 2.193931 -6.581793
I 0.000000 0.000000 -4.387862
T -2.193931 -2.193931 -6.581793
Y 0.000000 -4.387862 -4.387862
E -2.193931 -2.193931 -2.193931
G 0.000000 -4.387862 -0.000000
R 2.193931 -6.581793 -2.193931


-46.570000	7256365221410
14

R 0.000000 0.000000 0.000000
G 2.193931 2.193931 -2.193931
K 4.387862 0.000000 -4.387862
W 2.193931 -2.193931 -2.193931
T 4.387862 -4.387862 -4.387862
Y 2.193931 -2.193931 -6.581793
N 0.000000 0.000000 -8.775724
G -2.193931 2.193931 -6.581793
I 0.000000 0.000000 -4.387862
T -2.193931 -2.193931 -6.581793
Y 0.000000 -4.387862 -4.387862
E -2.193931 -2.193931 -2.193931
G -4.387862 0.000000 -4.387862
R -2.193931 2.193931 -2.193931


-46.570000	5711272347530
14

R 0.000000 0.000000 0.000000
G 2.193931 2.193931 -2.193931
K 0.000000 0.000000 -4.387862
W -2.193931 2.193931 -2.193931
T 0.000000 4.387862 0.000000
Y -2.193931 2.193931 2.193931
N -4.387862 0.000000 0.000000
G -6.581793 2.193931 -2.193931
I -4.387862 4.387862 0.000000
T -6.581793 6.581793 -2.193931
Y -4.387862 4.387862 -4.387862
E -2.193931 2.193931 -6.581793
G -0.000000 4.387862 -4.387862
R -2.193931 6.581793 -2.193931


-46.570000	6722171347630
14

R 0.000000 0.000000 0.000000
G 2.193931 2.193931 -2.193931
K 0.000000 0.000000 -4.387862
W 2.193931 -2.193931 -2.193931
T 4.387862 0.000000 0.000000
Y 2.193931 -2.193931 2.193931
N 0.000000 -4.387862 0.000000
G 2.193931 -6.581793 -2.193931
I 4.387862 -4.387862 0.000000
T 6.581793 -6.581793 -2.193931
Y 4.387862 -4.387862 -4.387862
E 2.193931 -2.193931 -6.581793
G 4.387862 -0.000000 -4.387862
R 6.581793 -2.193931 -2.193931


-46.570000	2753635771410
14

R 0.000000 0.000000 0.000000
G 2.193931 2.193931 -2.193931
K 4.387862 0.000000 -4.387862
W 2.193931 -2.193931 -2.193931
T 4.387862 -4.387862 -4.387862
Y 6.581793 -2.193931 -2.193931
N 8.775724 0.000000 0.000000
G 6.581793 2.193931 2.193931
I 4.387862 0.000000 0.000000
T 6.581793 -2.193931 2.193931
Y 4.387862 -4.387862 0.000000
E 2.193931 -2.193931 2.193931
G 4.387862 0.000000 4.387862
R 2.193931 2.193931 2.193931


-46.540000	1355006324410
14

R 0.000000 0.000000 0.000000
G 2.193931 2.193931 -2.193931
K 4.387862 0.000000 -4.387862
W 2.193931 -2.193931 -2.193931
T 0.000000 -4.387862 0.000000
Y -2.193931 -2.193931 -2.193931
N -4.387862 -4.387862 -4.387862
G -2.193931 -6.581793 -2.193931
I 0.000000 -4.387862 -4.387862
T 2.193931 -2.193931 -6.581793
Y 0.000000 -0.000000 -4.387862
E -2.193931 2.193931 -2.193931
G -4.387862 -0.000000 -4.387862
R -2.193931 -2.193931 -6.581793


-46.540000	1655003674410
14

R 0.000000 0.000000 0.000000
G 2.193931 2.193931 -2.193931
K 4.387862 0.000000 -4.387862
W 2.193931 -2.193931 -2.193931
T 0.000000 -4.387862 0.000000
Y 2.193931 -2.193931 2.193931
N 4.387862 -4.387862 4.387862
G 2.193931 -6.581793 2.193931
I 4.387862 -4.387862 0.000000
T 6.581793 -2.193931 -2.193931
Y 4.387862 -0.000000 0.000000
E 2.193931 2.193931 2.193931
G 4.387862 -0.000000 4.387862
R 6.581793 -2.193931 2.193931


-46.500000	4600571453610
14

R 0.000000 0.000000 0.000000
G 2.193931 2.193931 -2.193931
K 4.387862 0.000000 -4.387862
W 6.581793 -2.193931 -2.193931
T 4.387862 -4.387862 -4.387862
Y 2.193931 -2.193931 -2.193931
N 0.000000 -4.387862 0.000000
G 2.193931 -6.581793 -2.193931
I 4.387862 -4.387862 0.000000
T 2.193931 -2.193931 2.193931
Y 4.387862 -0.000000 0.000000
E 6.581793 2.193931 -2.193931
G 8.775724 -0.000000 0.000000
R 6.581793 -2.193931 2.193931


-46.500000	4300521456310
14

R 0.000000 0.000000 0.000000
G 2.193931 2.193931 -2.193931
K 4.387862 0.000000 -4.387862
W 2.193931 -2.193931 -6.581793
T 4.387862 -4.387862 -4.387862
Y 2.193931 -2.193931 -2.193931
N 0.000000 -4.387862 -0.000000
G 2.193931 -6.581793 -2.193931
I 0.000000 -4.387862 -4.387862
T -2.193931 -2.193931 -2.193931
Y 0.000000 -0.000000 -4.387862
E 2.193931 2.193931 -6.581793
G 0.000000 -0.000000 -8.775724
R -2.193931 -2.193931 -6.581793


-46.480000	1055606430630
14

R 0.000000 0.000000 0.000000
G 2.193931 2.193931 -2.193931
K 0.000000 0.000000 -4.387862
W 2.193931 -2.193931 -2.193931
T 4.387862 0.000000 -4.387862
Y 2.193931 -2.193931 -6.581793
N 0.000000 -4.387862 -4.387862
G 2.193931 -6.581793 -2.193931
I 4.387862 -4.387862 -4.387862
T 6.581793 -6.581793 -2.193931
Y 4.387862 -4.387862 -0.000000
E 2.193931 -2.193931 2.193931
G 4.387862 -0.000000 -0.000000
R 6.581793 -2.193931 -2.193931


-46.480000	2066505430530
14

R 0.000000 0.000000 0.000000
G 2.193931 2.193931 -2.193931
K 0.000000 0.000000 -4.387862
W -2.193931 2.193931 -2.193931
T 0.000000 4.387862 -4.387862
Y -2.193931 2.193931 -6.581793
N -4.387862 0.000000 -4.387862
G -6.581793 2.193931 -2.193931
I -4.387862 4.387862 -4.387862
T -6.581793 6.581793 -2.193931
Y -4.387862 4.387862 -0.000000
E -2.193931 2.193931 2.193931
G -0.000000 4.387862 -0.000000
R -2.193931 6.581793 -2.193931


-46.420000	0244117224410
14

R 0.000000 0.000000 0.000000
G 2.193931 2.193931 -2.193931
K 4.387862 0.000000 -4.387862
W 2.193931 -2.193931 -2.193931
T 0.000000 -4.387862 0.000000
Y -2.193931 -2.193931 -2.193931
N -4.387862 0.000000 -4.387862
G -2.193931 2.193931 -2.193931
I 0.000000 0.000000 -4.387862
T 2.193931 -2.193931 -6.581793
Y 0.000000 -4.387862 -4.387862
E -2.193931 -6.581793 -2.193931
G -4.387862 -4.387862 -4.387862
R -2.193931 -2.193931 -6.581793


-46.420000	0744112774410
14

R 0.000000 0.000000 0.000000
G 2.193931 2.193931 -2.193931
K 4.387862 0.000000 -4.387862
W 2.193931 -2.193931 -2.193931
T 0.000000 -4.387862 0.000000
Y 2.193931 -2.193931 2.193931
N 4.387862 0.000000 4.387862
G 2.193931 2.193931 2.193931
I 4.387862 0.000000 0.000000
T 6.581793 -2.193931 -2.193931
Y 4.387862 -4.387862 0.000000
E 2.193931 -6.581793 2.193931
G 4.387862 -4.387862 4.387862
R 6.581793 -2.193931 2.193931


-46.370000	7203612774630
14

R 0.000000 0.000000 0.000000
G 2.193931 2.193931 -2.193931
K 0.000000 0.000000 -4.387862
W 2.193931 -2.193931 -2.193931
T 0.000000 -4.387862 0.000000
Y 2.193931 -2.193931 2.193931
N 4.387862 0.000000 4.387862
G 2.193931 2.193931 2.193931
I 4.387862 0.000000 0.000000
T 6.581793 -2.193931 2.193931
Y 4.387862 -4.387862 0.000000
E 6.581793 -2.193931 -2.193931
G 4.387862 0.000000 -4.387862
R 6.581793 2.193931 -2.193931


-46.370000	7103521774530
14

R 0.000000 0.000000 0.000000
G 2.193931 2.193931 -2.193931
K 0.000000 0.000000 -4.387862
W -2.193931 2.193931 -2.193931
T -4.387862 0.000000 0.000000
Y -2.193931 2.193931 2.193931
N 0.000000 4.387862 4.387862
G 2.193931 2.193931 2.193931
I 0.000000 4.387862 0.000000
T -2.193931 6.581793 2.193931
Y -4.387862 4.387862 0.000000
E -2.193931 6.581793 -2.193931
G 0.000000 4.387862 -4.387862
R 2.193931 6.581793 -2.193931


-46.350000	0345072124410
14

R 0.000000 0.000000 0.000000
G 2.193931 2.193931 -2.193931
K 4.387862 0.000000 -4.387862
W 2.193931 -2.193931 -2.193931
T 0.000000 -4.387862 0.000000
Y -2.193931 -2.193931 -2.193931
N 0.000000 -4.387862 -4.387862
G -2.193931 -2.193931 -6.581793
I 0.000000 0.000000 -4.387862
T 2.193931 2.193931 -6.581793
Y 0.000000 4.387862 -4.387862
E -2.193931 2.193931 -2.193931
G -4.387862 0.000000 -4.387862
R -2.193931 2.193931 -6.581793


-46.350000	7033612774410
14

R 0.000000 0.000000 0.000000
G 2.193931 2.193931 -2.193931
K 4.387862 0.000000 -4.387862
W 2.193931 -2.193931 -2.193931
T 0.000000 -4.387862 0.000000
Y 2.193931 -2.193931 2.193931
N 4.387862 0.000000 4.387862
G 2.193931 2.193931 2.193931
I 4.387862 0.000000 0.000000
T 6.581793 -2.193931 2.193931
Y 4.387862 -4.387862 0.000000
E 2.193931 -6.581793 -2.193931
G 4.387862 -4.387862 -4.387862
R 6.581793 -2.193931 -2.193931


-46.350000	0645027174410
14

R 0.000000 0.000000 0.000000
G 2.193931 2.193931 -2.193931
K 4.387862 0.000000 -4.387862
W 2.193931 -2.193931 -2.193931
T 0.000000 -4.387862 0.000000
Y 2.193931 -2.193931 2.193931
N 4.387862 -4.387862 0.000000
G 6.581793 -2.193931 2.193931
I 4.387862 0.000000 0.000000
T 6.581793 2.193931 -2.193931
Y 4.387862 4.387862 0.000000
E 2.193931 2.193931 2.193931
G 4.387862 0.000000 4.387862
R 6.581793 2.193931 2.193931


-46.350000	2066317224410
14

R 0.000000 0.000000 0.000000
G 2.193931 2.193931 -2.193931
K 4.387862 0.000000 -4.387862
W 2.193931 -2.193931 -2.193931
T 0.000000 -4.387862 0.000000
Y -2.193931 -2.193931 -2.193931
N -4.387862 0.000000 -4.387862
G -2.193931 2.193931 -2.193931
I 0.000000 0.000000 -4.387862
T -2.193931 -2.193931 -6.581793
Y 0.000000 -4.387862 -4.387862
E 2.193931 -6.581793 -2.193931
G 4.387862 -4.387862 -4.387862
R 2.193931 -2.193931 -6.581793


-46.330000	3570317254310
14

R 0.000000 0.000000 0.000000
G 2.193931 2.193931 -2.193931
K 4.387862 0.000000 -4.387862
W 2.193931 -2.193931 -6.581793
T 0.000000 -4.387862 -4.387862
Y -2.193931 -2.193931 -2.193931
N -4.387862 0.000000 -4.387862
G -2.193931 2.193931 -2.193931
I 0.000000 0.000000 -4.387862
T -2.193931 -2.193931 -6.581793
Y 0.000000 0.000000 -8.775724
E 2.193931 2.193931 -6.581793
G 0.000000 4.387862 -4.387862
R -2.193931 2.193931 -6.581793


-46.330000	6520612754610
14

R 0.000000 0.000000 0.000000
G 2.193931 2.193931 -2.193931
K 4.387862 0.000000 -4.387862
W 6.581793 -2.193931 -2.193931
T 4.387862 -4.387862 0.000000
Y 2.193931 -2.193931 2.193931
N 4.387862 0.000000 4.387862
G 2.193931 2.193931 2.193931
I 4.387862 0.000000 0.000000
T 6.581793 -2.193931 2.193931
Y 8.775724 0.000000 0.000000
E 6.581793 2.193931 -2.193931
G 4.387862 4.387862 0.000000
R 6.581793 2.193931 2.193931


-46.260000	5341774350530
14

R 0.000000 0.000000 0.000000
G 2.193931 2.193931 -2.193931
K 0.000000 0.000000 -4.387862
W -2.193931 2.193931 -2.193931
T 0.000000 4.387862 -4.387862
Y -2.193931 6.581793 -2.193931
N -4.387862 4.387862 -4.387862
G -6.581793 2.193931 -2.193931
I -4.387862 4.387862 0.000000
T -2.193931 6.581793 2.193931
Y -0.000000 4.387862 0.000000
E -2.193931 2.193931 2.193931
G -4.387862 0.000000 0.000000
R -6.581793 2.193931 2.193931


-46.260000	6342774360630
14

R 0.000000 0.000000 0.000000
G 2.193931 2.193931 -2.193931
K 0.000000 0.000000 -4.387862
W 2.193931 -2.193931 -2.193931
T 4.387862 0.000000 -4.387862
Y 6.581793 -2.193931 -2.193931
N 4.387862 -4.387862 -4.387862
G 2.193931 -6.581793 -2.193931
I 4.387862 -4.387862 0.000000
T 6.581793 -2.193931 2.193931
Y 4.387862 -0.000000 0.000000
E 2.193931 -2.193931 2.193931
G 0.000000 -4.387862 0.000000
R 2.193931 -6.581793 2.193931


-46.230000	5703612774410
14

R 0.000000 0.000000 0.000000
G 2.193931 2.193931 -2.193931
K 4.387862 0.000000 -4.387862
W 2.193931 -2.193931 -2.193931
T 0.000000 -4.387862 0.000000
Y 2.193931 -2.193931 2.193931
N 4.387862 0.000000 4.387862
G 2.193931 2.193931 2.193931
I 4.387862 0.000000 0.000000
T 6.581793 -2.193931 2.193931
Y 4.387862 -4.387862 0.000000
E 6.581793 -2.193931 -2.193931
G 8.775724 0.000000 0.000000
R 6.581793 2.193931 2.193931


-46.230000	5206317224410
14

R 0.000000 0.000000 0.000000
G 2.193931 2.193931 -2.193931
K 4.387862 0.000000 -4.387862
W 2.193931 -2.193931 -2.193931
T 0.000000 -4.387862 0.000000
Y -2.193931 -2.193931 -2.193931
N -4.387862 0.000000 -4.387862
G -2.193931 2.193931 -2.193931
I 0.000000 0.000000 -4.387862
T -2.193931 -2.193931 -6.581793
Y 0.000000 -4.387862 -4.387862
E 2.193931 -2.193931 -6.581793
G 0.000000 0.000000 -8.775724
R -2.193931 2.193931 -6.581793


-46.220000	6025650174410
14

R 0.000000 0.000000 0.000000
G 2.193931 2.193931 -2.193931
K 4.387862 0.000000 -4.387862
W 2.193931 -2.193931 -2.193931
T 0.000000 -4.387862 0.000000
Y 2.193931 -2.193931 2.193931
N 4.387862 -4.387862 0.000000
G 6.581793 -2.193931 -2.193931
I 4.387862 0.000000 0.000000
T 6.581793 -2.193931 2.193931
Y 4.387862 0.000000 4.387862
E 2.193931 2.193931 2.193931
G 4.387862 4.387862 0.000000
R 6.581793 2.193931 2.193931


-46.220000	3075350124410
14

R 0.000000 0.000000 0.000000
G 2.193931 2.193931 -2.193931
K 4.387862 0.000000 -4.387862
W 2.193931 -2.193931 -2.193931
T 0.000000 -4.387862 0.000000
Y -2.193931 -2.193931 -2.193931
N 0.000000 -4.387862 -4.387862
G 2.193931 -2.193931 -6.581793
I 0.000000 0.000000 -4.387862
T -2.193931 -2.193931 -6.581793
Y -4.387862 0.000000 -4.387862
E -2.193931 2.193931 -2.193931
G 0.000000 4.387862 -4.387862
R -2.193931 2.193931 -6.581793


-46.220000	4500353147410
14

R 0.000000 0.000000 0.000000
G 2.193931 2.193931 -2.193931
K 4.387862 0.000000 -4.387862
W 2.193931 -2.193931 -2.193931
T 4.387862 0.000000 0.000000
Y 2.193931 -2.193931 2.193931
N 4.387862 -4.387862 0.000000
G 2.193931 -6.581793 -2.193931
I 0.000000 -4.387862 0.000000
T -2.193931 -6.581793 -2.193931
Y 0.000000 -4.387862 -4.387862
E 2.193931 -2.193931 -6.581793
G 0.000000 -0.000000 -4.387862
R -2.193931 -2.193931 -2.193931


-46.220000	4500656142410
14

R 0.000000 0.000000 0.000000
G 2.193931 2.193931 -2.193931
K 4.387862 0.000000 -4.387862
W 2.193931 -2.193931 -2.193931
T 0.000000 0.000000 -4.387862
Y -2.193931 -2.193931 -2.193931
N 0.000000 -4.387862 -4.387862
G 2.193931 -6.581793 -2.193931
I 0.000000 -4.387862 0.000000
T 2.193931 -6.581793 2.193931
Y 4.387862 -4.387862 0.000000
E 6.581793 -2.193931 -2.193931
G 4.387862 -0.000000 0.000000
R 2.193931 -2.193931 2.193931


-46.190000	2566347230530
14

R 0.000000 0.000000 0.000000
G 2.193931 2.193931 -2.193931
K 0.000000 0.000000 -4.387862
W -2.193931 2.193931 -2.193931
T 0.000000 4.387862 -4.387862
Y -2.193931 2.193931 -6.581793
N -4.387862 4.387862 -8.775724
G -2.193931 6.581793 -6.581793
I -4.387862 4.387862 -4.387862
T -6.581793 2.193931 -6.581793
Y -4.387862 0.000000 -4.387862
E -2.193931 -2.193931 -2.193931
G -4.387862 0.000000 -0.000000
R -6.581793 2.193931 -2.193931


-46.190000	1655347130630
14

R 0.000000 0.000000 0.000000
G 2.193931 2.193931 -2.193931
K 0.000000 0.000000 -4.387862
W 2.193931 -2.193931 -2.193931
T 4.387862 0.000000 -4.387862
Y 2.193931 -2.193931 -6.581793
N 4.387862 -4.387862 -8.775724
G 6.581793 -2.193931 -6.581793
I 4.387862 -4.387862 -4.387862
T 2.193931 -6.581793 -6.581793
Y 0.000000 -4.387862 -4.387862
E -2.193931 -2.193931 -2.193931
G 0.000000 -4.387862 -0.000000
R 2.193931 -6.581793 -2.193931


-46.180000	2566347221410
14

R 0.000000 0.000000 0.000000
G 2.193931 2.193931 -2.193931
K 4.387862 0.000000 -4.387862
W 2.193931 -2.193931 -2.193931
T 4.387862 -4.387862 -4.387862
Y 2.193931 -2.193931 -6.581793
N 0.000000 0.000000 -8.775724
G 2.193931 2.193931 -6.581793
I 0.000000 0.000000 -4.387862
T -2.193931 -2.193931 -6.581793
Y 0.000000 -4.387862 -4.387862
E 2.193931 -6.581793 -2.193931
G 0.000000 -4.387862 -0.000000
R -2.193931 -2.193931 -2.193931


-46.180000	7533642771410
14

R 0.000000 0.000000 0.000000
G 2.193931 2.193931 -2.193931
K 4.387862 0.000000 -4.387862
W 2.193931 -2.193931 -2.193931
T 4.387862 -4.387862 -4.387862
Y 6.581793 -2.193931 -2.193931
N 8.775724 0.000000 0.000000
G 6.581793 2.193931 -2.193931
I 4.387862 0.000000 0.000000
T 6.581793 -2.193931 2.193931
Y 4.387862 -4.387862 0.000000
E 2.193931 -6.581793 -2.193931
G 0.000000 -4.387862 0.000000
R 2.193931 -2.193931 2.193931


-46.170000	2461206345210
14

R 0.000000 0.000000 0.000000
G 2.193931 2.193931 -2.193931
K 4.387862 0.000000 -4.387862
W 2.193931 2.193931 -6.581793
T 0.000000 4.387862 -4.387862
Y -2.193931 2.193931 -2.193931
N -4.387862 0.000000 -4.387862
G -2.193931 -2.193931 -2.193931
I 0.000000 0.000000 -4.387862
T -2.193931 2.193931 -6.581793
Y 0.000000 0.000000 -8.775724
E 2.193931 -2.193931 -6.581793
G 0.000000 -4.387862 -4.387862
R -2.193931 -2.193931 -6.581793


-46.170000	7431703645710
14

R 0.000000 0.000000 0.000000
G 2.193931 2.193931 -2.193931
K 4.387862 0.000000 -4.387862
W 6.581793 2.193931 -2.193931
T 4.387862 4.387862 0.000000
Y 2.193931 2.193931 2.193931
N 4.387862 0.000000 4.387862
G 2.193931 -2.193931 2.193931
I 4.387862 0.000000 0.000000
T 6.581793 2.193931 2.193931
Y 8.775724 0.000000 0.000000
E 6.581793 -2.193931 -2.193931
G 4.387862 -4.387862 0.000000
R 6.581793 -2.193931 2.193931


-46.170000	6027427436710
14

R 0.000000 0.000000 0.000000
G 2.193931 2.193931 -2.193931
K 4.387862 0.000000 -4.387862
W 6.581793 2.193931 -2.193931
T 8.775724 0.000000 0.000000
Y 6.581793 -2.193931 -2.193931
N 4.387862 -4.387862 0.000000
G 6.581793 -2.193931 2.193931
I 4.387862 0.000000 0.000000
T 2.193931 -2.193931 2.193931
Y 4.387862 0.000000 4.387862
E 2.193931 2.193931 2.193931
G 4.387862 4.387862 0.000000
R 6.581793 2.193931 2.193931


-46.170000	3072472463210
14

R 0.000000 0.000000 0.000000
G 2.193931 2.193931 -2.193931
K 4.387862 0.000000 -4.387862
W 2.193931 2.193931 -6.581793
T 0.000000 0.000000 -8.775724
Y 2.193931 -2.193931 -6.581793
N 0.000000 -4.387862 -4.387862
G -2.193931 -2.193931 -6.581793
I 0.000000 0.000000 -4.387862
T -2.193931 -2.193931 -2.193931
Y -4.387862 0.000000 -4.387862
E -2.193931 2.193931 -2.193931
G 0.000000 4.387862 -4.387862
R -2.193931 2.193931 -6.581793


-46.140000	6027424706410
14

R 0.000000 0.000000 0.000000
G 2.193931 2.193931 -2.193931
K 4.387862 0.000000 -4.387862
W 2.193931 -2.193931 -2.193931
T 4.387862 -4.387862 0.000000
Y 6.581793 -2.193931 -2.193931
N 8.775724 0.000000 0.000000
G 6.581793 -2.193931 2.193931
I 4.387862 0.000000 0.000000
T 2.193931 -2.193931 2.193931
Y 4.387862 0.000000 4.387862
E 2.193931 2.193931 2.193931
G 4.387862 4.387862 0.000000
R 6.581793 2.193931 2.193931


-46.140000	3072474203410
14

R 0.000000 0.000000 0.000000
G 2.193931 2.193931 -2.193931
K 4.387862 0.000000 -4.387862
W 2.193931 -2.193931 -2.193931
T 0.000000 -4.387862 -4.387862
Y 2.193931 -2.193931 -6.581793
N 0.000000 0.000000 -8.775724
G -2.193931 -2.193931 -6.581793
I 0.000000 0.000000 -4.387862
T -2.193931 -2.193931 -2.193931
Y -4.387862 0.000000 -4.387862
E -2.193931 2.193931 -2.193931
G 0.000000 4.387862 -4.387862
R -2.193931 2.193931 -6.581793


