-86.756715	53a6b0467a0
12

F 0.000000 0.000000 0.000000
A 2.687006 2.687006 0.000000
T 0.000000 2.687006 -2.687006
M 2.687006 0.000000 -2.687006
R 0.000000 -2.687006 -2.687006
Y 2.687006 -2.687006 0.000000
P 5.374012 0.000000 0.000000
S 2.687006 0.000000 2.687006
D 0.000000 -2.687006 2.687006
S -2.687006 -2.687006 0.000000
D -2.687006 0.000000 -2.687006
E 0.000000 0.000000 -5.374012


-86.134116	3186b0467a0
12

F 0.000000 0.000000 0.000000
A 2.687006 2.687006 0.000000
T 0.000000 2.687006 -2.687006
M 2.687006 0.000000 -2.687006
R 0.000000 -2.687006 -2.687006
Y 2.687006 -2.687006 0.000000
P 5.374012 0.000000 0.000000
S 2.687006 0.000000 2.687006
D 0.000000 -2.687006 2.687006
S 0.000000 -5.374012 0.000000
D -2.687006 -2.687006 0.000000
E -2.687006 0.000000 -2.687006


-86.058050	a0586426810
12

F 0.000000 0.000000 0.000000
A 2.687006 2.687006 0.000000
T 0.000000 5.374012 0.000000
M 0.000000 2.687006 -2.687006
R -2.687006 0.000000 -2.687006
Y -2.687006 2.687006 0.000000
P 0.000000 2.687006 2.687006
S -2.687006 0.000000 2.687006
D -2.687006 -2.687006 0.000000
S 0.000000 -2.687006 -2.687006
D 2.687006 0.000000 -2.687006
E 0.000000 0.000000 -5.374012


-86.058050	b0496536910
12

F 0.000000 0.000000 0.000000
A 2.687006 2.687006 0.000000
T 0.000000 5.374012 0.000000
M 0.000000 2.687006 2.687006
R -2.687006 0.000000 2.687006
Y -2.687006 2.687006 0.000000
P 0.000000 2.687006 -2.687006
S -2.687006 0.000000 -2.687006
D -2.687006 -2.687006 0.000000
S 0.000000 -2.687006 2.687006
D 2.687006 0.000000 2.687006
E 0.000000 0.000000 5.374012


-85.966212	057a6426810
12

F 0.000000 0.000000 0.000000
A 2.687006 2.687006 0.000000
T 0.000000 5.374012 0.000000
M 0.000000 2.687006 -2.687006
R -2.687006 0.000000 -2.687006
Y -2.687006 2.687006 0.000000
P 0.000000 2.687006 2.687006
S -2.687006 0.000000 2.687006
D -5.374012 0.000000 0.000000
S -2.687006 -2.687006 0.000000
D 0.000000 -2.687006 -2.687006
E 2.687006 0.000000 -2.687006


-85.966212	047b6536910
12

F 0.000000 0.000000 0.000000
A 2.687006 2.687006 0.000000
T 0.000000 5.374012 0.000000
M 0.000000 2.687006 2.687006
R -2.687006 0.000000 2.687006
Y -2.687006 2.687006 0.000000
P 0.000000 2.687006 -2.687006
S -2.687006 0.000000 -2.687006
D -5.374012 0.000000 0.000000
S -2.687006 -2.687006 0.000000
D 0.000000 -2.687006 2.687006
E 2.687006 0.000000 2.687006


-85.949730	5049b3a97a0
12

F 0.000000 0.000000 0.000000
A 2.687006 2.687006 0.000000
T 0.000000 2.687006 -2.687006
M 2.687006 0.000000 -2.687006
R 2.687006 -2.687006 0.000000
Y 0.000000 -2.687006 -2.687006
P 0.000000 0.000000 -5.374012
S -2.687006 0.000000 -2.687006
D -2.687006 -2.687006 0.000000
S 0.000000 -2.687006 2.687006
D 2.687006 0.000000 2.687006
E 5.374012 0.000000 0.000000


-85.897339	43586426810
12

F 0.000000 0.000000 0.000000
A 2.687006 2.687006 0.000000
T 0.000000 5.374012 0.000000
M 0.000000 2.687006 -2.687006
R -2.687006 0.000000 -2.687006
Y -2.687006 2.687006 0.000000
P 0.000000 2.687006 2.687006
S -2.687006 0.000000 2.687006
D -2.687006 -2.687006 0.000000
S 0.000000 -2.687006 -2.687006
D 0.000000 0.000000 -5.374012
E 2.687006 0.000000 -2.687006


-85.897339	52496536910
12

F 0.000000 0.000000 0.000000
A 2.687006 2.687006 0.000000
T 0.000000 5.374012 0.000000
M 0.000000 2.687006 2.687006
R -2.687006 0.000000 2.687006
Y -2.687006 2.687006 0.000000
P 0.000000 2.687006 -2.687006
S -2.687006 0.000000 -2.687006
D -2.687006 -2.687006 0.000000
S 0.000000 -2.687006 2.687006
D 0.000000 0.000000 5.374012
E 2.687006 0.000000 2.687006


-85.427131	0279b3a97a0
12

F 0.000000 0.000000 0.000000
A 2.687006 2.687006 0.000000
T 0.000000 2.687006 -2.687006
M 2.687006 0.000000 -2.687006
R 2.687006 -2.687006 0.000000
Y 0.000000 -2.687006 -2.687006
P 0.000000 0.000000 -5.374012
S -2.687006 0.000000 -2.687006
D -2.687006 -2.687006 0.000000
S 0.000000 -5.374012 0.000000
D 0.000000 -2.687006 2.687006
E 2.687006 0.000000 2.687006


-85.395588	79b13859910
12

F 0.000000 0.000000 0.000000
A 2.687006 2.687006 0.000000
T 0.000000 5.374012 0.000000
M 0.000000 2.687006 2.687006
R 0.000000 0.000000 5.374012
Y 2.687006 0.000000 2.687006
P 2.687006 -2.687006 0.000000
S 2.687006 0.000000 -2.687006
D 0.000000 2.687006 -2.687006
S -2.687006 2.687006 0.000000
D -2.687006 0.000000 2.687006
E 0.000000 -2.687006 2.687006


-85.395588	78a12948810
12

F 0.000000 0.000000 0.000000
A 2.687006 2.687006 0.000000
T 0.000000 5.374012 0.000000
M 0.000000 2.687006 -2.687006
R 0.000000 0.000000 -5.374012
Y 2.687006 0.000000 -2.687006
P 2.687006 -2.687006 0.000000
S 2.687006 0.000000 2.687006
D 0.000000 2.687006 2.687006
S -2.687006 2.687006 0.000000
D -2.687006 0.000000 -2.687006
E 0.000000 -2.687006 -2.687006


-85.305466	531862467a0
12

F 0.000000 0.000000 0.000000
A 2.687006 2.687006 0.000000
T 0.000000 2.687006 -2.687006
M 2.687006 0.000000 -2.687006
R 0.000000 -2.687006 -2.687006
Y 2.687006 -2.687006 0.000000
P 2.687006 0.000000 2.687006
S 0.000000 -2.687006 2.687006
D 0.000000 -5.374012 0.000000
S -2.687006 -2.687006 0.000000
D -2.687006 0.000000 -2.687006
E 0.000000 0.000000 -5.374012


-85.300527	058642b8810
12

F 0.000000 0.000000 0.000000
A 2.687006 2.687006 0.000000
T 0.000000 5.374012 0.000000
M 0.000000 2.687006 -2.687006
R 0.000000 0.000000 -5.374012
Y -2.687006 0.000000 -2.687006
P -2.687006 2.687006 0.000000
S 0.000000 2.687006 2.687006
D -2.687006 0.000000 2.687006
S -2.687006 -2.687006 0.000000
D 0.000000 -2.687006 -2.687006
E 2.687006 0.000000 -2.687006


-85.300527	049653a9910
12

F 0.000000 0.000000 0.000000
A 2.687006 2.687006 0.000000
T 0.000000 5.374012 0.000000
M 0.000000 2.687006 2.687006
R 0.000000 0.000000 5.374012
Y -2.687006 0.000000 2.687006
P -2.687006 2.687006 0.000000
S 0.000000 2.687006 -2.687006
D -2.687006 0.000000 -2.687006
S -2.687006 -2.687006 0.000000
D 0.000000 -2.687006 2.687006
E 2.687006 0.000000 2.687006


-85.150563	8a124648810
12

F 0.000000 0.000000 0.000000
A 2.687006 2.687006 0.000000
T 0.000000 5.374012 0.000000
M 0.000000 2.687006 -2.687006
R 0.000000 0.000000 -5.374012
Y 2.687006 0.000000 -2.687006
P 0.000000 -2.687006 -2.687006
S 2.687006 -2.687006 0.000000
D 2.687006 0.000000 2.687006
S 0.000000 2.687006 2.687006
D -2.687006 2.687006 0.000000
E -2.687006 0.000000 -2.687006


-85.150563	9b135659910
12

F 0.000000 0.000000 0.000000
A 2.687006 2.687006 0.000000
T 0.000000 5.374012 0.000000
M 0.000000 2.687006 2.687006
R 0.000000 0.000000 5.374012
Y 2.687006 0.000000 2.687006
P 0.000000 -2.687006 2.687006
S 2.687006 -2.687006 0.000000
D 2.687006 0.000000 -2.687006
S 0.000000 2.687006 -2.687006
D -2.687006 2.687006 0.000000
E -2.687006 0.000000 2.687006


-85.145760	58a1b0467a0
12

F 0.000000 0.000000 0.000000
A 2.687006 2.687006 0.000000
T 0.000000 2.687006 -2.687006
M 2.687006 0.000000 -2.687006
R 0.000000 -2.687006 -2.687006
Y 2.687006 -2.687006 0.000000
P 5.374012 0.000000 0.000000
S 2.687006 0.000000 2.687006
D 0.000000 2.687006 2.687006
S -2.687006 2.687006 0.000000
D -2.687006 0.000000 -2.687006
E 0.000000 0.000000 -5.374012


-85.138933	3816b0467a0
12

F 0.000000 0.000000 0.000000
A 2.687006 2.687006 0.000000
T 0.000000 2.687006 -2.687006
M 2.687006 0.000000 -2.687006
R 0.000000 -2.687006 -2.687006
Y 2.687006 -2.687006 0.000000
P 5.374012 0.000000 0.000000
S 2.687006 0.000000 2.687006
D 0.000000 -2.687006 2.687006
S -2.687006 0.000000 2.687006
D -2.687006 -2.687006 0.000000
E -2.687006 0.000000 -2.687006


-84.990527	3a8b7046ba0
12

F 0.000000 0.000000 0.000000
A 2.687006 2.687006 0.000000
T 0.000000 2.687006 -2.687006
M -2.687006 2.687006 0.000000
R -5.374012 0.000000 0.000000
Y -2.687006 0.000000 2.687006
P 0.000000 2.687006 2.687006
S 2.687006 0.000000 2.687006
D 0.000000 0.000000 5.374012
S 0.000000 -2.687006 2.687006
D -2.687006 -2.687006 0.000000
E -2.687006 0.000000 -2.687006


-84.929314	03a6549a910
12

F 0.000000 0.000000 0.000000
A 2.687006 2.687006 0.000000
T 0.000000 5.374012 0.000000
M 0.000000 2.687006 2.687006
R -2.687006 2.687006 0.000000
Y -2.687006 0.000000 2.687006
P 0.000000 0.000000 5.374012
S 2.687006 0.000000 2.687006
D 0.000000 -2.687006 2.687006
S -2.687006 -2.687006 0.000000
D -2.687006 0.000000 -2.687006
E 0.000000 2.687006 -2.687006


-84.929314	02b6458b810
12

F 0.000000 0.000000 0.000000
A 2.687006 2.687006 0.000000
T 0.000000 5.374012 0.000000
M 0.000000 2.687006 -2.687006
R -2.687006 2.687006 0.000000
Y -2.687006 0.000000 -2.687006
P 0.000000 0.000000 -5.374012
S 2.687006 0.000000 -2.687006
D 0.000000 -2.687006 -2.687006
S -2.687006 -2.687006 0.000000
D -2.687006 0.000000 2.687006
E 0.000000 2.687006 2.687006


-84.753664	23a6b0467a0
12

F 0.000000 0.000000 0.000000
A 2.687006 2.687006 0.000000
T 0.000000 2.687006 -2.687006
M 2.687006 0.000000 -2.687006
R 0.000000 -2.687006 -2.687006
Y 2.687006 -2.687006 0.000000
P 5.374012 0.000000 0.000000
S 2.687006 0.000000 2.687006
D 0.000000 -2.687006 2.687006
S -2.687006 -2.687006 0.000000
D -2.687006 0.000000 -2.687006
E -2.687006 2.687006 0.000000


-84.730771	b1a852467a0
12

F 0.000000 0.000000 0.000000
A 2.687006 2.687006 0.000000
T 0.000000 2.687006 -2.687006
M 2.687006 0.000000 -2.687006
R 0.000000 -2.687006 -2.687006
Y 2.687006 -2.687006 0.000000
P 2.687006 0.000000 2.687006
S 5.374012 0.000000 0.000000
D 5.374012 -2.687006 -2.687006
S 2.687006 -2.687006 -5.374012
D 0.000000 0.000000 -5.374012
E -2.687006 0.000000 -2.687006


-84.677684	3a6b049a7a0
12

F 0.000000 0.000000 0.000000
A 2.687006 2.687006 0.000000
T 0.000000 2.687006 -2.687006
M 2.687006 0.000000 -2.687006
R 0.000000 0.000000 -5.374012
Y 0.000000 -2.687006 -2.687006
P 2.687006 -2.687006 0.000000
S 5.374012 0.000000 0.000000
D 2.687006 0.000000 2.687006
S 0.000000 -2.687006 2.687006
D -2.687006 -2.687006 0.000000
E -2.687006 0.000000 -2.687006


-84.592157	b0495a64ba0
12

F 0.000000 0.000000 0.000000
A 2.687006 2.687006 0.000000
T 0.000000 2.687006 -2.687006
M -2.687006 2.687006 0.000000
R 0.000000 2.687006 2.687006
Y -2.687006 0.000000 2.687006
P -5.374012 0.000000 0.000000
S -2.687006 0.000000 -2.687006
D -2.687006 -2.687006 0.000000
S 0.000000 -2.687006 2.687006
D 2.687006 0.000000 2.687006
E 0.000000 0.000000 5.374012


-84.583248	049b3a647a0
12

F 0.000000 0.000000 0.000000
A 2.687006 2.687006 0.000000
T 0.000000 2.687006 -2.687006
M 2.687006 0.000000 -2.687006
R 5.374012 0.000000 0.000000
Y 2.687006 -2.687006 0.000000
P 0.000000 -2.687006 -2.687006
S 0.000000 0.000000 -5.374012
D -2.687006 0.000000 -2.687006
S -2.687006 -2.687006 0.000000
D 0.000000 -2.687006 2.687006
E 2.687006 0.000000 2.687006


-84.577806	98a1b0467a0
12

F 0.000000 0.000000 0.000000
A 2.687006 2.687006 0.000000
T 0.000000 2.687006 -2.687006
M 2.687006 0.000000 -2.687006
R 0.000000 -2.687006 -2.687006
Y 2.687006 -2.687006 0.000000
P 5.374012 0.000000 0.000000
S 2.687006 0.000000 2.687006
D 0.000000 2.687006 2.687006
S -2.687006 2.687006 0.000000
D -2.687006 0.000000 -2.687006
E -2.687006 -2.687006 0.000000


-84.553908	03186426810
12

F 0.000000 0.000000 0.000000
A 2.687006 2.687006 0.000000
T 0.000000 5.374012 0.000000
M 0.000000 2.687006 -2.687006
R -2.687006 0.000000 -2.687006
Y -2.687006 2.687006 0.000000
P 0.000000 2.687006 2.687006
S -2.687006 0.000000 2.687006
D -2.687006 -2.687006 0.000000
S -5.374012 0.000000 0.000000
D -5.374012 2.687006 -2.687006
E -2.687006 5.374012 -2.687006


-84.553908	02196536910
12

F 0.000000 0.000000 0.000000
A 2.687006 2.687006 0.000000
T 0.000000 5.374012 0.000000
M 0.000000 2.687006 2.687006
R -2.687006 0.000000 2.687006
Y -2.687006 2.687006 0.000000
P 0.000000 2.687006 -2.687006
S -2.687006 0.000000 -2.687006
D -2.687006 -2.687006 0.000000
S -5.374012 0.000000 0.000000
D -5.374012 2.687006 2.687006
E -2.687006 5.374012 2.687006


-84.548481	502791a97a0
12

F 0.000000 0.000000 0.000000
A 2.687006 2.687006 0.000000
T 0.000000 2.687006 -2.687006
M 2.687006 0.000000 -2.687006
R 2.687006 -2.687006 0.000000
Y 0.000000 -2.687006 -2.687006
P -2.687006 0.000000 -2.687006
S -2.687006 -2.687006 0.000000
D 0.000000 -5.374012 0.000000
S 0.000000 -2.687006 2.687006
D 2.687006 0.000000 2.687006
E 5.374012 0.000000 0.000000


-84.528223	3a659046ba0
12

F 0.000000 0.000000 0.000000
A 2.687006 2.687006 0.000000
T 0.000000 2.687006 -2.687006
M -2.687006 2.687006 0.000000
R -5.374012 0.000000 0.000000
Y -2.687006 0.000000 2.687006
P 0.000000 2.687006 2.687006
S 0.000000 0.000000 5.374012
D 2.687006 0.000000 2.687006
S 0.000000 -2.687006 2.687006
D -2.687006 -2.687006 0.000000
E -2.687006 0.000000 -2.687006


-84.431948	0729b3a97a0
12

F 0.000000 0.000000 0.000000
A 2.687006 2.687006 0.000000
T 0.000000 2.687006 -2.687006
M 2.687006 0.000000 -2.687006
R 2.687006 -2.687006 0.000000
Y 0.000000 -2.687006 -2.687006
P 0.000000 0.000000 -5.374012
S -2.687006 0.000000 -2.687006
D -2.687006 -2.687006 0.000000
S -2.687006 0.000000 2.687006
D 0.000000 -2.687006 2.687006
E 2.687006 0.000000 2.687006


-84.416801	52495a64ba0
12

F 0.000000 0.000000 0.000000
A 2.687006 2.687006 0.000000
T 0.000000 2.687006 -2.687006
M -2.687006 2.687006 0.000000
R 0.000000 2.687006 2.687006
Y -2.687006 0.000000 2.687006
P -5.374012 0.000000 0.000000
S -2.687006 0.000000 -2.687006
D -2.687006 -2.687006 0.000000
S 0.000000 -2.687006 2.687006
D 0.000000 0.000000 5.374012
E 2.687006 0.000000 2.687006


-84.382710	5742b3a97a0
12

F 0.000000 0.000000 0.000000
A 2.687006 2.687006 0.000000
T 0.000000 2.687006 -2.687006
M 2.687006 0.000000 -2.687006
R 2.687006 -2.687006 0.000000
Y 0.000000 -2.687006 -2.687006
P 0.000000 0.000000 -5.374012
S -2.687006 0.000000 -2.687006
D -2.687006 2.687006 0.000000
S 0.000000 2.687006 2.687006
D 2.687006 0.000000 2.687006
E 5.374012 0.000000 0.000000


-84.352659	515a62647a0
12

F 0.000000 0.000000 0.000000
A 2.687006 2.687006 0.000000
T 0.000000 2.687006 -2.687006
M 2.687006 0.000000 -2.687006
R 5.374012 0.000000 0.000000
Y 2.687006 -2.687006 0.000000
P 2.687006 0.000000 2.687006
S 0.000000 -2.687006 2.687006
D -2.687006 -2.687006 0.000000
S 0.000000 -2.687006 -2.687006
D -2.687006 0.000000 -2.687006
E 0.000000 0.000000 -5.374012


-84.341654	7531b859910
12

F 0.000000 0.000000 0.000000
A 2.687006 2.687006 0.000000
T 0.000000 5.374012 0.000000
M 0.000000 2.687006 2.687006
R 0.000000 0.000000 5.374012
Y 2.687006 0.000000 2.687006
P 2.687006 -2.687006 0.000000
S 0.000000 -2.687006 2.687006
D -2.687006 0.000000 2.687006
S -2.687006 2.687006 0.000000
D 0.000000 2.687006 -2.687006
E 2.687006 0.000000 -2.687006


-84.341654	7421a948810
12

F 0.000000 0.000000 0.000000
A 2.687006 2.687006 0.000000
T 0.000000 5.374012 0.000000
M 0.000000 2.687006 -2.687006
R 0.000000 0.000000 -5.374012
Y 2.687006 0.000000 -2.687006
P 2.687006 -2.687006 0.000000
S 0.000000 -2.687006 -2.687006
D -2.687006 0.000000 -2.687006
S -2.687006 2.687006 0.000000
D 0.000000 2.687006 2.687006
E 2.687006 0.000000 2.687006


-84.302365	3b3862647a0
12

F 0.000000 0.000000 0.000000
A 2.687006 2.687006 0.000000
T 0.000000 2.687006 -2.687006
M 2.687006 0.000000 -2.687006
R 5.374012 0.000000 0.000000
Y 2.687006 -2.687006 0.000000
P 2.687006 0.000000 2.687006
S 0.000000 -2.687006 2.687006
D 0.000000 -5.374012 0.000000
S 0.000000 -2.687006 -2.687006
D -2.687006 -2.687006 0.000000
E -2.687006 0.000000 -2.687006


-84.289938	87421648810
12

F 0.000000 0.000000 0.000000
A 2.687006 2.687006 0.000000
T 0.000000 5.374012 0.000000
M 0.000000 2.687006 -2.687006
R 0.000000 0.000000 -5.374012
Y 2.687006 0.000000 -2.687006
P 0.000000 -2.687006 -2.687006
S -2.687006 0.000000 -2.687006
D -2.687006 2.687006 0.000000
S 0.000000 2.687006 2.687006
D 2.687006 0.000000 2.687006
E 2.687006 -2.687006 0.000000


-84.289938	97531659910
12

F 0.000000 0.000000 0.000000
A 2.687006 2.687006 0.000000
T 0.000000 5.374012 0.000000
M 0.000000 2.687006 2.687006
R 0.000000 0.000000 5.374012
Y 2.687006 0.000000 2.687006
P 0.000000 -2.687006 2.687006
S -2.687006 0.000000 2.687006
D -2.687006 2.687006 0.000000
S 0.000000 2.687006 -2.687006
D 2.687006 0.000000 -2.687006
E 2.687006 -2.687006 0.000000


-84.248811	3186249a7a0
12

F 0.000000 0.000000 0.000000
A 2.687006 2.687006 0.000000
T 0.000000 2.687006 -2.687006
M 2.687006 0.000000 -2.687006
R 0.000000 0.000000 -5.374012
Y 0.000000 -2.687006 -2.687006
P 2.687006 -2.687006 0.000000
S 2.687006 0.000000 2.687006
D 0.000000 -2.687006 2.687006
S 0.000000 -5.374012 0.000000
D -2.687006 -2.687006 0.000000
E -2.687006 0.000000 -2.687006


-84.248309	498a12467a0
12

F 0.000000 0.000000 0.000000
A 2.687006 2.687006 0.000000
T 0.000000 2.687006 -2.687006
M 2.687006 0.000000 -2.687006
R 0.000000 -2.687006 -2.687006
Y 2.687006 -2.687006 0.000000
P 2.687006 0.000000 2.687006
S 0.000000 2.687006 2.687006
D -2.687006 2.687006 0.000000
S -2.687006 0.000000 -2.687006
D -2.687006 -2.687006 0.000000
E 0.000000 -2.687006 2.687006


-84.216507	373a62647a0
12

F 0.000000 0.000000 0.000000
A 2.687006 2.687006 0.000000
T 0.000000 2.687006 -2.687006
M 2.687006 0.000000 -2.687006
R 5.374012 0.000000 0.000000
Y 2.687006 -2.687006 0.000000
P 2.687006 0.000000 2.687006
S 0.000000 -2.687006 2.687006
D -2.687006 -2.687006 0.000000
S -2.687006 0.000000 -2.687006
D 0.000000 -2.687006 -2.687006
E 0.000000 0.000000 -5.374012


-84.193319	03a8b709610
12

F 0.000000 0.000000 0.000000
A 2.687006 2.687006 0.000000
T 0.000000 5.374012 0.000000
M -2.687006 2.687006 0.000000
R -2.687006 0.000000 2.687006
Y 0.000000 2.687006 2.687006
P 2.687006 0.000000 2.687006
S 0.000000 0.000000 5.374012
D 0.000000 -2.687006 2.687006
S -2.687006 -2.687006 0.000000
D -2.687006 0.000000 -2.687006
E 0.000000 2.687006 -2.687006


-84.193319	02b9a708610
12

F 0.000000 0.000000 0.000000
A 2.687006 2.687006 0.000000
T 0.000000 5.374012 0.000000
M -2.687006 2.687006 0.000000
R -2.687006 0.000000 -2.687006
Y 0.000000 2.687006 -2.687006
P 2.687006 0.000000 -2.687006
S 0.000000 0.000000 -5.374012
D 0.000000 -2.687006 -2.687006
S -2.687006 -2.687006 0.000000
D -2.687006 0.000000 2.687006
E 0.000000 2.687006 2.687006


-84.171690	3786b309ba0
12

F 0.000000 0.000000 0.000000
A 2.687006 2.687006 0.000000
T 0.000000 2.687006 -2.687006
M -2.687006 2.687006 0.000000
R -2.687006 0.000000 2.687006
Y 0.000000 2.687006 2.687006
P 0.000000 5.374012 0.000000
S -2.687006 5.374012 2.687006
D -5.374012 2.687006 2.687006
S -5.374012 0.000000 0.000000
D -2.687006 -2.687006 0.000000
E -2.687006 0.000000 -2.687006


-84.134842	26297536910
12

F 0.000000 0.000000 0.000000
A 2.687006 2.687006 0.000000
T 0.000000 5.374012 0.000000
M 0.000000 2.687006 2.687006
R -2.687006 0.000000 2.687006
Y -2.687006 2.687006 0.000000
P 0.000000 2.687006 -2.687006
S 2.687006 0.000000 -2.687006
D 2.687006 -2.687006 0.000000
S 2.687006 0.000000 2.687006
D 0.000000 -2.687006 2.687006
E 0.000000 0.000000 5.374012


-84.134842	36387426810
12

F 0.000000 0.000000 0.000000
A 2.687006 2.687006 0.000000
T 0.000000 5.374012 0.000000
M 0.000000 2.687006 -2.687006
R -2.687006 0.000000 -2.687006
Y -2.687006 2.687006 0.000000
P 0.000000 2.687006 2.687006
S 2.687006 0.000000 2.687006
D 2.687006 -2.687006 0.000000
S 2.687006 0.000000 -2.687006
D 0.000000 -2.687006 -2.687006
E 0.000000 0.000000 -5.374012


-84.132106	9586b309ba0
12

F 0.000000 0.000000 0.000000
A 2.687006 2.687006 0.000000
T 0.000000 2.687006 -2.687006
M -2.687006 2.687006 0.000000
R -2.687006 0.000000 2.687006
Y 0.000000 2.687006 2.687006
P 0.000000 5.374012 0.000000
S -2.687006 5.374012 2.687006
D -5.374012 2.687006 2.687006
S -5.374012 0.000000 0.000000
D -2.687006 0.000000 -2.687006
E -2.687006 -2.687006 0.000000


-84.129385	03a65909610
12

F 0.000000 0.000000 0.000000
A 2.687006 2.687006 0.000000
T 0.000000 5.374012 0.000000
M -2.687006 2.687006 0.000000
R -2.687006 0.000000 2.687006
Y 0.000000 2.687006 2.687006
P 0.000000 0.000000 5.374012
S 2.687006 0.000000 2.687006
D 0.000000 -2.687006 2.687006
S -2.687006 -2.687006 0.000000
D -2.687006 0.000000 -2.687006
E 0.000000 2.687006 -2.687006


-84.129385	02b64808610
12

F 0.000000 0.000000 0.000000
A 2.687006 2.687006 0.000000
T 0.000000 5.374012 0.000000
M -2.687006 2.687006 0.000000
R -2.687006 0.000000 -2.687006
Y 0.000000 2.687006 -2.687006
P 0.000000 0.000000 -5.374012
S 2.687006 0.000000 -2.687006
D 0.000000 -2.687006 -2.687006
S -2.687006 -2.687006 0.000000
D -2.687006 0.000000 2.687006
E 0.000000 2.687006 2.687006


-84.114289	25496536910
12

F 0.000000 0.000000 0.000000
A 2.687006 2.687006 0.000000
T 0.000000 5.374012 0.000000
M 0.000000 2.687006 2.687006
R -2.687006 0.000000 2.687006
Y -2.687006 2.687006 0.000000
P 0.000000 2.687006 -2.687006
S -2.687006 0.000000 -2.687006
D -2.687006 -2.687006 0.000000
S 0.000000 -2.687006 2.687006
D 2.687006 -2.687006 0.000000
E 2.687006 0.000000 2.687006


-84.114289	34586426810
12

F 0.000000 0.000000 0.000000
A 2.687006 2.687006 0.000000
T 0.000000 5.374012 0.000000
M 0.000000 2.687006 -2.687006
R -2.687006 0.000000 -2.687006
Y -2.687006 2.687006 0.000000
P 0.000000 2.687006 2.687006
S -2.687006 0.000000 2.687006
D -2.687006 -2.687006 0.000000
S 0.000000 -2.687006 -2.687006
D 2.687006 -2.687006 0.000000
E 2.687006 0.000000 -2.687006


-84.109314	1049b3a97a0
12

F 0.000000 0.000000 0.000000
A 2.687006 2.687006 0.000000
T 0.000000 2.687006 -2.687006
M 2.687006 0.000000 -2.687006
R 2.687006 -2.687006 0.000000
Y 0.000000 -2.687006 -2.687006
P 0.000000 0.000000 -5.374012
S -2.687006 0.000000 -2.687006
D -2.687006 -2.687006 0.000000
S 0.000000 -2.687006 2.687006
D 2.687006 0.000000 2.687006
E 0.000000 2.687006 2.687006


-84.092365	b35a62647a0
12

F 0.000000 0.000000 0.000000
A 2.687006 2.687006 0.000000
T 0.000000 2.687006 -2.687006
M 2.687006 0.000000 -2.687006
R 5.374012 0.000000 0.000000
Y 2.687006 -2.687006 0.000000
P 2.687006 0.000000 2.687006
S 0.000000 -2.687006 2.687006
D -2.687006 -2.687006 0.000000
S 0.000000 -2.687006 -2.687006
D 0.000000 0.000000 -5.374012
E -2.687006 0.000000 -2.687006


-84.078380	247b6536910
12

F 0.000000 0.000000 0.000000
A 2.687006 2.687006 0.000000
T 0.000000 5.374012 0.000000
M 0.000000 2.687006 2.687006
R -2.687006 0.000000 2.687006
Y -2.687006 2.687006 0.000000
P 0.000000 2.687006 -2.687006
S -2.687006 0.000000 -2.687006
D -5.374012 0.000000 0.000000
S -2.687006 -2.687006 0.000000
D 0.000000 -2.687006 2.687006
E 0.000000 0.000000 5.374012


-84.078380	357a6426810
12

F 0.000000 0.000000 0.000000
A 2.687006 2.687006 0.000000
T 0.000000 5.374012 0.000000
M 0.000000 2.687006 -2.687006
R -2.687006 0.000000 -2.687006
Y -2.687006 2.687006 0.000000
P 0.000000 2.687006 2.687006
S -2.687006 0.000000 2.687006
D -5.374012 0.000000 0.000000
S -2.687006 -2.687006 0.000000
D 0.000000 -2.687006 -2.687006
E 0.000000 0.000000 -5.374012


-84.054375	02791a647a0
12

F 0.000000 0.000000 0.000000
A 2.687006 2.687006 0.000000
T 0.000000 2.687006 -2.687006
M 2.687006 0.000000 -2.687006
R 5.374012 0.000000 0.000000
Y 2.687006 -2.687006 0.000000
P 0.000000 -2.687006 -2.687006
S -2.687006 0.000000 -2.687006
D -2.687006 -2.687006 0.000000
S 0.000000 -5.374012 0.000000
D 0.000000 -2.687006 2.687006
E 2.687006 0.000000 2.687006


-84.044755	6742b3a97a0
12

F 0.000000 0.000000 0.000000
A 2.687006 2.687006 0.000000
T 0.000000 2.687006 -2.687006
M 2.687006 0.000000 -2.687006
R 2.687006 -2.687006 0.000000
Y 0.000000 -2.687006 -2.687006
P 0.000000 0.000000 -5.374012
S -2.687006 0.000000 -2.687006
D -2.687006 2.687006 0.000000
S 0.000000 2.687006 2.687006
D 2.687006 0.000000 2.687006
E 0.000000 -2.687006 2.687006


-84.033994	3a673446ba0
12

F 0.000000 0.000000 0.000000
A 2.687006 2.687006 0.000000
T 0.000000 2.687006 -2.687006
M -2.687006 2.687006 0.000000
R -5.374012 0.000000 0.000000
Y -2.687006 0.000000 2.687006
P 0.000000 0.000000 5.374012
S 0.000000 2.687006 2.687006
D 2.687006 0.000000 2.687006
S 0.000000 -2.687006 2.687006
D -2.687006 -2.687006 0.000000
E -2.687006 0.000000 -2.687006


-84.012192	051a6709610
12

F 0.000000 0.000000 0.000000
A 2.687006 2.687006 0.000000
T 0.000000 5.374012 0.000000
M -2.687006 2.687006 0.000000
R -2.687006 0.000000 2.687006
Y 0.000000 2.687006 2.687006
P 2.687006 0.000000 2.687006
S 0.000000 -2.687006 2.687006
D -2.687006 -2.687006 0.000000
S -5.374012 0.000000 0.000000
D -2.687006 0.000000 -2.687006
E 0.000000 2.687006 -2.687006


-84.012192	041b6708610
12

F 0.000000 0.000000 0.000000
A 2.687006 2.687006 0.000000
T 0.000000 5.374012 0.000000
M -2.687006 2.687006 0.000000
R -2.687006 0.000000 -2.687006
Y 0.000000 2.687006 -2.687006
P 2.687006 0.000000 -2.687006
S 0.000000 -2.687006 -2.687006
D -2.687006 -2.687006 0.000000
S -5.374012 0.000000 0.000000
D -2.687006 0.000000 2.687006
E 0.000000 2.687006 2.687006


-84.008014	03a67046610
12

F 0.000000 0.000000 0.000000
A 2.687006 2.687006 0.000000
T 0.000000 5.374012 0.000000
M -2.687006 2.687006 0.000000
R -5.374012 0.000000 0.000000
Y -2.687006 0.000000 2.687006
P 0.000000 2.687006 2.687006
S 2.687006 0.000000 2.687006
D 0.000000 -2.687006 2.687006
S -2.687006 -2.687006 0.000000
D -2.687006 0.000000 -2.687006
E 0.000000 2.687006 -2.687006


-84.008014	02b67056610
12

F 0.000000 0.000000 0.000000
A 2.687006 2.687006 0.000000
T 0.000000 5.374012 0.000000
M -2.687006 2.687006 0.000000
R -5.374012 0.000000 0.000000
Y -2.687006 0.000000 -2.687006
P 0.000000 2.687006 -2.687006
S 2.687006 0.000000 -2.687006
D 0.000000 -2.687006 -2.687006
S -2.687006 -2.687006 0.000000
D -2.687006 0.000000 2.687006
E 0.000000 2.687006 2.687006


-83.991446	953a62647a0
12

F 0.000000 0.000000 0.000000
A 2.687006 2.687006 0.000000
T 0.000000 2.687006 -2.687006
M 2.687006 0.000000 -2.687006
R 5.374012 0.000000 0.000000
Y 2.687006 -2.687006 0.000000
P 2.687006 0.000000 2.687006
S 0.000000 -2.687006 2.687006
D -2.687006 -2.687006 0.000000
S -2.687006 0.000000 -2.687006
D 0.000000 0.000000 -5.374012
E 0.000000 -2.687006 -2.687006


-83.977476	3ab87046ba0
12

F 0.000000 0.000000 0.000000
A 2.687006 2.687006 0.000000
T 0.000000 2.687006 -2.687006
M -2.687006 2.687006 0.000000
R -5.374012 0.000000 0.000000
Y -2.687006 0.000000 2.687006
P 0.000000 2.687006 2.687006
S 2.687006 0.000000 2.687006
D 2.687006 -2.687006 0.000000
S 0.000000 -2.687006 2.687006
D -2.687006 -2.687006 0.000000
E -2.687006 0.000000 -2.687006


-83.957045	6579b309ba0
12

F 0.000000 0.000000 0.000000
A 2.687006 2.687006 0.000000
T 0.000000 2.687006 -2.687006
M -2.687006 2.687006 0.000000
R -2.687006 0.000000 2.687006
Y 0.000000 2.687006 2.687006
P 0.000000 5.374012 0.000000
S -2.687006 5.374012 2.687006
D -2.687006 2.687006 5.374012
S 0.000000 0.000000 5.374012
D 2.687006 0.000000 2.687006
E 0.000000 -2.687006 2.687006


-83.948309	a058640b6a0
12

F 0.000000 0.000000 0.000000
A 2.687006 2.687006 0.000000
T 0.000000 2.687006 -2.687006
M -2.687006 0.000000 -2.687006
R -5.374012 0.000000 0.000000
Y -2.687006 2.687006 0.000000
P 0.000000 2.687006 2.687006
S -2.687006 0.000000 2.687006
D -2.687006 -2.687006 0.000000
S 0.000000 -2.687006 -2.687006
D 2.687006 0.000000 -2.687006
E 0.000000 0.000000 -5.374012


-83.923786	b24751a97a0
12

F 0.000000 0.000000 0.000000
A 2.687006 2.687006 0.000000
T 0.000000 2.687006 -2.687006
M 2.687006 0.000000 -2.687006
R 2.687006 -2.687006 0.000000
Y 0.000000 -2.687006 -2.687006
P -2.687006 0.000000 -2.687006
S 0.000000 0.000000 -5.374012
D 2.687006 -2.687006 -5.374012
S 5.374012 -2.687006 -2.687006
D 5.374012 0.000000 0.000000
E 2.687006 0.000000 2.687006


-83.903370	31b943596a0
12

F 0.000000 0.000000 0.000000
A 2.687006 2.687006 0.000000
T 0.000000 2.687006 -2.687006
M -2.687006 0.000000 -2.687006
R -2.687006 -2.687006 0.000000
Y 0.000000 -2.687006 -2.687006
P 0.000000 0.000000 -5.374012
S 2.687006 0.000000 -2.687006
D 2.687006 -2.687006 0.000000
S 0.000000 -2.687006 2.687006
D -2.687006 0.000000 2.687006
E -2.687006 2.687006 0.000000


-83.900649	0586900b6a0
12

F 0.000000 0.000000 0.000000
A 2.687006 2.687006 0.000000
T 0.000000 2.687006 -2.687006
M -2.687006 0.000000 -2.687006
R -5.374012 0.000000 0.000000
Y -2.687006 2.687006 0.000000
P 0.000000 5.374012 0.000000
S 0.000000 2.687006 2.687006
D -2.687006 0.000000 2.687006
S -2.687006 -2.687006 0.000000
D 0.000000 -2.687006 -2.687006
E 2.687006 0.000000 -2.687006


-83.874547	8b297536910
12

F 0.000000 0.000000 0.000000
A 2.687006 2.687006 0.000000
T 0.000000 5.374012 0.000000
M 0.000000 2.687006 2.687006
R -2.687006 0.000000 2.687006
Y -2.687006 2.687006 0.000000
P 0.000000 2.687006 -2.687006
S 2.687006 0.000000 -2.687006
D 2.687006 -2.687006 0.000000
S 2.687006 0.000000 2.687006
D 0.000000 0.000000 5.374012
E 0.000000 -2.687006 2.687006


-83.874547	9a387426810
12

F 0.000000 0.000000 0.000000
A 2.687006 2.687006 0.000000
T 0.000000 5.374012 0.000000
M 0.000000 2.687006 -2.687006
R -2.687006 0.000000 -2.687006
Y -2.687006 2.687006 0.000000
P 0.000000 2.687006 2.687006
S 2.687006 0.000000 2.687006
D 2.687006 -2.687006 0.000000
S 2.687006 0.000000 -2.687006
D 0.000000 0.000000 -5.374012
E 0.000000 -2.687006 -2.687006


-83.849766	b3a8b709ba0
12

F 0.000000 0.000000 0.000000
A 2.687006 2.687006 0.000000
T 0.000000 2.687006 -2.687006
M -2.687006 2.687006 0.000000
R -2.687006 0.000000 2.687006
Y 0.000000 2.687006 2.687006
P 2.687006 0.000000 2.687006
S 0.000000 0.000000 5.374012
D 0.000000 -2.687006 2.687006
S -2.687006 -2.687006 0.000000
D -2.687006 0.000000 -2.687006
E -5.374012 0.000000 0.000000


-83.839486	8a1b049a7a0
12

F 0.000000 0.000000 0.000000
A 2.687006 2.687006 0.000000
T 0.000000 2.687006 -2.687006
M 2.687006 0.000000 -2.687006
R 0.000000 0.000000 -5.374012
Y 0.000000 -2.687006 -2.687006
P 2.687006 -2.687006 0.000000
S 5.374012 0.000000 0.000000
D 2.687006 0.000000 2.687006
S 0.000000 2.687006 2.687006
D -2.687006 2.687006 0.000000
E -2.687006 0.000000 -2.687006


-83.827390	a67421a97a0
12

F 0.000000 0.000000 0.000000
A 2.687006 2.687006 0.000000
T 0.000000 2.687006 -2.687006
M 2.687006 0.000000 -2.687006
R 2.687006 -2.687006 0.000000
Y 0.000000 -2.687006 -2.687006
P -2.687006 0.000000 -2.687006
S -2.687006 2.687006 0.000000
D 0.000000 2.687006 2.687006
S 2.687006 0.000000 2.687006
D 0.000000 -2.687006 2.687006
E -2.687006 -2.687006 0.000000


-83.819106	38a26790ba0
12

F 0.000000 0.000000 0.000000
A 2.687006 2.687006 0.000000
T 0.000000 2.687006 -2.687006
M -2.687006 2.687006 0.000000
R 0.000000 5.374012 0.000000
Y 0.000000 2.687006 2.687006
P 2.687006 0.000000 2.687006
S 0.000000 -2.687006 2.687006
D 0.000000 0.000000 5.374012
S -2.687006 0.000000 2.687006
D -2.687006 -2.687006 0.000000
E -2.687006 0.000000 -2.687006


-83.819055	51a8b709ba0
12

F 0.000000 0.000000 0.000000
A 2.687006 2.687006 0.000000
T 0.000000 2.687006 -2.687006
M -2.687006 2.687006 0.000000
R -2.687006 0.000000 2.687006
Y 0.000000 2.687006 2.687006
P 2.687006 0.000000 2.687006
S 0.000000 0.000000 5.374012
D 0.000000 -2.687006 2.687006
S -2.687006 -2.687006 0.000000
D -5.374012 0.000000 0.000000
E -2.687006 0.000000 -2.687006


-83.817304	913862647a0
12

F 0.000000 0.000000 0.000000
A 2.687006 2.687006 0.000000
T 0.000000 2.687006 -2.687006
M 2.687006 0.000000 -2.687006
R 5.374012 0.000000 0.000000
Y 2.687006 -2.687006 0.000000
P 2.687006 0.000000 2.687006
S 0.000000 -2.687006 2.687006
D 0.000000 -5.374012 0.000000
S 0.000000 -2.687006 -2.687006
D -2.687006 0.000000 -2.687006
E -2.687006 -2.687006 0.000000


-83.810441	049136647a0
12

F 0.000000 0.000000 0.000000
A 2.687006 2.687006 0.000000
T 0.000000 2.687006 -2.687006
M 2.687006 0.000000 -2.687006
R 5.374012 0.000000 0.000000
Y 2.687006 -2.687006 0.000000
P 0.000000 -5.374012 0.000000
S 0.000000 -2.687006 -2.687006
D -2.687006 0.000000 -2.687006
S -2.687006 -2.687006 0.000000
D 0.000000 -2.687006 2.687006
E 2.687006 0.000000 2.687006


-83.800233	0b07919a7a0
12

F 0.000000 0.000000 0.000000
A 2.687006 2.687006 0.000000
T 0.000000 2.687006 -2.687006
M 2.687006 0.000000 -2.687006
R 0.000000 0.000000 -5.374012
Y 0.000000 -2.687006 -2.687006
P -2.687006 0.000000 -2.687006
S -2.687006 -2.687006 0.000000
D 0.000000 -5.374012 0.000000
S 2.687006 -2.687006 0.000000
D 0.000000 -2.687006 2.687006
E 2.687006 0.000000 2.687006


-83.798309	3a62099a7a0
12

F 0.000000 0.000000 0.000000
A 2.687006 2.687006 0.000000
T 0.000000 2.687006 -2.687006
M 2.687006 0.000000 -2.687006
R 0.000000 0.000000 -5.374012
Y 0.000000 -2.687006 -2.687006
P 0.000000 -5.374012 0.000000
S 2.687006 -2.687006 0.000000
D 2.687006 0.000000 2.687006
S 0.000000 -2.687006 2.687006
D -2.687006 -2.687006 0.000000
E -2.687006 0.000000 -2.687006


-83.789451	98a1249a7a0
12

F 0.000000 0.000000 0.000000
A 2.687006 2.687006 0.000000
T 0.000000 2.687006 -2.687006
M 2.687006 0.000000 -2.687006
R 0.000000 0.000000 -5.374012
Y 0.000000 -2.687006 -2.687006
P 2.687006 -2.687006 0.000000
S 2.687006 0.000000 2.687006
D 0.000000 2.687006 2.687006
S -2.687006 2.687006 0.000000
D -2.687006 0.000000 -2.687006
E -2.687006 -2.687006 0.000000


-83.785832	b3a65909ba0
12

F 0.000000 0.000000 0.000000
A 2.687006 2.687006 0.000000
T 0.000000 2.687006 -2.687006
M -2.687006 2.687006 0.000000
R -2.687006 0.000000 2.687006
Y 0.000000 2.687006 2.687006
P 0.000000 0.000000 5.374012
S 2.687006 0.000000 2.687006
D 0.000000 -2.687006 2.687006
S -2.687006 -2.687006 0.000000
D -2.687006 0.000000 -2.687006
E -5.374012 0.000000 0.000000


-83.781690	0879b309ba0
12

F 0.000000 0.000000 0.000000
A 2.687006 2.687006 0.000000
T 0.000000 2.687006 -2.687006
M -2.687006 2.687006 0.000000
R -2.687006 0.000000 2.687006
Y 0.000000 2.687006 2.687006
P 0.000000 5.374012 0.000000
S -2.687006 5.374012 2.687006
D -2.687006 2.687006 5.374012
S 0.000000 0.000000 5.374012
D 0.000000 -2.687006 2.687006
E 2.687006 0.000000 2.687006


-83.776421	57a6b0467a0
12

F 0.000000 0.000000 0.000000
A 2.687006 2.687006 0.000000
T 0.000000 2.687006 -2.687006
M 2.687006 0.000000 -2.687006
R 0.000000 -2.687006 -2.687006
Y 2.687006 -2.687006 0.000000
P 5.374012 0.000000 0.000000
S 2.687006 0.000000 2.687006
D 0.000000 -2.687006 2.687006
S -2.687006 -2.687006 0.000000
D 0.000000 -5.374012 0.000000
E 2.687006 -5.374012 -2.687006


-83.768948	67421a647a0
12

F 0.000000 0.000000 0.000000
A 2.687006 2.687006 0.000000
T 0.000000 2.687006 -2.687006
M 2.687006 0.000000 -2.687006
R 5.374012 0.000000 0.000000
Y 2.687006 -2.687006 0.000000
P 0.000000 -2.687006 -2.687006
S -2.687006 0.000000 -2.687006
D -2.687006 2.687006 0.000000
S 0.000000 2.687006 2.687006
D 2.687006 0.000000 2.687006
E 0.000000 -2.687006 2.687006


-83.768553	02b64556ba0
12

F 0.000000 0.000000 0.000000
A 2.687006 2.687006 0.000000
T 0.000000 2.687006 -2.687006
M -2.687006 2.687006 0.000000
R -5.374012 0.000000 0.000000
Y -2.687006 0.000000 -2.687006
P 0.000000 0.000000 -5.374012
S 2.687006 0.000000 -2.687006
D 0.000000 -2.687006 -2.687006
S -2.687006 -2.687006 0.000000
D -2.687006 0.000000 2.687006
E 0.000000 2.687006 2.687006


-83.768481	a761b0467a0
12

F 0.000000 0.000000 0.000000
A 2.687006 2.687006 0.000000
T 0.000000 2.687006 -2.687006
M 2.687006 0.000000 -2.687006
R 0.000000 -2.687006 -2.687006
Y 2.687006 -2.687006 0.000000
P 5.374012 0.000000 0.000000
S 2.687006 0.000000 2.687006
D 0.000000 2.687006 2.687006
S -2.687006 0.000000 2.687006
D 0.000000 -2.687006 2.687006
E -2.687006 -2.687006 0.000000


-83.755121	51a65909ba0
12

F 0.000000 0.000000 0.000000
A 2.687006 2.687006 0.000000
T 0.000000 2.687006 -2.687006
M -2.687006 2.687006 0.000000
R -2.687006 0.000000 2.687006
Y 0.000000 2.687006 2.687006
P 0.000000 0.000000 5.374012
S 2.687006 0.000000 2.687006
D 0.000000 -2.687006 2.687006
S -2.687006 -2.687006 0.000000
D -5.374012 0.000000 0.000000
E -2.687006 0.000000 -2.687006


-83.750527	5254919a7a0
12

F 0.000000 0.000000 0.000000
A 2.687006 2.687006 0.000000
T 0.000000 2.687006 -2.687006
M 2.687006 0.000000 -2.687006
R 0.000000 0.000000 -5.374012
Y 0.000000 -2.687006 -2.687006
P -2.687006 0.000000 -2.687006
S -2.687006 -2.687006 0.000000
D 0.000000 -2.687006 2.687006
S 2.687006 -2.687006 0.000000
D 2.687006 0.000000 2.687006
E 5.374012 0.000000 0.000000


-83.745136	98a10b467a0
12

F 0.000000 0.000000 0.000000
A 2.687006 2.687006 0.000000
T 0.000000 2.687006 -2.687006
M 2.687006 0.000000 -2.687006
R 0.000000 -2.687006 -2.687006
Y 2.687006 -2.687006 0.000000
P 0.000000 -2.687006 2.687006
S 2.687006 0.000000 2.687006
D 0.000000 2.687006 2.687006
S -2.687006 2.687006 0.000000
D -2.687006 0.000000 -2.687006
E -2.687006 -2.687006 0.000000


-83.743492	04b75a64ba0
12

F 0.000000 0.000000 0.000000
A 2.687006 2.687006 0.000000
T 0.000000 2.687006 -2.687006
M -2.687006 2.687006 0.000000
R 0.000000 2.687006 2.687006
Y -2.687006 0.000000 2.687006
P -5.374012 0.000000 0.000000
S -2.687006 0.000000 -2.687006
D 0.000000 -2.687006 -2.687006
S -2.687006 -2.687006 0.000000
D 0.000000 -2.687006 2.687006
E 2.687006 0.000000 2.687006


-83.735085	151862647a0
12

F 0.000000 0.000000 0.000000
A 2.687006 2.687006 0.000000
T 0.000000 2.687006 -2.687006
M 2.687006 0.000000 -2.687006
R 5.374012 0.000000 0.000000
Y 2.687006 -2.687006 0.000000
P 2.687006 0.000000 2.687006
S 0.000000 -2.687006 2.687006
D 0.000000 -5.374012 0.000000
S -2.687006 -2.687006 0.000000
D 0.000000 -2.687006 -2.687006
E -2.687006 0.000000 -2.687006


-83.733923	23a6249a7a0
12

F 0.000000 0.000000 0.000000
A 2.687006 2.687006 0.000000
T 0.000000 2.687006 -2.687006
M 2.687006 0.000000 -2.687006
R 0.000000 0.000000 -5.374012
Y 0.000000 -2.687006 -2.687006
P 2.687006 -2.687006 0.000000
S 2.687006 0.000000 2.687006
D 0.000000 -2.687006 2.687006
S -2.687006 -2.687006 0.000000
D -2.687006 0.000000 -2.687006
E -2.687006 2.687006 0.000000


-83.731532	05a76426810
12

F 0.000000 0.000000 0.000000
A 2.687006 2.687006 0.000000
T 0.000000 5.374012 0.000000
M 0.000000 2.687006 -2.687006
R -2.687006 0.000000 -2.687006
Y -2.687006 2.687006 0.000000
P 0.000000 2.687006 2.687006
S -2.687006 0.000000 2.687006
D 0.000000 -2.687006 2.687006
S -2.687006 -2.687006 0.000000
D 0.000000 -2.687006 -2.687006
E 2.687006 0.000000 -2.687006


-83.731532	04b76536910
12

F 0.000000 0.000000 0.000000
A 2.687006 2.687006 0.000000
T 0.000000 5.374012 0.000000
M 0.000000 2.687006 2.687006
R -2.687006 0.000000 2.687006
Y -2.687006 2.687006 0.000000
P 0.000000 2.687006 -2.687006
S -2.687006 0.000000 -2.687006
D 0.000000 -2.687006 -2.687006
S -2.687006 -2.687006 0.000000
D 0.000000 -2.687006 2.687006
E 2.687006 0.000000 2.687006


-83.729730	80496536910
12

F 0.000000 0.000000 0.000000
A 2.687006 2.687006 0.000000
T 0.000000 5.374012 0.000000
M 0.000000 2.687006 2.687006
R -2.687006 0.000000 2.687006
Y -2.687006 2.687006 0.000000
P 0.000000 2.687006 -2.687006
S -2.687006 0.000000 -2.687006
D -2.687006 -2.687006 0.000000
S 0.000000 -2.687006 2.687006
D 2.687006 0.000000 2.687006
E 2.687006 -2.687006 0.000000


-83.729730	90586426810
12

F 0.000000 0.000000 0.000000
A 2.687006 2.687006 0.000000
T 0.000000 5.374012 0.000000
M 0.000000 2.687006 -2.687006
R -2.687006 0.000000 -2.687006
Y -2.687006 2.687006 0.000000
P 0.000000 2.687006 2.687006
S -2.687006 0.000000 2.687006
D -2.687006 -2.687006 0.000000
S 0.000000 -2.687006 -2.687006
D 2.687006 0.000000 -2.687006
E 2.687006 -2.687006 0.000000


