-27.780000	536570630
10

Y 0.000000 0.000000 0.000000
Y 2.193931 2.193931 -2.193931
D 0.000000 0.000000 -4.387862
P 2.193931 -2.193931 -2.193931
E 4.387862 0.000000 -4.387862
T 6.581793 2.193931 -2.193931
G 4.387862 4.387862 0.000000
T 6.581793 2.193931 2.193931
W 4.387862 0.000000 0.000000
Y 2.193931 2.193931 2.193931


-27.780000	424670530
10

Y 0.000000 0.000000 0.000000
Y 2.193931 2.193931 -2.193931
D 0.000000 0.000000 -4.387862
P -2.193931 2.193931 -2.193931
E 0.000000 4.387862 -4.387862
T 2.193931 6.581793 -2.193931
G 4.387862 4.387862 0.000000
T 2.193931 2.193931 2.193931
W 0.000000 4.387862 0.000000
Y -2.193931 2.193931 2.193931


-27.780000	414570630
10

Y 0.000000 0.000000 0.000000
Y 2.193931 2.193931 -2.193931
D 0.000000 0.000000 -4.387862
P 2.193931 -2.193931 -2.193931
E 4.387862 0.000000 -4.387862
T 6.581793 2.193931 -2.193931
G 4.387862 4.387862 0.000000
T 2.193931 2.193931 2.193931
W 4.387862 0.000000 0.000000
Y 2.193931 -2.193931 2.193931


-27.780000	635670530
10

Y 0.000000 0.000000 0.000000
Y 2.193931 2.193931 -2.193931
D 0.000000 0.000000 -4.387862
P -2.193931 2.193931 -2.193931
E 0.000000 4.387862 -4.387862
T 2.193931 6.581793 -2.193931
G 4.387862 4.387862 0.000000
T 2.193931 6.581793 2.193931
W 0.000000 4.387862 0.000000
Y 2.193931 2.193931 2.193931


-27.780000	421675530
10

Y 0.000000 0.000000 0.000000
Y 2.193931 2.193931 -2.193931
D 0.000000 0.000000 -4.387862
P -2.193931 2.193931 -2.193931
E -4.387862 4.387862 0.000000
T -2.193931 6.581793 2.193931
G 0.000000 4.387862 4.387862
T 2.193931 2.193931 2.193931
W 0.000000 4.387862 0.000000
Y -2.193931 2.193931 2.193931


-27.780000	412576630
10

Y 0.000000 0.000000 0.000000
Y 2.193931 2.193931 -2.193931
D 0.000000 0.000000 -4.387862
P 2.193931 -2.193931 -2.193931
E 4.387862 -4.387862 0.000000
T 6.581793 -2.193931 2.193931
G 4.387862 0.000000 4.387862
T 2.193931 2.193931 2.193931
W 4.387862 0.000000 0.000000
Y 2.193931 -2.193931 2.193931


-27.780000	412576410
10

Y 0.000000 0.000000 0.000000
Y 2.193931 2.193931 -2.193931
D 4.387862 0.000000 -4.387862
P 2.193931 -2.193931 -2.193931
E 4.387862 -4.387862 0.000000
T 6.581793 -2.193931 2.193931
G 4.387862 0.000000 4.387862
T 2.193931 2.193931 2.193931
W 4.387862 0.000000 0.000000
Y 2.193931 -2.193931 2.193931


-27.780000	417523410
10

Y 0.000000 0.000000 0.000000
Y 2.193931 2.193931 -2.193931
D 4.387862 0.000000 -4.387862
P 2.193931 -2.193931 -2.193931
E 0.000000 -4.387862 -4.387862
T -2.193931 -2.193931 -6.581793
G -4.387862 0.000000 -4.387862
T -2.193931 2.193931 -2.193931
W 0.000000 0.000000 -4.387862
Y -2.193931 -2.193931 -2.193931


-27.570000	420764530
10

Y 0.000000 0.000000 0.000000
Y 2.193931 2.193931 -2.193931
D 0.000000 0.000000 -4.387862
P -2.193931 2.193931 -2.193931
E -4.387862 0.000000 0.000000
T -2.193931 -2.193931 2.193931
G 0.000000 0.000000 4.387862
T 2.193931 2.193931 2.193931
W 0.000000 4.387862 0.000000
Y -2.193931 2.193931 2.193931


-27.570000	413257410
10

Y 0.000000 0.000000 0.000000
Y 2.193931 2.193931 -2.193931
D 4.387862 0.000000 -4.387862
P 2.193931 -2.193931 -2.193931
E 4.387862 0.000000 0.000000
T 2.193931 2.193931 2.193931
G 0.000000 4.387862 0.000000
T -2.193931 2.193931 -2.193931
W 0.000000 0.000000 -4.387862
Y -2.193931 -2.193931 -2.193931


-27.570000	410254410
10

Y 0.000000 0.000000 0.000000
Y 2.193931 2.193931 -2.193931
D 4.387862 0.000000 -4.387862
P 2.193931 -2.193931 -2.193931
E 0.000000 -4.387862 0.000000
T -2.193931 -2.193931 2.193931
G -4.387862 0.000000 0.000000
T -2.193931 2.193931 -2.193931
W 0.000000 0.000000 -4.387862
Y -2.193931 -2.193931 -2.193931


-27.570000	410754630
10

Y 0.000000 0.000000 0.000000
Y 2.193931 2.193931 -2.193931
D 0.000000 0.000000 -4.387862
P 2.193931 -2.193931 -2.193931
E 0.000000 -4.387862 0.000000
T -2.193931 -2.193931 2.193931
G 0.000000 0.000000 4.387862
T 2.193931 2.193931 2.193931
W 4.387862 0.000000 0.000000
Y 2.193931 -2.193931 2.193931


-27.570000	410754410
10

Y 0.000000 0.000000 0.000000
Y 2.193931 2.193931 -2.193931
D 4.387862 0.000000 -4.387862
P 2.193931 -2.193931 -2.193931
E 0.000000 -4.387862 0.000000
T -2.193931 -2.193931 2.193931
G 0.000000 0.000000 4.387862
T 2.193931 2.193931 2.193931
W 4.387862 0.000000 0.000000
Y 2.193931 -2.193931 2.193931


-27.570000	416752410
10

Y 0.000000 0.000000 0.000000
Y 2.193931 2.193931 -2.193931
D 4.387862 0.000000 -4.387862
P 2.193931 -2.193931 -2.193931
E 0.000000 0.000000 -4.387862
T -2.193931 2.193931 -2.193931
G 0.000000 4.387862 0.000000
T 2.193931 2.193931 2.193931
W 4.387862 0.000000 0.000000
Y 2.193931 -2.193931 2.193931


-27.380000	503465710
10

Y 0.000000 0.000000 0.000000
Y 2.193931 2.193931 -2.193931
D 4.387862 0.000000 -4.387862
P 6.581793 2.193931 -2.193931
E 4.387862 4.387862 0.000000
T 6.581793 2.193931 2.193931
G 4.387862 0.000000 4.387862
T 2.193931 -2.193931 2.193931
W 4.387862 0.000000 0.000000
Y 2.193931 2.193931 2.193931


-27.380000	503465600
10

Y 0.000000 0.000000 0.000000
Y 2.193931 2.193931 -2.193931
D 4.387862 4.387862 -4.387862
P 6.581793 2.193931 -2.193931
E 4.387862 4.387862 0.000000
T 6.581793 2.193931 2.193931
G 4.387862 0.000000 4.387862
T 2.193931 -2.193931 2.193931
W 4.387862 0.000000 0.000000
Y 2.193931 2.193931 2.193931


-27.380000	506435300
10

Y 0.000000 0.000000 0.000000
Y 2.193931 2.193931 -2.193931
D 4.387862 4.387862 -4.387862
P 2.193931 2.193931 -6.581793
E 0.000000 4.387862 -4.387862
T -2.193931 2.193931 -6.581793
G -4.387862 0.000000 -4.387862
T -2.193931 -2.193931 -2.193931
W 0.000000 0.000000 -4.387862
Y -2.193931 2.193931 -2.193931


-27.380000	506435210
10

Y 0.000000 0.000000 0.000000
Y 2.193931 2.193931 -2.193931
D 4.387862 0.000000 -4.387862
P 2.193931 2.193931 -6.581793
E 0.000000 4.387862 -4.387862
T -2.193931 2.193931 -6.581793
G -4.387862 0.000000 -4.387862
T -2.193931 -2.193931 -2.193931
W 0.000000 0.000000 -4.387862
Y -2.193931 2.193931 -2.193931


-27.380000	603456500
10

Y 0.000000 0.000000 0.000000
Y 2.193931 2.193931 -2.193931
D 4.387862 4.387862 -4.387862
P 2.193931 6.581793 -2.193931
E 4.387862 4.387862 0.000000
T 2.193931 6.581793 2.193931
G 0.000000 4.387862 4.387862
T -2.193931 2.193931 2.193931
W 0.000000 4.387862 0.000000
Y 2.193931 2.193931 2.193931


-27.380000	605436300
10

Y 0.000000 0.000000 0.000000
Y 2.193931 2.193931 -2.193931
D 4.387862 4.387862 -4.387862
P 2.193931 2.193931 -6.581793
E 4.387862 0.000000 -4.387862
T 2.193931 -2.193931 -6.581793
G 0.000000 -4.387862 -4.387862
T -2.193931 -2.193931 -2.193931
W 0.000000 0.000000 -4.387862
Y 2.193931 -2.193931 -2.193931


-27.380000	306453500
10

Y 0.000000 0.000000 0.000000
Y 2.193931 2.193931 -2.193931
D 4.387862 4.387862 -4.387862
P 2.193931 6.581793 -2.193931
E 0.000000 4.387862 -4.387862
T -2.193931 6.581793 -2.193931
G -4.387862 4.387862 0.000000
T -2.193931 2.193931 2.193931
W 0.000000 4.387862 0.000000
Y -2.193931 2.193931 -2.193931


-27.380000	305463600
10

Y 0.000000 0.000000 0.000000
Y 2.193931 2.193931 -2.193931
D 4.387862 4.387862 -4.387862
P 6.581793 2.193931 -2.193931
E 4.387862 0.000000 -4.387862
T 6.581793 -2.193931 -2.193931
G 4.387862 -4.387862 0.000000
T 2.193931 -2.193931 2.193931
W 4.387862 0.000000 0.000000
Y 2.193931 -2.193931 -2.193931


-27.350000	421467030
10

Y 0.000000 0.000000 0.000000
Y 2.193931 2.193931 -2.193931
D 0.000000 0.000000 -4.387862
P 2.193931 2.193931 -6.581793
E 4.387862 4.387862 -4.387862
T 6.581793 2.193931 -2.193931
G 4.387862 0.000000 -0.000000
T 6.581793 -2.193931 -2.193931
W 4.387862 0.000000 -4.387862
Y 2.193931 -2.193931 -2.193931


-27.350000	412457030
10

Y 0.000000 0.000000 0.000000
Y 2.193931 2.193931 -2.193931
D 0.000000 0.000000 -4.387862
P 2.193931 2.193931 -6.581793
E 4.387862 4.387862 -4.387862
T 2.193931 6.581793 -2.193931
G 0.000000 4.387862 -0.000000
T -2.193931 6.581793 -2.193931
W 0.000000 4.387862 -4.387862
Y -2.193931 2.193931 -2.193931


-27.350000	610554310
10

Y 0.000000 0.000000 0.000000
Y 2.193931 2.193931 -2.193931
D 4.387862 0.000000 -4.387862
P 2.193931 -2.193931 -6.581793
E 0.000000 -4.387862 -4.387862
T -2.193931 -2.193931 -2.193931
G -4.387862 0.000000 -0.000000
T -2.193931 2.193931 -2.193931
W 0.000000 0.000000 -4.387862
Y 2.193931 -2.193931 -2.193931


-27.350000	617254310
10

Y 0.000000 0.000000 0.000000
Y 2.193931 2.193931 -2.193931
D 4.387862 0.000000 -4.387862
P 2.193931 -2.193931 -6.581793
E 0.000000 -4.387862 -4.387862
T -2.193931 -2.193931 -2.193931
G -4.387862 0.000000 -4.387862
T -2.193931 2.193931 -2.193931
W 0.000000 0.000000 -4.387862
Y 2.193931 -2.193931 -2.193931


-27.350000	601445210
10

Y 0.000000 0.000000 0.000000
Y 2.193931 2.193931 -2.193931
D 4.387862 0.000000 -4.387862
P 2.193931 2.193931 -6.581793
E 0.000000 4.387862 -4.387862
T -2.193931 2.193931 -2.193931
G -4.387862 0.000000 -0.000000
T -2.193931 -2.193931 -2.193931
W 0.000000 0.000000 -4.387862
Y 2.193931 -2.193931 -2.193931


-27.350000	606345210
10

Y 0.000000 0.000000 0.000000
Y 2.193931 2.193931 -2.193931
D 4.387862 0.000000 -4.387862
P 2.193931 2.193931 -6.581793
E 0.000000 4.387862 -4.387862
T -2.193931 2.193931 -2.193931
G -4.387862 0.000000 -4.387862
T -2.193931 -2.193931 -2.193931
W 0.000000 0.000000 -4.387862
Y 2.193931 -2.193931 -2.193931


-27.350000	312754610
10

Y 0.000000 0.000000 0.000000
Y 2.193931 2.193931 -2.193931
D 4.387862 0.000000 -4.387862
P 6.581793 -2.193931 -2.193931
E 4.387862 -4.387862 0.000000
T 2.193931 -2.193931 2.193931
G 4.387862 0.000000 4.387862
T 2.193931 2.193931 2.193931
W 4.387862 0.000000 0.000000
Y 2.193931 -2.193931 -2.193931


-27.350000	310554610
10

Y 0.000000 0.000000 0.000000
Y 2.193931 2.193931 -2.193931
D 4.387862 0.000000 -4.387862
P 6.581793 -2.193931 -2.193931
E 4.387862 -4.387862 0.000000
T 2.193931 -2.193931 2.193931
G 0.000000 0.000000 4.387862
T 2.193931 2.193931 2.193931
W 4.387862 0.000000 0.000000
Y 2.193931 -2.193931 -2.193931


-27.350000	303645710
10

Y 0.000000 0.000000 0.000000
Y 2.193931 2.193931 -2.193931
D 4.387862 0.000000 -4.387862
P 6.581793 2.193931 -2.193931
E 4.387862 4.387862 0.000000
T 2.193931 2.193931 2.193931
G 4.387862 0.000000 4.387862
T 2.193931 -2.193931 2.193931
W 4.387862 0.000000 0.000000
Y 2.193931 -2.193931 -2.193931


-27.350000	301445710
10

Y 0.000000 0.000000 0.000000
Y 2.193931 2.193931 -2.193931
D 4.387862 0.000000 -4.387862
P 6.581793 2.193931 -2.193931
E 4.387862 4.387862 0.000000
T 2.193931 2.193931 2.193931
G 0.000000 0.000000 4.387862
T 2.193931 -2.193931 2.193931
W 4.387862 0.000000 0.000000
Y 2.193931 -2.193931 -2.193931


-27.350000	430675230
10

Y 0.000000 0.000000 0.000000
Y 2.193931 2.193931 -2.193931
D 0.000000 0.000000 -4.387862
P -2.193931 2.193931 -6.581793
E -4.387862 4.387862 -4.387862
T -2.193931 6.581793 -2.193931
G 0.000000 4.387862 -0.000000
T 2.193931 6.581793 -2.193931
W 0.000000 4.387862 -4.387862
Y -2.193931 2.193931 -2.193931


-27.350000	430576130
10

Y 0.000000 0.000000 0.000000
Y 2.193931 2.193931 -2.193931
D 0.000000 0.000000 -4.387862
P 2.193931 -2.193931 -6.581793
E 4.387862 -4.387862 -4.387862
T 6.581793 -2.193931 -2.193931
G 4.387862 0.000000 -0.000000
T 6.581793 2.193931 -2.193931
W 4.387862 0.000000 -4.387862
Y 2.193931 -2.193931 -2.193931


-26.810000	342057630
10

Y 0.000000 0.000000 0.000000
Y 2.193931 2.193931 -2.193931
D 0.000000 0.000000 -4.387862
P 2.193931 -2.193931 -2.193931
E 4.387862 0.000000 0.000000
T 2.193931 2.193931 2.193931
G 4.387862 4.387862 0.000000
T 2.193931 6.581793 -2.193931
W 0.000000 4.387862 0.000000
Y -2.193931 2.193931 -2.193931


-26.810000	341067530
10

Y 0.000000 0.000000 0.000000
Y 2.193931 2.193931 -2.193931
D 0.000000 0.000000 -4.387862
P -2.193931 2.193931 -2.193931
E 0.000000 4.387862 0.000000
T 2.193931 2.193931 2.193931
G 4.387862 4.387862 0.000000
T 6.581793 2.193931 -2.193931
W 4.387862 0.000000 0.000000
Y 2.193931 -2.193931 -2.193931


-26.810000	336067530
10

Y 0.000000 0.000000 0.000000
Y 2.193931 2.193931 -2.193931
D 0.000000 0.000000 -4.387862
P -2.193931 2.193931 -2.193931
E 0.000000 4.387862 0.000000
T 2.193931 2.193931 2.193931
G 4.387862 4.387862 0.000000
T 6.581793 2.193931 2.193931
W 4.387862 0.000000 0.000000
Y 2.193931 -2.193931 -2.193931


-26.810000	335057630
10

Y 0.000000 0.000000 0.000000
Y 2.193931 2.193931 -2.193931
D 0.000000 0.000000 -4.387862
P 2.193931 -2.193931 -2.193931
E 4.387862 0.000000 0.000000
T 2.193931 2.193931 2.193931
G 4.387862 4.387862 0.000000
T 2.193931 6.581793 2.193931
W 0.000000 4.387862 0.000000
Y -2.193931 2.193931 -2.193931


-26.810000	360275430
10

Y 0.000000 0.000000 0.000000
Y 2.193931 2.193931 -2.193931
D 0.000000 0.000000 -4.387862
P -2.193931 -2.193931 -2.193931
E -4.387862 0.000000 0.000000
T -2.193931 2.193931 2.193931
G -4.387862 4.387862 0.000000
T -2.193931 6.581793 -2.193931
W 0.000000 4.387862 0.000000
Y -2.193931 2.193931 -2.193931


-26.810000	350176430
10

Y 0.000000 0.000000 0.000000
Y 2.193931 2.193931 -2.193931
D 0.000000 0.000000 -4.387862
P -2.193931 -2.193931 -2.193931
E 0.000000 -4.387862 0.000000
T 2.193931 -2.193931 2.193931
G 4.387862 -4.387862 0.000000
T 6.581793 -2.193931 -2.193931
W 4.387862 0.000000 0.000000
Y 2.193931 -2.193931 -2.193931


-26.810000	321775430
10

Y 0.000000 0.000000 0.000000
Y 2.193931 2.193931 -2.193931
D 0.000000 0.000000 -4.387862
P -2.193931 -2.193931 -2.193931
E -4.387862 0.000000 0.000000
T -2.193931 2.193931 2.193931
G 0.000000 4.387862 4.387862
T 2.193931 2.193931 2.193931
W 0.000000 4.387862 0.000000
Y -2.193931 2.193931 -2.193931


-26.810000	320675430
10

Y 0.000000 0.000000 0.000000
Y 2.193931 2.193931 -2.193931
D 0.000000 0.000000 -4.387862
P -2.193931 -2.193931 -2.193931
E -4.387862 0.000000 0.000000
T -2.193931 2.193931 2.193931
G 0.000000 0.000000 4.387862
T 2.193931 2.193931 2.193931
W 0.000000 4.387862 0.000000
Y -2.193931 2.193931 -2.193931


-26.810000	327176430
10

Y 0.000000 0.000000 0.000000
Y 2.193931 2.193931 -2.193931
D 0.000000 0.000000 -4.387862
P -2.193931 -2.193931 -2.193931
E 0.000000 -4.387862 0.000000
T 2.193931 -2.193931 2.193931
G 4.387862 -4.387862 0.000000
T 6.581793 -2.193931 2.193931
W 4.387862 0.000000 0.000000
Y 2.193931 -2.193931 -2.193931


-26.810000	312776430
10

Y 0.000000 0.000000 0.000000
Y 2.193931 2.193931 -2.193931
D 0.000000 0.000000 -4.387862
P -2.193931 -2.193931 -2.193931
E 0.000000 -4.387862 0.000000
T 2.193931 -2.193931 2.193931
G 4.387862 0.000000 4.387862
T 2.193931 2.193931 2.193931
W 4.387862 0.000000 0.000000
Y 2.193931 -2.193931 -2.193931


-26.810000	310576430
10

Y 0.000000 0.000000 0.000000
Y 2.193931 2.193931 -2.193931
D 0.000000 0.000000 -4.387862
P -2.193931 -2.193931 -2.193931
E 0.000000 -4.387862 0.000000
T 2.193931 -2.193931 2.193931
G 0.000000 0.000000 4.387862
T 2.193931 2.193931 2.193931
W 4.387862 0.000000 0.000000
Y 2.193931 -2.193931 -2.193931


-26.810000	317275430
10

Y 0.000000 0.000000 0.000000
Y 2.193931 2.193931 -2.193931
D 0.000000 0.000000 -4.387862
P -2.193931 -2.193931 -2.193931
E -4.387862 0.000000 0.000000
T -2.193931 2.193931 2.193931
G -4.387862 4.387862 0.000000
T -2.193931 6.581793 2.193931
W 0.000000 4.387862 0.000000
Y -2.193931 2.193931 -2.193931


-26.810000	303667530
10

Y 0.000000 0.000000 0.000000
Y 2.193931 2.193931 -2.193931
D 0.000000 0.000000 -4.387862
P -2.193931 2.193931 -2.193931
E 0.000000 4.387862 0.000000
T 2.193931 2.193931 2.193931
G 4.387862 0.000000 4.387862
T 2.193931 -2.193931 2.193931
W 4.387862 0.000000 0.000000
Y 2.193931 -2.193931 -2.193931


-26.810000	303557630
10

Y 0.000000 0.000000 0.000000
Y 2.193931 2.193931 -2.193931
D 0.000000 0.000000 -4.387862
P 2.193931 -2.193931 -2.193931
E 4.387862 0.000000 0.000000
T 2.193931 2.193931 2.193931
G 0.000000 4.387862 4.387862
T -2.193931 2.193931 2.193931
W 0.000000 4.387862 0.000000
Y -2.193931 2.193931 -2.193931


-26.810000	302457630
10

Y 0.000000 0.000000 0.000000
Y 2.193931 2.193931 -2.193931
D 0.000000 0.000000 -4.387862
P 2.193931 -2.193931 -2.193931
E 4.387862 0.000000 0.000000
T 2.193931 2.193931 2.193931
G 0.000000 0.000000 4.387862
T -2.193931 2.193931 2.193931
W 0.000000 4.387862 0.000000
Y -2.193931 2.193931 -2.193931


-26.810000	301467530
10

Y 0.000000 0.000000 0.000000
Y 2.193931 2.193931 -2.193931
D 0.000000 0.000000 -4.387862
P -2.193931 2.193931 -2.193931
E 0.000000 4.387862 0.000000
T 2.193931 2.193931 2.193931
G 0.000000 0.000000 4.387862
T 2.193931 -2.193931 2.193931
W 4.387862 0.000000 0.000000
Y 2.193931 -2.193931 -2.193931


