-64.589100	0362640
8

G 0.000000 0.000000 0.000000
C 2.687006 2.687006 0.000000
V 5.374012 2.687006 2.687006
L 2.687006 0.000000 2.687006
Y 2.687006 2.687006 5.374012
P 0.000000 0.000000 5.374012
W 0.000000 2.687006 2.687006
C 2.687006 5.374012 2.687006


-64.111734	3091640
8

G 0.000000 0.000000 0.000000
C 2.687006 2.687006 0.000000
V 5.374012 2.687006 2.687006
L 2.687006 0.000000 2.687006
Y 0.000000 2.687006 2.687006
P 0.000000 0.000000 5.374012
W 2.687006 2.687006 5.374012
C 2.687006 5.374012 2.687006


-63.439100	03b8b40
8

G 0.000000 0.000000 0.000000
C 2.687006 2.687006 0.000000
V 5.374012 2.687006 2.687006
L 2.687006 2.687006 5.374012
Y 2.687006 0.000000 2.687006
P 0.000000 0.000000 5.374012
W 0.000000 2.687006 2.687006
C 2.687006 5.374012 2.687006


-63.226810	12737a0
8

G 0.000000 0.000000 0.000000
C 2.687006 2.687006 0.000000
V 0.000000 2.687006 -2.687006
L 2.687006 0.000000 -2.687006
Y 2.687006 2.687006 -5.374012
P 5.374012 0.000000 -5.374012
W 5.374012 2.687006 -2.687006
C 2.687006 5.374012 -2.687006


-63.208683	97237a0
8

G 0.000000 0.000000 0.000000
C 2.687006 2.687006 0.000000
V 0.000000 2.687006 -2.687006
L 2.687006 0.000000 -2.687006
Y 2.687006 2.687006 -5.374012
P 2.687006 5.374012 -2.687006
W 5.374012 2.687006 -2.687006
C 5.374012 0.000000 0.000000


-63.196759	07262a0
8

G 0.000000 0.000000 0.000000
C 2.687006 2.687006 0.000000
V 0.000000 2.687006 -2.687006
L 0.000000 5.374012 0.000000
Y -2.687006 2.687006 0.000000
P -2.687006 5.374012 2.687006
W 0.000000 2.687006 2.687006
C 2.687006 5.374012 2.687006


-63.159444	21807a0
8

G 0.000000 0.000000 0.000000
C 2.687006 2.687006 0.000000
V 0.000000 2.687006 -2.687006
L 2.687006 0.000000 -2.687006
Y 5.374012 2.687006 -2.687006
P 5.374012 0.000000 -5.374012
W 2.687006 2.687006 -5.374012
C 2.687006 5.374012 -2.687006


-62.902739	04680a0
8

G 0.000000 0.000000 0.000000
C 2.687006 2.687006 0.000000
V 0.000000 2.687006 -2.687006
L 2.687006 5.374012 -2.687006
Y 2.687006 2.687006 -5.374012
P 0.000000 0.000000 -5.374012
W 2.687006 0.000000 -2.687006
C 5.374012 2.687006 -2.687006


-62.747420	9431640
8

G 0.000000 0.000000 0.000000
C 2.687006 2.687006 0.000000
V 5.374012 2.687006 2.687006
L 2.687006 0.000000 2.687006
Y 0.000000 2.687006 2.687006
P 0.000000 5.374012 0.000000
W 2.687006 5.374012 2.687006
C 2.687006 2.687006 5.374012


-62.719896	a348640
8

G 0.000000 0.000000 0.000000
C 2.687006 2.687006 0.000000
V 5.374012 2.687006 2.687006
L 2.687006 0.000000 2.687006
Y 2.687006 -2.687006 0.000000
P 5.374012 -2.687006 2.687006
W 5.374012 0.000000 0.000000
C 2.687006 0.000000 -2.687006


-62.661318	68107a0
8

G 0.000000 0.000000 0.000000
C 2.687006 2.687006 0.000000
V 0.000000 2.687006 -2.687006
L 2.687006 0.000000 -2.687006
Y 5.374012 2.687006 -2.687006
P 2.687006 5.374012 -2.687006
W 2.687006 2.687006 -5.374012
C 0.000000 0.000000 -5.374012


-62.649394	38192a0
8

G 0.000000 0.000000 0.000000
C 2.687006 2.687006 0.000000
V 0.000000 2.687006 -2.687006
L 0.000000 5.374012 0.000000
Y 0.000000 2.687006 2.687006
P -2.687006 5.374012 2.687006
W -2.687006 2.687006 0.000000
C -2.687006 5.374012 -2.687006


-62.608389	a514ba0
8

G 0.000000 0.000000 0.000000
C 2.687006 2.687006 0.000000
V 0.000000 2.687006 -2.687006
L -2.687006 2.687006 0.000000
Y 0.000000 2.687006 2.687006
P -2.687006 5.374012 2.687006
W 0.000000 5.374012 0.000000
C -2.687006 5.374012 -2.687006


-62.459100	79a3b40
8

G 0.000000 0.000000 0.000000
C 2.687006 2.687006 0.000000
V 5.374012 2.687006 2.687006
L 2.687006 2.687006 5.374012
Y 2.687006 5.374012 2.687006
P 0.000000 5.374012 0.000000
W 0.000000 2.687006 2.687006
C 2.687006 0.000000 2.687006


-62.459100	7369140
8

G 0.000000 0.000000 0.000000
C 2.687006 2.687006 0.000000
V 5.374012 2.687006 2.687006
L 2.687006 5.374012 2.687006
Y 2.687006 2.687006 5.374012
P 0.000000 0.000000 5.374012
W 0.000000 2.687006 2.687006
C 2.687006 0.000000 2.687006


-62.432739	1569140
8

G 0.000000 0.000000 0.000000
C 2.687006 2.687006 0.000000
V 5.374012 2.687006 2.687006
L 2.687006 5.374012 2.687006
Y 2.687006 2.687006 5.374012
P 0.000000 0.000000 5.374012
W 2.687006 0.000000 2.687006
C 0.000000 2.687006 2.687006


-62.377420	3a970a0
8

G 0.000000 0.000000 0.000000
C 2.687006 2.687006 0.000000
V 0.000000 2.687006 -2.687006
L 2.687006 5.374012 -2.687006
Y 5.374012 2.687006 -2.687006
P 5.374012 0.000000 0.000000
W 2.687006 0.000000 -2.687006
C 2.687006 2.687006 -5.374012


-62.320449	74137a0
8

G 0.000000 0.000000 0.000000
C 2.687006 2.687006 0.000000
V 0.000000 2.687006 -2.687006
L 2.687006 0.000000 -2.687006
Y 2.687006 2.687006 -5.374012
P 0.000000 5.374012 -5.374012
W 2.687006 5.374012 -2.687006
C 5.374012 2.687006 -2.687006


-62.315252	b1437a0
8

G 0.000000 0.000000 0.000000
C 2.687006 2.687006 0.000000
V 0.000000 2.687006 -2.687006
L 2.687006 0.000000 -2.687006
Y 2.687006 2.687006 -5.374012
P 5.374012 2.687006 -2.687006
W 2.687006 5.374012 -2.687006
C 0.000000 5.374012 0.000000


-62.278389	7327910
8

G 0.000000 0.000000 0.000000
C 2.687006 2.687006 0.000000
V 0.000000 5.374012 0.000000
L 0.000000 2.687006 2.687006
Y 2.687006 0.000000 2.687006
P 2.687006 2.687006 5.374012
W 2.687006 5.374012 2.687006
C 5.374012 2.687006 2.687006


-62.278389	7237810
8

G 0.000000 0.000000 0.000000
C 2.687006 2.687006 0.000000
V 0.000000 5.374012 0.000000
L 0.000000 2.687006 -2.687006
Y 2.687006 0.000000 -2.687006
P 2.687006 2.687006 -5.374012
W 2.687006 5.374012 -2.687006
C 5.374012 2.687006 -2.687006


-62.269100	13495a0
8

G 0.000000 0.000000 0.000000
C 2.687006 2.687006 0.000000
V 0.000000 2.687006 -2.687006
L 2.687006 2.687006 -5.374012
Y 2.687006 0.000000 -2.687006
P 5.374012 0.000000 0.000000
W 5.374012 2.687006 -2.687006
C 2.687006 5.374012 -2.687006


-62.266810	7819140
8

G 0.000000 0.000000 0.000000
C 2.687006 2.687006 0.000000
V 5.374012 2.687006 2.687006
L 2.687006 5.374012 2.687006
Y 2.687006 2.687006 5.374012
P 0.000000 5.374012 5.374012
W 0.000000 2.687006 2.687006
C 2.687006 0.000000 2.687006


-62.266810	78b3b40
8

G 0.000000 0.000000 0.000000
C 2.687006 2.687006 0.000000
V 5.374012 2.687006 2.687006
L 2.687006 2.687006 5.374012
Y 2.687006 5.374012 2.687006
P 0.000000 5.374012 5.374012
W 0.000000 2.687006 2.687006
C 2.687006 0.000000 2.687006


-62.253744	b2a07a0
8

G 0.000000 0.000000 0.000000
C 2.687006 2.687006 0.000000
V 0.000000 2.687006 -2.687006
L 2.687006 0.000000 -2.687006
Y 5.374012 2.687006 -2.687006
P 2.687006 2.687006 -5.374012
W 2.687006 5.374012 -2.687006
C 0.000000 5.374012 0.000000


-62.234455	0a0b640
8

G 0.000000 0.000000 0.000000
C 2.687006 2.687006 0.000000
V 5.374012 2.687006 2.687006
L 2.687006 0.000000 2.687006
Y 0.000000 0.000000 5.374012
P 2.687006 2.687006 5.374012
W 0.000000 2.687006 2.687006
C 2.687006 5.374012 2.687006


-62.226810	69080a0
8

G 0.000000 0.000000 0.000000
C 2.687006 2.687006 0.000000
V 0.000000 2.687006 -2.687006
L 2.687006 5.374012 -2.687006
Y 2.687006 2.687006 -5.374012
P 5.374012 5.374012 -5.374012
W 5.374012 2.687006 -2.687006
C 2.687006 0.000000 -2.687006


-62.226810	69525a0
8

G 0.000000 0.000000 0.000000
C 2.687006 2.687006 0.000000
V 0.000000 2.687006 -2.687006
L 2.687006 2.687006 -5.374012
Y 2.687006 5.374012 -2.687006
P 5.374012 5.374012 -5.374012
W 5.374012 2.687006 -2.687006
C 2.687006 0.000000 -2.687006


-62.200901	3a7b840
8

G 0.000000 0.000000 0.000000
C 2.687006 2.687006 0.000000
V 5.374012 2.687006 2.687006
L 5.374012 0.000000 0.000000
Y 2.687006 0.000000 2.687006
P 5.374012 -2.687006 2.687006
W 2.687006 -2.687006 0.000000
C 2.687006 0.000000 -2.687006


-62.159444	96370a0
8

G 0.000000 0.000000 0.000000
C 2.687006 2.687006 0.000000
V 0.000000 2.687006 -2.687006
L 2.687006 5.374012 -2.687006
Y 5.374012 2.687006 -2.687006
P 5.374012 5.374012 -5.374012
W 2.687006 2.687006 -5.374012
C 2.687006 0.000000 -2.687006


-62.154455	140a7a0
8

G 0.000000 0.000000 0.000000
C 2.687006 2.687006 0.000000
V 0.000000 2.687006 -2.687006
L 2.687006 0.000000 -2.687006
Y 0.000000 0.000000 -5.374012
P 2.687006 2.687006 -5.374012
W 5.374012 2.687006 -2.687006
C 2.687006 5.374012 -2.687006


-62.136810	0812640
8

G 0.000000 0.000000 0.000000
C 2.687006 2.687006 0.000000
V 5.374012 2.687006 2.687006
L 2.687006 0.000000 2.687006
Y 2.687006 2.687006 5.374012
P 0.000000 5.374012 5.374012
W 0.000000 2.687006 2.687006
C 2.687006 5.374012 2.687006


-62.131612	2a07810
8

G 0.000000 0.000000 0.000000
C 2.687006 2.687006 0.000000
V 0.000000 5.374012 0.000000
L 0.000000 2.687006 -2.687006
Y 2.687006 0.000000 -2.687006
P 5.374012 2.687006 -2.687006
W 2.687006 2.687006 -5.374012
C 2.687006 5.374012 -2.687006


-62.131612	3b07910
8

G 0.000000 0.000000 0.000000
C 2.687006 2.687006 0.000000
V 0.000000 5.374012 0.000000
L 0.000000 2.687006 2.687006
Y 2.687006 0.000000 2.687006
P 5.374012 2.687006 2.687006
W 2.687006 2.687006 5.374012
C 2.687006 5.374012 2.687006


-62.128389	0980810
8

G 0.000000 0.000000 0.000000
C 2.687006 2.687006 0.000000
V 0.000000 5.374012 0.000000
L 0.000000 2.687006 -2.687006
Y 2.687006 5.374012 -2.687006
P 2.687006 2.687006 -5.374012
W 2.687006 0.000000 -2.687006
C 5.374012 2.687006 -2.687006


-62.128389	0890910
8

G 0.000000 0.000000 0.000000
C 2.687006 2.687006 0.000000
V 0.000000 5.374012 0.000000
L 0.000000 2.687006 2.687006
Y 2.687006 5.374012 2.687006
P 2.687006 2.687006 5.374012
W 2.687006 0.000000 2.687006
C 5.374012 2.687006 2.687006


-62.128094	720a7a0
8

G 0.000000 0.000000 0.000000
C 2.687006 2.687006 0.000000
V 0.000000 2.687006 -2.687006
L 2.687006 0.000000 -2.687006
Y 0.000000 0.000000 -5.374012
P 2.687006 2.687006 -5.374012
W 2.687006 5.374012 -2.687006
C 5.374012 2.687006 -2.687006


-62.114039	1527910
8

G 0.000000 0.000000 0.000000
C 2.687006 2.687006 0.000000
V 0.000000 5.374012 0.000000
L 0.000000 2.687006 2.687006
Y 2.687006 0.000000 2.687006
P 2.687006 2.687006 5.374012
W 5.374012 2.687006 2.687006
C 2.687006 5.374012 2.687006


-62.114039	1437810
8

G 0.000000 0.000000 0.000000
C 2.687006 2.687006 0.000000
V 0.000000 5.374012 0.000000
L 0.000000 2.687006 -2.687006
Y 2.687006 0.000000 -2.687006
P 2.687006 2.687006 -5.374012
W 5.374012 2.687006 -2.687006
C 2.687006 5.374012 -2.687006


-62.100449	6a02640
8

G 0.000000 0.000000 0.000000
C 2.687006 2.687006 0.000000
V 5.374012 2.687006 2.687006
L 2.687006 0.000000 2.687006
Y 2.687006 2.687006 5.374012
P 5.374012 5.374012 5.374012
W 2.687006 5.374012 2.687006
C 0.000000 2.687006 2.687006


-62.096810	19037a0
8

G 0.000000 0.000000 0.000000
C 2.687006 2.687006 0.000000
V 0.000000 2.687006 -2.687006
L 2.687006 0.000000 -2.687006
Y 2.687006 2.687006 -5.374012
P 5.374012 5.374012 -5.374012
W 5.374012 2.687006 -2.687006
C 2.687006 5.374012 -2.687006


-62.076810	12595a0
8

G 0.000000 0.000000 0.000000
C 2.687006 2.687006 0.000000
V 0.000000 2.687006 -2.687006
L 2.687006 2.687006 -5.374012
Y 2.687006 0.000000 -2.687006
P 5.374012 0.000000 -5.374012
W 5.374012 2.687006 -2.687006
C 2.687006 5.374012 -2.687006


-62.070449	7b037a0
8

G 0.000000 0.000000 0.000000
C 2.687006 2.687006 0.000000
V 0.000000 2.687006 -2.687006
L 2.687006 0.000000 -2.687006
Y 2.687006 2.687006 -5.374012
P 5.374012 5.374012 -5.374012
W 2.687006 5.374012 -2.687006
C 5.374012 2.687006 -2.687006


-62.061648	8107810
8

G 0.000000 0.000000 0.000000
C 2.687006 2.687006 0.000000
V 0.000000 5.374012 0.000000
L 0.000000 2.687006 -2.687006
Y 2.687006 0.000000 -2.687006
P 5.374012 2.687006 -2.687006
W 2.687006 5.374012 -2.687006
C 2.687006 2.687006 -5.374012


-62.061648	9107910
8

G 0.000000 0.000000 0.000000
C 2.687006 2.687006 0.000000
V 0.000000 5.374012 0.000000
L 0.000000 2.687006 2.687006
Y 2.687006 0.000000 2.687006
P 5.374012 2.687006 2.687006
W 2.687006 5.374012 2.687006
C 2.687006 2.687006 5.374012


-62.048597	3a95640
8

G 0.000000 0.000000 0.000000
C 2.687006 2.687006 0.000000
V 5.374012 2.687006 2.687006
L 2.687006 0.000000 2.687006
Y 5.374012 0.000000 0.000000
P 5.374012 -2.687006 2.687006
W 2.687006 -2.687006 0.000000
C 2.687006 0.000000 -2.687006


-62.029444	26307a0
8

G 0.000000 0.000000 0.000000
C 2.687006 2.687006 0.000000
V 0.000000 2.687006 -2.687006
L 2.687006 0.000000 -2.687006
Y 5.374012 2.687006 -2.687006
P 5.374012 5.374012 -5.374012
W 2.687006 2.687006 -5.374012
C 2.687006 5.374012 -2.687006


-62.007420	2596140
8

G 0.000000 0.000000 0.000000
C 2.687006 2.687006 0.000000
V 5.374012 2.687006 2.687006
L 2.687006 5.374012 2.687006
Y 0.000000 2.687006 2.687006
P 0.000000 0.000000 5.374012
W 2.687006 0.000000 2.687006
C 2.687006 2.687006 5.374012


-61.981734	8096140
8

G 0.000000 0.000000 0.000000
C 2.687006 2.687006 0.000000
V 5.374012 2.687006 2.687006
L 2.687006 5.374012 2.687006
Y 0.000000 2.687006 2.687006
P 0.000000 0.000000 5.374012
W 2.687006 2.687006 5.374012
C 2.687006 0.000000 2.687006


-61.968683	9632640
8

G 0.000000 0.000000 0.000000
C 2.687006 2.687006 0.000000
V 5.374012 2.687006 2.687006
L 2.687006 0.000000 2.687006
Y 2.687006 2.687006 5.374012
P 2.687006 5.374012 2.687006
W 0.000000 2.687006 2.687006
C 0.000000 0.000000 5.374012


