-65.968857	103101201301	1000111000100100101
13

I 0.000000 0.000000 0.000000
F 2.193931 2.193931 -2.193931
G 4.387862 0.000000 -4.387862
A 6.581793 -2.193931 -2.193931
I 4.387862 -4.387862 0.000000
A 2.193931 -2.193931 2.193931
G 4.387862 0.000000 4.387862
F 6.581793 2.193931 2.193931
I 8.775724 0.000000 0.000000
K 10.969655 2.193931 -2.193931
N 8.775724 4.387862 -4.387862
I 6.581793 6.581793 -2.193931
W 4.387862 4.387862 0.000000


-65.760259	130131201301	1011001011100100101
13

I 0.000000 0.000000 0.000000
F 2.193931 2.193931 -2.193931
G 4.387862 0.000000 -4.387862
A 6.581793 -2.193931 -2.193931
I 4.387862 -4.387862 0.000000
A 2.193931 -2.193931 2.193931
G 4.387862 0.000000 4.387862
F 6.581793 2.193931 2.193931
I 4.387862 4.387862 0.000000
K 6.581793 6.581793 -2.193931
N 8.775724 4.387862 -4.387862
I 10.969655 2.193931 -2.193931
W 8.775724 0.000000 0.000000


-61.898130	212310321301	0110011110001101101
13

I 0.000000 0.000000 0.000000
F 2.193931 2.193931 -2.193931
G 4.387862 0.000000 -4.387862
A 6.581793 -2.193931 -2.193931
I 4.387862 -4.387862 0.000000
A 2.193931 -6.581793 -2.193931
G 0.000000 -4.387862 -4.387862
F -2.193931 -2.193931 -2.193931
I -4.387862 -4.387862 0.000000
K -2.193931 -6.581793 2.193931
N 0.000000 -4.387862 4.387862
I 2.193931 -2.193931 2.193931
W 4.387862 -0.000000 4.387862


-60.553488	103102101301	1000111000011000101
13

I 0.000000 0.000000 0.000000
F 2.193931 2.193931 -2.193931
G 4.387862 0.000000 -4.387862
A 6.581793 -2.193931 -2.193931
I 4.387862 -4.387862 0.000000
A 2.193931 -2.193931 2.193931
G 0.000000 -4.387862 4.387862
F -2.193931 -6.581793 2.193931
I 0.000000 -8.775724 0.000000
K 2.193931 -6.581793 -2.193931
N 0.000000 -4.387862 -4.387862
I -2.193931 -2.193931 -2.193931
W -4.387862 -4.387862 0.000000


-60.424889	130132101301	1011001011011000101
13

I 0.000000 0.000000 0.000000
F 2.193931 2.193931 -2.193931
G 4.387862 0.000000 -4.387862
A 6.581793 -2.193931 -2.193931
I 4.387862 -4.387862 0.000000
A 2.193931 -2.193931 2.193931
G 0.000000 -4.387862 4.387862
F -2.193931 -6.581793 2.193931
I -4.387862 -4.387862 0.000000
K -2.193931 -2.193931 -2.193931
N 0.000000 -4.387862 -4.387862
I 2.193931 -6.581793 -2.193931
W 0.000000 -8.775724 0.000000


-60.424889	312032132301	1110010011011011011
13

I 0.000000 0.000000 0.000000
F 2.193931 2.193931 -2.193931
G 4.387862 0.000000 -4.387862
A 6.581793 -2.193931 -2.193931
I 8.775724 0.000000 0.000000
A 10.969655 -2.193931 2.193931
G 8.775724 -4.387862 4.387862
F 6.581793 -6.581793 2.193931
I 4.387862 -4.387862 0.000000
K 2.193931 -2.193931 2.193931
N 4.387862 -0.000000 4.387862
I 6.581793 2.193931 2.193931
W 4.387862 4.387862 0.000000


-60.148930	021310312301	0001101110001110011
13

I 0.000000 0.000000 0.000000
F 2.193931 2.193931 -2.193931
G 4.387862 0.000000 -4.387862
A 6.581793 -2.193931 -2.193931
I 8.775724 0.000000 0.000000
A 10.969655 2.193931 -2.193931
G 8.775724 4.387862 -4.387862
F 6.581793 6.581793 -2.193931
I 4.387862 4.387862 0.000000
K 6.581793 2.193931 2.193931
N 4.387862 0.000000 4.387862
I 2.193931 -2.193931 2.193931
W 4.387862 -4.387862 0.000000


-59.719493	213013123101	0110110010111001110
13

I 0.000000 0.000000 0.000000
F 2.193931 2.193931 -2.193931
G 4.387862 0.000000 -4.387862
A 6.581793 2.193931 -6.581793
I 4.387862 4.387862 -8.775724
A 2.193931 2.193931 -10.969655
G 0.000000 0.000000 -8.775724
F 2.193931 -2.193931 -6.581793
I 0.000000 -4.387862 -4.387862
K -2.193931 -2.193931 -2.193931
N -4.387862 0.000000 -4.387862
I -2.193931 2.193931 -6.581793
W 0.000000 4.387862 -4.387862


-59.719493	312012132101	1110010010011011010
13

I 0.000000 0.000000 0.000000
F 2.193931 2.193931 -2.193931
G 4.387862 0.000000 -4.387862
A 6.581793 2.193931 -6.581793
I 8.775724 4.387862 -4.387862
A 10.969655 2.193931 -2.193931
G 8.775724 0.000000 -0.000000
F 6.581793 -2.193931 -2.193931
I 4.387862 -4.387862 -0.000000
K 2.193931 -2.193931 2.193931
N 4.387862 0.000000 4.387862
I 6.581793 2.193931 2.193931
W 4.387862 4.387862 -0.000000


-59.719493	210213102101	0110000110111000010
13

I 0.000000 0.000000 0.000000
F 2.193931 2.193931 -2.193931
G 4.387862 0.000000 -4.387862
A 6.581793 2.193931 -6.581793
I 8.775724 4.387862 -4.387862
A 6.581793 6.581793 -2.193931
G 4.387862 4.387862 -0.000000
F 6.581793 2.193931 2.193931
I 4.387862 0.000000 4.387862
K 2.193931 -2.193931 2.193931
N 4.387862 -4.387862 -0.000000
I 6.581793 -2.193931 -2.193931
W 8.775724 0.000000 -0.000000


-59.719493	310312103101	1110001110011000110
13

I 0.000000 0.000000 0.000000
F 2.193931 2.193931 -2.193931
G 4.387862 0.000000 -4.387862
A 6.581793 2.193931 -6.581793
I 4.387862 4.387862 -8.775724
A 2.193931 6.581793 -6.581793
G 0.000000 4.387862 -4.387862
F -2.193931 2.193931 -6.581793
I -4.387862 0.000000 -4.387862
K -2.193931 -2.193931 -2.193931
N 0.000000 -4.387862 -4.387862
I 2.193931 -2.193931 -6.581793
W 0.000000 0.000000 -8.775724


-58.837489	201203102101	0100100100111000010
13

I 0.000000 0.000000 0.000000
F 2.193931 2.193931 -2.193931
G 4.387862 0.000000 -4.387862
A 6.581793 2.193931 -6.581793
I 8.775724 4.387862 -4.387862
A 6.581793 6.581793 -2.193931
G 4.387862 4.387862 -0.000000
F 6.581793 2.193931 2.193931
I 8.775724 0.000000 -0.000000
K 6.581793 -2.193931 -2.193931
N 4.387862 -4.387862 -0.000000
I 2.193931 -2.193931 2.193931
W 4.387862 0.000000 4.387862


-58.837489	301302103101	1100101100011000110
13

I 0.000000 0.000000 0.000000
F 2.193931 2.193931 -2.193931
G 4.387862 0.000000 -4.387862
A 6.581793 2.193931 -6.581793
I 4.387862 4.387862 -8.775724
A 2.193931 6.581793 -6.581793
G 0.000000 4.387862 -4.387862
F -2.193931 2.193931 -6.581793
I 0.000000 0.000000 -8.775724
K 2.193931 -2.193931 -6.581793
N 0.000000 -4.387862 -4.387862
I -2.193931 -2.193931 -2.193931
W -4.387862 0.000000 -4.387862


-58.400088	032012302101	0011010010011100010
13

I 0.000000 0.000000 0.000000
F 2.193931 2.193931 -2.193931
G 4.387862 0.000000 -4.387862
A 6.581793 2.193931 -6.581793
I 8.775724 4.387862 -4.387862
A 6.581793 6.581793 -2.193931
G 4.387862 8.775724 -4.387862
F 2.193931 6.581793 -6.581793
I 0.000000 4.387862 -4.387862
K -2.193931 6.581793 -2.193931
N 0.000000 8.775724 -0.000000
I 2.193931 6.581793 2.193931
W 4.387862 4.387862 -0.000000


-58.400088	023013203101	0001110010110100110
13

I 0.000000 0.000000 0.000000
F 2.193931 2.193931 -2.193931
G 4.387862 0.000000 -4.387862
A 6.581793 2.193931 -6.581793
I 4.387862 4.387862 -8.775724
A 2.193931 6.581793 -6.581793
G 4.387862 8.775724 -4.387862
F 6.581793 6.581793 -2.193931
I 4.387862 4.387862 -0.000000
K 2.193931 6.581793 2.193931
N 0.000000 8.775724 -0.000000
I -2.193931 6.581793 -2.193931
W 0.000000 4.387862 -4.387862


-57.087551	030130201301	0011001011000100101
13

I 0.000000 0.000000 0.000000
F 2.193931 2.193931 -2.193931
G 4.387862 0.000000 -4.387862
A 6.581793 -2.193931 -2.193931
I 4.387862 -4.387862 0.000000
A 2.193931 -2.193931 2.193931
G 4.387862 0.000000 4.387862
F 2.193931 2.193931 6.581793
I 0.000000 4.387862 4.387862
K 2.193931 6.581793 2.193931
N 4.387862 4.387862 0.000000
I 6.581793 2.193931 2.193931
W 8.775724 0.000000 0.000000


-56.704804	103202102301	1000110100011000011
13

I 0.000000 0.000000 0.000000
F 2.193931 2.193931 -2.193931
G 4.387862 0.000000 -4.387862
A 6.581793 -2.193931 -2.193931
I 8.775724 0.000000 0.000000
A 6.581793 2.193931 2.193931
G 4.387862 0.000000 4.387862
F 2.193931 -2.193931 2.193931
I 4.387862 -4.387862 0.000000
K 2.193931 -6.581793 -2.193931
N 0.000000 -4.387862 -4.387862
I -2.193931 -2.193931 -2.193931
W -4.387862 -4.387862 0.000000


-56.704804	303202102301	1100110100011000011
13

I 0.000000 0.000000 0.000000
F 2.193931 2.193931 -2.193931
G 4.387862 0.000000 -4.387862
A 6.581793 -2.193931 -2.193931
I 8.775724 0.000000 0.000000
A 6.581793 2.193931 2.193931
G 4.387862 0.000000 4.387862
F 2.193931 -2.193931 2.193931
I 4.387862 -4.387862 0.000000
K 2.193931 -6.581793 -2.193931
N 0.000000 -4.387862 -4.387862
I -2.193931 -2.193931 -2.193931
W -4.387862 -0.000000 -4.387862


-56.576206	321031201301	1101100011100100101
13

I 0.000000 0.000000 0.000000
F 2.193931 2.193931 -2.193931
G 4.387862 0.000000 -4.387862
A 6.581793 -2.193931 -2.193931
I 4.387862 -4.387862 0.000000
A 2.193931 -2.193931 2.193931
G 4.387862 0.000000 4.387862
F 6.581793 2.193931 2.193931
I 4.387862 4.387862 0.000000
K 2.193931 6.581793 2.193931
N 0.000000 4.387862 4.387862
I -2.193931 2.193931 2.193931
W -4.387862 4.387862 0.000000


-56.576206	121031201301	1001100011100100101
13

I 0.000000 0.000000 0.000000
F 2.193931 2.193931 -2.193931
G 4.387862 0.000000 -4.387862
A 6.581793 -2.193931 -2.193931
I 4.387862 -4.387862 0.000000
A 2.193931 -2.193931 2.193931
G 4.387862 0.000000 4.387862
F 6.581793 2.193931 2.193931
I 4.387862 4.387862 0.000000
K 2.193931 6.581793 2.193931
N 0.000000 4.387862 4.387862
I -2.193931 2.193931 2.193931
W -4.387862 0.000000 4.387862


-56.262188	303103201301	1100111000110100101
13

I 0.000000 0.000000 0.000000
F 2.193931 2.193931 -2.193931
G 4.387862 0.000000 -4.387862
A 6.581793 -2.193931 -2.193931
I 4.387862 -4.387862 0.000000
A 2.193931 -2.193931 2.193931
G 4.387862 0.000000 4.387862
F 6.581793 -2.193931 6.581793
I 8.775724 -4.387862 4.387862
K 10.969655 -2.193931 2.193931
N 8.775724 0.000000 0.000000
I 6.581793 2.193931 2.193931
W 4.387862 4.387862 0.000000


-56.257585	321320312301	1101101101001110011
13

I 0.000000 0.000000 0.000000
F 2.193931 2.193931 -2.193931
G 4.387862 0.000000 -4.387862
A 6.581793 -2.193931 -2.193931
I 8.775724 0.000000 0.000000
A 10.969655 2.193931 -2.193931
G 8.775724 4.387862 -4.387862
F 6.581793 6.581793 -2.193931
I 8.775724 8.775724 0.000000
K 10.969655 6.581793 2.193931
N 8.775724 4.387862 4.387862
I 6.581793 2.193931 2.193931
W 4.387862 4.387862 0.000000


-56.257585	132130123101	1011011011001001110
13

I 0.000000 0.000000 0.000000
F 2.193931 2.193931 -2.193931
G 4.387862 0.000000 -4.387862
A 6.581793 2.193931 -6.581793
I 4.387862 4.387862 -8.775724
A 2.193931 2.193931 -10.969655
G 0.000000 0.000000 -8.775724
F -2.193931 2.193931 -6.581793
I -4.387862 4.387862 -8.775724
K -2.193931 6.581793 -10.969655
N 0.000000 8.775724 -8.775724
I 2.193931 6.581793 -6.581793
W 0.000000 4.387862 -4.387862


-56.257585	123120132101	1001111001001011010
13

I 0.000000 0.000000 0.000000
F 2.193931 2.193931 -2.193931
G 4.387862 0.000000 -4.387862
A 6.581793 2.193931 -6.581793
I 8.775724 4.387862 -4.387862
A 10.969655 2.193931 -2.193931
G 8.775724 0.000000 -0.000000
F 6.581793 2.193931 2.193931
I 8.775724 4.387862 4.387862
K 10.969655 6.581793 2.193931
N 8.775724 8.775724 -0.000000
I 6.581793 6.581793 -2.193931
W 4.387862 4.387862 -0.000000


-56.219940	020310302301	0001001110001100011
13

I 0.000000 0.000000 0.000000
F 2.193931 2.193931 -2.193931
G 4.387862 0.000000 -4.387862
A 6.581793 -2.193931 -2.193931
I 8.775724 0.000000 0.000000
A 6.581793 2.193931 2.193931
G 4.387862 4.387862 0.000000
F 2.193931 6.581793 2.193931
I 0.000000 4.387862 4.387862
K 2.193931 2.193931 6.581793
N 4.387862 0.000000 4.387862
I 2.193931 -2.193931 2.193931
W 4.387862 -4.387862 0.000000


-55.975752	023031201301	0001110011100100101
13

I 0.000000 0.000000 0.000000
F 2.193931 2.193931 -2.193931
G 4.387862 0.000000 -4.387862
A 6.581793 -2.193931 -2.193931
I 4.387862 -4.387862 0.000000
A 2.193931 -2.193931 2.193931
G 4.387862 0.000000 4.387862
F 6.581793 2.193931 2.193931
I 4.387862 4.387862 0.000000
K 2.193931 6.581793 2.193931
N 0.000000 8.775724 0.000000
I -2.193931 6.581793 -2.193931
W 0.000000 4.387862 -4.387862


-55.975752	123131201301	1001111011100100101
13

I 0.000000 0.000000 0.000000
F 2.193931 2.193931 -2.193931
G 4.387862 0.000000 -4.387862
A 6.581793 -2.193931 -2.193931
I 4.387862 -4.387862 0.000000
A 2.193931 -2.193931 2.193931
G 4.387862 0.000000 4.387862
F 6.581793 2.193931 2.193931
I 4.387862 4.387862 0.000000
K 6.581793 6.581793 -2.193931
N 4.387862 8.775724 -4.387862
I 2.193931 6.581793 -6.581793
W 0.000000 4.387862 -4.387862


-55.700576	121031231301	1001100011100111101
13

I 0.000000 0.000000 0.000000
F 2.193931 2.193931 -2.193931
G 4.387862 0.000000 -4.387862
A 6.581793 -2.193931 -2.193931
I 4.387862 -4.387862 0.000000
A 6.581793 -6.581793 2.193931
G 8.775724 -4.387862 4.387862
F 10.969655 -2.193931 2.193931
I 8.775724 -0.000000 0.000000
K 6.581793 2.193931 2.193931
N 4.387862 -0.000000 4.387862
I 2.193931 -2.193931 2.193931
W 0.000000 -4.387862 4.387862


-55.276989	210212102301	0110000110011000011
13

I 0.000000 0.000000 0.000000
F 2.193931 2.193931 -2.193931
G 4.387862 0.000000 -4.387862
A 6.581793 -2.193931 -2.193931
I 8.775724 0.000000 0.000000
A 6.581793 2.193931 2.193931
G 4.387862 0.000000 4.387862
F 2.193931 -2.193931 2.193931
I 0.000000 -4.387862 4.387862
K -2.193931 -6.581793 2.193931
N 0.000000 -8.775724 0.000000
I 2.193931 -6.581793 -2.193931
W 4.387862 -4.387862 0.000000


-55.276989	310312102301	1110001110011000011
13

I 0.000000 0.000000 0.000000
F 2.193931 2.193931 -2.193931
G 4.387862 0.000000 -4.387862
A 6.581793 -2.193931 -2.193931
I 8.775724 0.000000 0.000000
A 6.581793 2.193931 2.193931
G 4.387862 0.000000 4.387862
F 2.193931 -2.193931 2.193931
I 0.000000 -4.387862 4.387862
K 2.193931 -6.581793 6.581793
N 4.387862 -8.775724 4.387862
I 6.581793 -6.581793 2.193931
W 4.387862 -4.387862 0.000000


-55.069174	201202302101	0100100100011100010
13

I 0.000000 0.000000 0.000000
F 2.193931 2.193931 -2.193931
G 4.387862 0.000000 -4.387862
A 6.581793 2.193931 -6.581793
I 8.775724 4.387862 -4.387862
A 6.581793 6.581793 -2.193931
G 4.387862 8.775724 -4.387862
F 2.193931 6.581793 -6.581793
I 4.387862 4.387862 -8.775724
K 2.193931 2.193931 -10.969655
N 0.000000 0.000000 -8.775724
I -2.193931 2.193931 -6.581793
W 0.000000 4.387862 -4.387862


-55.069174	301303203101	1100101100110100110
13

I 0.000000 0.000000 0.000000
F 2.193931 2.193931 -2.193931
G 4.387862 0.000000 -4.387862
A 6.581793 2.193931 -6.581793
I 4.387862 4.387862 -8.775724
A 2.193931 6.581793 -6.581793
G 4.387862 8.775724 -4.387862
F 6.581793 6.581793 -2.193931
I 8.775724 4.387862 -4.387862
K 10.969655 2.193931 -2.193931
N 8.775724 0.000000 -0.000000
I 6.581793 2.193931 2.193931
W 4.387862 4.387862 -0.000000


-54.860576	210212302101	0110000110011100010
13

I 0.000000 0.000000 0.000000
F 2.193931 2.193931 -2.193931
G 4.387862 0.000000 -4.387862
A 6.581793 2.193931 -6.581793
I 8.775724 4.387862 -4.387862
A 6.581793 6.581793 -2.193931
G 4.387862 8.775724 -4.387862
F 2.193931 6.581793 -6.581793
I 0.000000 4.387862 -4.387862
K -2.193931 2.193931 -6.581793
N 0.000000 0.000000 -8.775724
I 2.193931 2.193931 -10.969655
W 4.387862 4.387862 -8.775724


-54.860576	310313203101	1110001110110100110
13

I 0.000000 0.000000 0.000000
F 2.193931 2.193931 -2.193931
G 4.387862 0.000000 -4.387862
A 6.581793 2.193931 -6.581793
I 4.387862 4.387862 -8.775724
A 2.193931 6.581793 -6.581793
G 4.387862 8.775724 -4.387862
F 6.581793 6.581793 -2.193931
I 4.387862 4.387862 -0.000000
K 6.581793 2.193931 2.193931
N 8.775724 0.000000 -0.000000
I 10.969655 2.193931 -2.193931
W 8.775724 4.387862 -4.387862


-54.720388	201202102301	0100100100011000011
13

I 0.000000 0.000000 0.000000
F 2.193931 2.193931 -2.193931
G 4.387862 0.000000 -4.387862
A 6.581793 -2.193931 -2.193931
I 8.775724 0.000000 0.000000
A 6.581793 2.193931 2.193931
G 4.387862 0.000000 4.387862
F 2.193931 -2.193931 2.193931
I 4.387862 -4.387862 0.000000
K 2.193931 -6.581793 -2.193931
N 0.000000 -8.775724 0.000000
I -2.193931 -6.581793 2.193931
W 0.000000 -4.387862 4.387862


-54.720388	301302102301	1100101100011000011
13

I 0.000000 0.000000 0.000000
F 2.193931 2.193931 -2.193931
G 4.387862 0.000000 -4.387862
A 6.581793 -2.193931 -2.193931
I 8.775724 0.000000 0.000000
A 6.581793 2.193931 2.193931
G 4.387862 0.000000 4.387862
F 2.193931 -2.193931 2.193931
I 4.387862 -4.387862 0.000000
K 6.581793 -6.581793 2.193931
N 4.387862 -8.775724 4.387862
I 2.193931 -6.581793 6.581793
W 0.000000 -4.387862 4.387862


-54.714735	213210231301	0110110110000111101
13

I 0.000000 0.000000 0.000000
F 2.193931 2.193931 -2.193931
G 4.387862 0.000000 -4.387862
A 6.581793 -2.193931 -2.193931
I 4.387862 -4.387862 0.000000
A 6.581793 -6.581793 2.193931
G 8.775724 -4.387862 4.387862
F 6.581793 -2.193931 6.581793
I 4.387862 -4.387862 8.775724
K 2.193931 -6.581793 6.581793
N 0.000000 -4.387862 4.387862
I 2.193931 -2.193931 2.193931
W 4.387862 -0.000000 4.387862


-54.714735	123120131301	1001111001001011101
13

I 0.000000 0.000000 0.000000
F 2.193931 2.193931 -2.193931
G 4.387862 0.000000 -4.387862
A 6.581793 -2.193931 -2.193931
I 4.387862 -4.387862 0.000000
A 6.581793 -6.581793 2.193931
G 4.387862 -8.775724 4.387862
F 2.193931 -6.581793 6.581793
I 4.387862 -4.387862 8.775724
K 6.581793 -2.193931 6.581793
N 4.387862 -0.000000 4.387862
I 2.193931 -2.193931 2.193931
W 0.000000 -4.387862 4.387862


-53.964844	132120123101	1011011001001001110
13

I 0.000000 0.000000 0.000000
F 2.193931 2.193931 -2.193931
G 4.387862 0.000000 -4.387862
A 6.581793 2.193931 -6.581793
I 4.387862 4.387862 -8.775724
A 2.193931 2.193931 -10.969655
G 0.000000 0.000000 -8.775724
F -2.193931 2.193931 -6.581793
I 0.000000 4.387862 -4.387862
K 2.193931 6.581793 -6.581793
N 4.387862 8.775724 -4.387862
I 6.581793 6.581793 -2.193931
W 4.387862 4.387862 -0.000000


-53.964844	123130132101	1001111011001011010
13

I 0.000000 0.000000 0.000000
F 2.193931 2.193931 -2.193931
G 4.387862 0.000000 -4.387862
A 6.581793 2.193931 -6.581793
I 8.775724 4.387862 -4.387862
A 10.969655 2.193931 -2.193931
G 8.775724 0.000000 -0.000000
F 6.581793 2.193931 2.193931
I 4.387862 4.387862 -0.000000
K 6.581793 6.581793 -2.193931
N 4.387862 8.775724 -4.387862
I 2.193931 6.581793 -6.581793
W 0.000000 4.387862 -4.387862


-53.936881	212302102301	0110011100011000011
13

I 0.000000 0.000000 0.000000
F 2.193931 2.193931 -2.193931
G 4.387862 0.000000 -4.387862
A 6.581793 -2.193931 -2.193931
I 8.775724 0.000000 0.000000
A 6.581793 2.193931 2.193931
G 4.387862 0.000000 4.387862
F 2.193931 -2.193931 2.193931
I 4.387862 -4.387862 0.000000
K 6.581793 -6.581793 2.193931
N 8.775724 -4.387862 4.387862
I 10.969655 -2.193931 2.193931
W 13.163586 -0.000000 4.387862


-53.936881	012302102301	0010011100011000011
13

I 0.000000 0.000000 0.000000
F 2.193931 2.193931 -2.193931
G 4.387862 0.000000 -4.387862
A 6.581793 -2.193931 -2.193931
I 8.775724 0.000000 0.000000
A 6.581793 2.193931 2.193931
G 4.387862 0.000000 4.387862
F 2.193931 -2.193931 2.193931
I 4.387862 -4.387862 0.000000
K 6.581793 -6.581793 2.193931
N 8.775724 -4.387862 4.387862
I 10.969655 -2.193931 2.193931
W 13.163586 -4.387862 0.000000


-53.770434	131031321301	1011100011101101101
13

I 0.000000 0.000000 0.000000
F 2.193931 2.193931 -2.193931
G 4.387862 0.000000 -4.387862
A 6.581793 -2.193931 -2.193931
I 4.387862 -4.387862 0.000000
A 2.193931 -6.581793 -2.193931
G 0.000000 -4.387862 -4.387862
F 2.193931 -2.193931 -6.581793
I 0.000000 -0.000000 -8.775724
K -2.193931 2.193931 -6.581793
N -4.387862 -0.000000 -4.387862
I -2.193931 -2.193931 -2.193931
W -4.387862 -4.387862 -0.000000


-53.201438	023021201301	0001110001100100101
13

I 0.000000 0.000000 0.000000
F 2.193931 2.193931 -2.193931
G 4.387862 0.000000 -4.387862
A 6.581793 -2.193931 -2.193931
I 4.387862 -4.387862 0.000000
A 2.193931 -2.193931 2.193931
G 4.387862 0.000000 4.387862
F 6.581793 2.193931 2.193931
I 8.775724 4.387862 4.387862
K 6.581793 6.581793 6.581793
N 4.387862 8.775724 4.387862
I 2.193931 6.581793 2.193931
W 4.387862 4.387862 0.000000


-53.201438	123121201301	1001111001100100101
13

I 0.000000 0.000000 0.000000
F 2.193931 2.193931 -2.193931
G 4.387862 0.000000 -4.387862
A 6.581793 -2.193931 -2.193931
I 4.387862 -4.387862 0.000000
A 2.193931 -2.193931 2.193931
G 4.387862 0.000000 4.387862
F 6.581793 2.193931 2.193931
I 8.775724 4.387862 4.387862
K 10.969655 6.581793 2.193931
N 8.775724 8.775724 0.000000
I 6.581793 6.581793 -2.193931
W 4.387862 4.387862 0.000000


-52.905979	030130321301	0011001011001101101
13

I 0.000000 0.000000 0.000000
F 2.193931 2.193931 -2.193931
G 4.387862 0.000000 -4.387862
A 6.581793 -2.193931 -2.193931
I 4.387862 -4.387862 0.000000
A 2.193931 -6.581793 -2.193931
G 0.000000 -4.387862 -4.387862
F -2.193931 -2.193931 -2.193931
I -4.387862 -0.000000 -4.387862
K -2.193931 2.193931 -6.581793
N 0.000000 -0.000000 -8.775724
I 2.193931 -2.193931 -6.581793
W 4.387862 -4.387862 -8.775724


-52.436239	032031201301	0011010011100100101
13

I 0.000000 0.000000 0.000000
F 2.193931 2.193931 -2.193931
G 4.387862 0.000000 -4.387862
A 6.581793 -2.193931 -2.193931
I 4.387862 -4.387862 0.000000
A 2.193931 -2.193931 2.193931
G 4.387862 0.000000 4.387862
F 6.581793 2.193931 2.193931
I 4.387862 4.387862 0.000000
K 2.193931 6.581793 2.193931
N 4.387862 8.775724 4.387862
I 6.581793 6.581793 6.581793
W 8.775724 4.387862 4.387862


-52.436239	132131201301	1011011011100100101
13

I 0.000000 0.000000 0.000000
F 2.193931 2.193931 -2.193931
G 4.387862 0.000000 -4.387862
A 6.581793 -2.193931 -2.193931
I 4.387862 -4.387862 0.000000
A 2.193931 -2.193931 2.193931
G 4.387862 0.000000 4.387862
F 6.581793 2.193931 2.193931
I 4.387862 4.387862 0.000000
K 6.581793 6.581793 -2.193931
N 8.775724 8.775724 0.000000
I 10.969655 6.581793 2.193931
W 8.775724 4.387862 4.387862


-52.371007	131031201301	1011100011100100101
13

I 0.000000 0.000000 0.000000
F 2.193931 2.193931 -2.193931
G 4.387862 0.000000 -4.387862
A 6.581793 -2.193931 -2.193931
I 4.387862 -4.387862 0.000000
A 2.193931 -2.193931 2.193931
G 4.387862 0.000000 4.387862
F 6.581793 2.193931 2.193931
I 4.387862 4.387862 0.000000
K 2.193931 6.581793 2.193931
N 0.000000 4.387862 4.387862
I 2.193931 2.193931 6.581793
W 0.000000 0.000000 8.775724


-52.371007	231031201301	0111100011100100101
13

I 0.000000 0.000000 0.000000
F 2.193931 2.193931 -2.193931
G 4.387862 0.000000 -4.387862
A 6.581793 -2.193931 -2.193931
I 4.387862 -4.387862 0.000000
A 2.193931 -2.193931 2.193931
G 4.387862 0.000000 4.387862
F 6.581793 2.193931 2.193931
I 4.387862 4.387862 0.000000
K 2.193931 6.581793 2.193931
N 0.000000 4.387862 4.387862
I 2.193931 2.193931 6.581793
W 4.387862 4.387862 8.775724


-51.759724	320321302301	1101001101101100011
13

I 0.000000 0.000000 0.000000
F 2.193931 2.193931 -2.193931
G 4.387862 0.000000 -4.387862
A 6.581793 -2.193931 -2.193931
I 8.775724 0.000000 0.000000
A 6.581793 2.193931 2.193931
G 4.387862 4.387862 0.000000
F 6.581793 6.581793 -2.193931
I 8.775724 8.775724 0.000000
K 10.969655 6.581793 2.193931
N 13.163586 4.387862 0.000000
I 10.969655 2.193931 -2.193931
W 8.775724 4.387862 -4.387862


-51.759724	130132103101	1011001011011000110
13

I 0.000000 0.000000 0.000000
F 2.193931 2.193931 -2.193931
G 4.387862 0.000000 -4.387862
A 6.581793 2.193931 -6.581793
I 4.387862 4.387862 -8.775724
A 2.193931 6.581793 -6.581793
G 0.000000 4.387862 -4.387862
F -2.193931 2.193931 -6.581793
I -4.387862 4.387862 -8.775724
K -2.193931 6.581793 -10.969655
N 0.000000 4.387862 -13.163586
I 2.193931 2.193931 -10.969655
W 0.000000 0.000000 -8.775724


-51.759724	120123102101	1001001001111000010
13

I 0.000000 0.000000 0.000000
F 2.193931 2.193931 -2.193931
G 4.387862 0.000000 -4.387862
A 6.581793 2.193931 -6.581793
I 8.775724 4.387862 -4.387862
A 6.581793 6.581793 -2.193931
G 4.387862 4.387862 -0.000000
F 6.581793 2.193931 2.193931
I 8.775724 4.387862 4.387862
K 10.969655 6.581793 2.193931
N 13.163586 4.387862 -0.000000
I 10.969655 2.193931 -2.193931
W 8.775724 0.000000 -0.000000


-51.676881	021301201301	0001101100100100101
13

I 0.000000 0.000000 0.000000
F 2.193931 2.193931 -2.193931
G 4.387862 0.000000 -4.387862
A 6.581793 -2.193931 -2.193931
I 4.387862 -4.387862 0.000000
A 2.193931 -2.193931 2.193931
G 4.387862 0.000000 4.387862
F 6.581793 2.193931 2.193931
I 8.775724 0.000000 0.000000
K 10.969655 -2.193931 2.193931
N 8.775724 -4.387862 4.387862
I 6.581793 -6.581793 2.193931
W 8.775724 -8.775724 0.000000


-51.676881	121301201301	1001101100100100101
13

I 0.000000 0.000000 0.000000
F 2.193931 2.193931 -2.193931
G 4.387862 0.000000 -4.387862
A 6.581793 -2.193931 -2.193931
I 4.387862 -4.387862 0.000000
A 2.193931 -2.193931 2.193931
G 4.387862 0.000000 4.387862
F 6.581793 2.193931 2.193931
I 8.775724 0.000000 0.000000
K 10.969655 -2.193931 2.193931
N 8.775724 -4.387862 4.387862
I 6.581793 -6.581793 2.193931
W 4.387862 -8.775724 4.387862


-51.594383	031030320301	0011100011001101001
13

I 0.000000 0.000000 0.000000
F 2.193931 2.193931 -2.193931
G 4.387862 0.000000 -4.387862
A 6.581793 -2.193931 -2.193931
I 8.775724 -4.387862 -4.387862
A 6.581793 -6.581793 -6.581793
G 4.387862 -4.387862 -8.775724
F 2.193931 -2.193931 -6.581793
I 0.000000 -0.000000 -8.775724
K -2.193931 2.193931 -6.581793
N -4.387862 -0.000000 -4.387862
I -2.193931 -2.193931 -2.193931
W 0.000000 -4.387862 -4.387862


-51.594383	031030120101	0011100011001001000
13

I 0.000000 0.000000 0.000000
F 2.193931 2.193931 -2.193931
G 4.387862 0.000000 -4.387862
A 6.581793 2.193931 -6.581793
I 8.775724 0.000000 -8.775724
A 6.581793 -2.193931 -10.969655
G 4.387862 -4.387862 -8.775724
F 2.193931 -2.193931 -6.581793
I 0.000000 0.000000 -8.775724
K -2.193931 2.193931 -6.581793
N -4.387862 0.000000 -4.387862
I -2.193931 -2.193931 -2.193931
W 0.000000 -4.387862 -4.387862


-51.594383	021020130101	0001100001001011000
13

I 0.000000 0.000000 0.000000
F 2.193931 2.193931 -2.193931
G 4.387862 0.000000 -4.387862
A 6.581793 2.193931 -6.581793
I 8.775724 0.000000 -8.775724
A 10.969655 -2.193931 -6.581793
G 8.775724 -4.387862 -4.387862
F 6.581793 -2.193931 -2.193931
I 8.775724 0.000000 -0.000000
K 6.581793 2.193931 2.193931
N 4.387862 0.000000 4.387862
I 2.193931 -2.193931 2.193931
W 4.387862 -4.387862 -0.000000


-51.425887	132012312101	1011010010011110010
13

I 0.000000 0.000000 0.000000
F 2.193931 2.193931 -2.193931
G 4.387862 0.000000 -4.387862
A 6.581793 2.193931 -6.581793
I 8.775724 4.387862 -4.387862
A 10.969655 6.581793 -6.581793
G 8.775724 8.775724 -8.775724
F 6.581793 6.581793 -10.969655
I 4.387862 4.387862 -8.775724
K 2.193931 6.581793 -6.581793
N 4.387862 8.775724 -4.387862
I 6.581793 6.581793 -2.193931
W 4.387862 4.387862 -0.000000


-51.425887	123013213101	1001110010110110110
13

I 0.000000 0.000000 0.000000
F 2.193931 2.193931 -2.193931
G 4.387862 0.000000 -4.387862
A 6.581793 2.193931 -6.581793
I 4.387862 4.387862 -8.775724
A 6.581793 6.581793 -10.969655
G 8.775724 8.775724 -8.775724
F 10.969655 6.581793 -6.581793
I 8.775724 4.387862 -4.387862
K 6.581793 6.581793 -2.193931
N 4.387862 8.775724 -4.387862
I 2.193931 6.581793 -6.581793
W 0.000000 4.387862 -4.387862


-51.115643	102302102301	1000011100011000011
13

I 0.000000 0.000000 0.000000
F 2.193931 2.193931 -2.193931
G 4.387862 0.000000 -4.387862
A 6.581793 -2.193931 -2.193931
I 8.775724 0.000000 0.000000
A 6.581793 2.193931 2.193931
G 4.387862 0.000000 4.387862
F 2.193931 -2.193931 2.193931
I 4.387862 -4.387862 0.000000
K 6.581793 -6.581793 2.193931
N 8.775724 -4.387862 4.387862
I 6.581793 -2.193931 6.581793
W 4.387862 -4.387862 8.775724


-51.115643	202302102301	0100011100011000011
13

I 0.000000 0.000000 0.000000
F 2.193931 2.193931 -2.193931
G 4.387862 0.000000 -4.387862
A 6.581793 -2.193931 -2.193931
I 8.775724 0.000000 0.000000
A 6.581793 2.193931 2.193931
G 4.387862 0.000000 4.387862
F 2.193931 -2.193931 2.193931
I 4.387862 -4.387862 0.000000
K 6.581793 -6.581793 2.193931
N 8.775724 -4.387862 4.387862
I 6.581793 -2.193931 6.581793
W 8.775724 -0.000000 8.775724


-51.115643	313202102301	1110110100011000011
13

I 0.000000 0.000000 0.000000
F 2.193931 2.193931 -2.193931
G 4.387862 0.000000 -4.387862
A 6.581793 -2.193931 -2.193931
I 8.775724 0.000000 0.000000
A 6.581793 2.193931 2.193931
G 4.387862 0.000000 4.387862
F 2.193931 -2.193931 2.193931
I 4.387862 -4.387862 0.000000
K 2.193931 -6.581793 -2.193931
N 0.000000 -4.387862 -4.387862
I 2.193931 -2.193931 -6.581793
W 0.000000 -0.000000 -8.775724


-51.115643	013202102301	0010110100011000011
13

I 0.000000 0.000000 0.000000
F 2.193931 2.193931 -2.193931
G 4.387862 0.000000 -4.387862
A 6.581793 -2.193931 -2.193931
I 8.775724 0.000000 0.000000
A 6.581793 2.193931 2.193931
G 4.387862 0.000000 4.387862
F 2.193931 -2.193931 2.193931
I 4.387862 -4.387862 0.000000
K 2.193931 -6.581793 -2.193931
N 0.000000 -4.387862 -4.387862
I 2.193931 -2.193931 -6.581793
W 4.387862 -4.387862 -8.775724


-50.996427	210202102301	0110000100011000011
13

I 0.000000 0.000000 0.000000
F 2.193931 2.193931 -2.193931
G 4.387862 0.000000 -4.387862
A 6.581793 -2.193931 -2.193931
I 8.775724 0.000000 0.000000
A 6.581793 2.193931 2.193931
G 4.387862 0.000000 4.387862
F 2.193931 -2.193931 2.193931
I 4.387862 -4.387862 0.000000
K 2.193931 -6.581793 -2.193931
N 4.387862 -8.775724 -4.387862
I 6.581793 -6.581793 -6.581793
W 8.775724 -4.387862 -4.387862


-50.996427	310302102301	1110001100011000011
13

I 0.000000 0.000000 0.000000
F 2.193931 2.193931 -2.193931
G 4.387862 0.000000 -4.387862
A 6.581793 -2.193931 -2.193931
I 8.775724 0.000000 0.000000
A 6.581793 2.193931 2.193931
G 4.387862 0.000000 4.387862
F 2.193931 -2.193931 2.193931
I 4.387862 -4.387862 0.000000
K 6.581793 -6.581793 2.193931
N 8.775724 -8.775724 0.000000
I 10.969655 -6.581793 -2.193931
W 8.775724 -4.387862 -4.387862


-50.720490	132032312301	1011010011011110011
13

I 0.000000 0.000000 0.000000
F 2.193931 2.193931 -2.193931
G 4.387862 0.000000 -4.387862
A 6.581793 -2.193931 -2.193931
I 8.775724 0.000000 0.000000
A 10.969655 2.193931 -2.193931
G 8.775724 4.387862 -4.387862
F 6.581793 2.193931 -6.581793
I 4.387862 4.387862 -8.775724
K 2.193931 6.581793 -6.581793
N 4.387862 8.775724 -4.387862
I 6.581793 6.581793 -2.193931
W 4.387862 4.387862 -0.000000


-50.720490	230231302301	0111000111101100011
13

I 0.000000 0.000000 0.000000
F 2.193931 2.193931 -2.193931
G 4.387862 0.000000 -4.387862
A 6.581793 -2.193931 -2.193931
I 8.775724 0.000000 0.000000
A 6.581793 2.193931 2.193931
G 4.387862 4.387862 0.000000
F 6.581793 6.581793 -2.193931
I 4.387862 8.775724 -4.387862
K 2.193931 6.581793 -6.581793
N 4.387862 4.387862 -8.775724
I 6.581793 2.193931 -6.581793
W 8.775724 4.387862 -4.387862


-50.695104	121310312301	1001101110001110011
13

I 0.000000 0.000000 0.000000
F 2.193931 2.193931 -2.193931
G 4.387862 0.000000 -4.387862
A 6.581793 -2.193931 -2.193931
I 8.775724 0.000000 0.000000
A 10.969655 2.193931 -2.193931
G 8.775724 4.387862 -4.387862
F 6.581793 6.581793 -2.193931
I 4.387862 4.387862 0.000000
K 6.581793 2.193931 2.193931
N 4.387862 0.000000 4.387862
I 2.193931 -2.193931 2.193931
W 0.000000 -4.387862 4.387862


-50.425331	132130132101	1011011011001011010
13

I 0.000000 0.000000 0.000000
F 2.193931 2.193931 -2.193931
G 4.387862 0.000000 -4.387862
A 6.581793 2.193931 -6.581793
I 8.775724 4.387862 -4.387862
A 10.969655 2.193931 -2.193931
G 8.775724 0.000000 -0.000000
F 6.581793 2.193931 2.193931
I 4.387862 4.387862 -0.000000
K 6.581793 6.581793 -2.193931
N 8.775724 8.775724 -0.000000
I 10.969655 6.581793 2.193931
W 8.775724 4.387862 4.387862


-50.425331	312310312301	1110011110001110011
13

I 0.000000 0.000000 0.000000
F 2.193931 2.193931 -2.193931
G 4.387862 0.000000 -4.387862
A 6.581793 -2.193931 -2.193931
I 8.775724 0.000000 0.000000
A 10.969655 2.193931 -2.193931
G 8.775724 4.387862 -4.387862
F 6.581793 6.581793 -2.193931
I 4.387862 4.387862 0.000000
K 6.581793 2.193931 2.193931
N 8.775724 4.387862 4.387862
I 10.969655 6.581793 2.193931
W 8.775724 8.775724 0.000000


-50.425331	123120123101	1001111001001001110
13

I 0.000000 0.000000 0.000000
F 2.193931 2.193931 -2.193931
G 4.387862 0.000000 -4.387862
A 6.581793 2.193931 -6.581793
I 4.387862 4.387862 -8.775724
A 2.193931 2.193931 -10.969655
G 0.000000 0.000000 -8.775724
F -2.193931 2.193931 -6.581793
I 0.000000 4.387862 -4.387862
K 2.193931 6.581793 -6.581793
N 0.000000 8.775724 -8.775724
I -2.193931 6.581793 -10.969655
W -4.387862 4.387862 -8.775724


-50.386920	320131201301	1101001011100100101
13

I 0.000000 0.000000 0.000000
F 2.193931 2.193931 -2.193931
G 4.387862 0.000000 -4.387862
A 6.581793 -2.193931 -2.193931
I 4.387862 -4.387862 0.000000
A 2.193931 -2.193931 2.193931
G 4.387862 0.000000 4.387862
F 6.581793 2.193931 2.193931
I 4.387862 4.387862 0.000000
K 6.581793 6.581793 -2.193931
N 8.775724 4.387862 -4.387862
I 6.581793 2.193931 -6.581793
W 4.387862 4.387862 -8.775724


-50.386920	020131201301	0001001011100100101
13

I 0.000000 0.000000 0.000000
F 2.193931 2.193931 -2.193931
G 4.387862 0.000000 -4.387862
A 6.581793 -2.193931 -2.193931
I 4.387862 -4.387862 0.000000
A 2.193931 -2.193931 2.193931
G 4.387862 0.000000 4.387862
F 6.581793 2.193931 2.193931
I 4.387862 4.387862 0.000000
K 6.581793 6.581793 -2.193931
N 8.775724 4.387862 -4.387862
I 6.581793 2.193931 -6.581793
W 8.775724 0.000000 -8.775724


-49.686749	213210201301	0110110110000100101
13

I 0.000000 0.000000 0.000000
F 2.193931 2.193931 -2.193931
G 4.387862 0.000000 -4.387862
A 6.581793 -2.193931 -2.193931
I 4.387862 -4.387862 0.000000
A 2.193931 -2.193931 2.193931
G 4.387862 0.000000 4.387862
F 2.193931 2.193931 6.581793
I 0.000000 0.000000 8.775724
K -2.193931 -2.193931 6.581793
N -4.387862 0.000000 4.387862
I -2.193931 2.193931 2.193931
W 0.000000 4.387862 4.387862


-49.686749	123120101301	1001111001001000101
13

I 0.000000 0.000000 0.000000
F 2.193931 2.193931 -2.193931
G 4.387862 0.000000 -4.387862
A 6.581793 -2.193931 -2.193931
I 4.387862 -4.387862 0.000000
A 2.193931 -2.193931 2.193931
G 0.000000 -4.387862 4.387862
F -2.193931 -2.193931 6.581793
I 0.000000 0.000000 8.775724
K 2.193931 2.193931 6.581793
N 0.000000 4.387862 4.387862
I -2.193931 2.193931 2.193931
W -4.387862 0.000000 4.387862


-49.500069	321320103101	1101101101001000110
13

I 0.000000 0.000000 0.000000
F 2.193931 2.193931 -2.193931
G 4.387862 0.000000 -4.387862
A 6.581793 2.193931 -6.581793
I 4.387862 4.387862 -8.775724
A 2.193931 6.581793 -6.581793
G 0.000000 4.387862 -4.387862
F -2.193931 6.581793 -2.193931
I 0.000000 8.775724 -0.000000
K 2.193931 6.581793 2.193931
N 0.000000 4.387862 4.387862
I -2.193931 2.193931 2.193931
W -4.387862 4.387862 -0.000000


-49.500069	231230302301	0111100111001100011
13

I 0.000000 0.000000 0.000000
F 2.193931 2.193931 -2.193931
G 4.387862 0.000000 -4.387862
A 6.581793 -2.193931 -2.193931
I 8.775724 0.000000 0.000000
A 6.581793 2.193931 2.193931
G 4.387862 4.387862 0.000000
F 2.193931 6.581793 2.193931
I 0.000000 8.775724 0.000000
K -2.193931 6.581793 -2.193931
N -4.387862 4.387862 0.000000
I -2.193931 2.193931 2.193931
W 0.000000 4.387862 4.387862


-49.500069	231230102101	0111100111001000010
13

I 0.000000 0.000000 0.000000
F 2.193931 2.193931 -2.193931
G 4.387862 0.000000 -4.387862
A 6.581793 2.193931 -6.581793
I 8.775724 4.387862 -4.387862
A 6.581793 6.581793 -2.193931
G 4.387862 4.387862 -0.000000
F 2.193931 6.581793 2.193931
I 0.000000 8.775724 -0.000000
K -2.193931 6.581793 -2.193931
N -4.387862 4.387862 -0.000000
I -2.193931 2.193931 2.193931
W 0.000000 4.387862 4.387862


-49.477476	320321201301	1101001101100100101
13

I 0.000000 0.000000 0.000000
F 2.193931 2.193931 -2.193931
G 4.387862 0.000000 -4.387862
A 6.581793 -2.193931 -2.193931
I 4.387862 -4.387862 0.000000
A 2.193931 -2.193931 2.193931
G 4.387862 0.000000 4.387862
F 6.581793 2.193931 2.193931
I 8.775724 4.387862 4.387862
K 10.969655 2.193931 6.581793
N 13.163586 0.000000 4.387862
I 10.969655 -2.193931 2.193931
W 8.775724 0.000000 0.000000


-49.477476	120121201301	1001001001100100101
13

I 0.000000 0.000000 0.000000
F 2.193931 2.193931 -2.193931
G 4.387862 0.000000 -4.387862
A 6.581793 -2.193931 -2.193931
I 4.387862 -4.387862 0.000000
A 2.193931 -2.193931 2.193931
G 4.387862 0.000000 4.387862
F 6.581793 2.193931 2.193931
I 8.775724 4.387862 4.387862
K 10.969655 6.581793 2.193931
N 13.163586 4.387862 0.000000
I 10.969655 2.193931 -2.193931
W 8.775724 0.000000 0.000000


-48.920876	102101201301	1000011000100100101
13

I 0.000000 0.000000 0.000000
F 2.193931 2.193931 -2.193931
G 4.387862 0.000000 -4.387862
A 6.581793 -2.193931 -2.193931
I 4.387862 -4.387862 0.000000
A 2.193931 -2.193931 2.193931
G 4.387862 0.000000 4.387862
F 6.581793 2.193931 2.193931
I 8.775724 0.000000 0.000000
K 10.969655 2.193931 -2.193931
N 13.163586 4.387862 0.000000
I 10.969655 6.581793 2.193931
W 8.775724 4.387862 4.387862


-48.920876	302301201301	1100011100100100101
13

I 0.000000 0.000000 0.000000
F 2.193931 2.193931 -2.193931
G 4.387862 0.000000 -4.387862
A 6.581793 -2.193931 -2.193931
I 4.387862 -4.387862 0.000000
A 2.193931 -2.193931 2.193931
G 4.387862 0.000000 4.387862
F 6.581793 2.193931 2.193931
I 8.775724 0.000000 0.000000
K 10.969655 -2.193931 2.193931
N 13.163586 0.000000 4.387862
I 10.969655 2.193931 6.581793
W 8.775724 4.387862 4.387862


-48.868203	103201302301	1000110100101100011
13

I 0.000000 0.000000 0.000000
F 2.193931 2.193931 -2.193931
G 4.387862 0.000000 -4.387862
A 6.581793 -2.193931 -2.193931
I 8.775724 0.000000 0.000000
A 6.581793 2.193931 2.193931
G 4.387862 4.387862 0.000000
F 6.581793 6.581793 -2.193931
I 8.775724 4.387862 -4.387862
K 6.581793 2.193931 -6.581793
N 4.387862 4.387862 -8.775724
I 2.193931 6.581793 -6.581793
W 0.000000 4.387862 -4.387862


-48.855643	101301201301	1000101100100100101
13

I 0.000000 0.000000 0.000000
F 2.193931 2.193931 -2.193931
G 4.387862 0.000000 -4.387862
A 6.581793 -2.193931 -2.193931
I 4.387862 -4.387862 0.000000
A 2.193931 -2.193931 2.193931
G 4.387862 0.000000 4.387862
F 6.581793 2.193931 2.193931
I 8.775724 0.000000 0.000000
K 10.969655 -2.193931 2.193931
N 8.775724 -4.387862 4.387862
I 6.581793 -2.193931 6.581793
W 4.387862 -4.387862 8.775724


-48.855643	201301201301	0100101100100100101
13

I 0.000000 0.000000 0.000000
F 2.193931 2.193931 -2.193931
G 4.387862 0.000000 -4.387862
A 6.581793 -2.193931 -2.193931
I 4.387862 -4.387862 0.000000
A 2.193931 -2.193931 2.193931
G 4.387862 0.000000 4.387862
F 6.581793 2.193931 2.193931
I 8.775724 0.000000 0.000000
K 10.969655 -2.193931 2.193931
N 8.775724 -4.387862 4.387862
I 6.581793 -2.193931 6.581793
W 8.775724 0.000000 8.775724


-48.759661	303102101301	1100111000011000101
13

I 0.000000 0.000000 0.000000
F 2.193931 2.193931 -2.193931
G 4.387862 0.000000 -4.387862
A 6.581793 -2.193931 -2.193931
I 4.387862 -4.387862 0.000000
A 2.193931 -2.193931 2.193931
G 0.000000 -4.387862 4.387862
F -2.193931 -6.581793 2.193931
I 0.000000 -8.775724 0.000000
K 2.193931 -6.581793 -2.193931
N 0.000000 -4.387862 -4.387862
I -2.193931 -2.193931 -2.193931
W -4.387862 -0.000000 -4.387862


-48.755206	021030230301	0001100011000111001
13

I 0.000000 0.000000 0.000000
F 2.193931 2.193931 -2.193931
G 4.387862 0.000000 -4.387862
A 6.581793 -2.193931 -2.193931
I 8.775724 -4.387862 -4.387862
A 10.969655 -6.581793 -2.193931
G 13.163586 -4.387862 0.000000
F 10.969655 -2.193931 2.193931
I 8.775724 -0.000000 0.000000
K 6.581793 2.193931 2.193931
N 4.387862 -0.000000 4.387862
I 2.193931 -2.193931 2.193931
W 4.387862 -4.387862 0.000000


-48.755206	021010210301	0001100010000110001
13

I 0.000000 0.000000 0.000000
F 2.193931 2.193931 -2.193931
G 4.387862 0.000000 -4.387862
A 6.581793 -2.193931 -2.193931
I 8.775724 -4.387862 -4.387862
A 10.969655 -2.193931 -6.581793
G 13.163586 0.000000 -4.387862
F 10.969655 2.193931 -2.193931
I 8.775724 0.000000 -0.000000
K 6.581793 2.193931 2.193931
N 4.387862 0.000000 4.387862
I 2.193931 -2.193931 2.193931
W 4.387862 -4.387862 -0.000000


-48.736427	320301201301	1101001100100100101
13

I 0.000000 0.000000 0.000000
F 2.193931 2.193931 -2.193931
G 4.387862 0.000000 -4.387862
A 6.581793 -2.193931 -2.193931
I 4.387862 -4.387862 0.000000
A 2.193931 -2.193931 2.193931
G 4.387862 0.000000 4.387862
F 6.581793 2.193931 2.193931
I 8.775724 0.000000 0.000000
K 10.969655 -2.193931 2.193931
N 13.163586 -4.387862 0.000000
I 10.969655 -6.581793 -2.193931
W 8.775724 -4.387862 -4.387862


-48.736427	120101201301	1001001000100100101
13

I 0.000000 0.000000 0.000000
F 2.193931 2.193931 -2.193931
G 4.387862 0.000000 -4.387862
A 6.581793 -2.193931 -2.193931
I 4.387862 -4.387862 0.000000
A 2.193931 -2.193931 2.193931
G 4.387862 0.000000 4.387862
F 6.581793 2.193931 2.193931
I 8.775724 0.000000 0.000000
K 10.969655 2.193931 -2.193931
N 13.163586 0.000000 -4.387862
I 10.969655 -2.193931 -6.581793
W 8.775724 -4.387862 -4.387862


-48.631063	212032132301	0110010011011011011
13

I 0.000000 0.000000 0.000000
F 2.193931 2.193931 -2.193931
G 4.387862 0.000000 -4.387862
A 6.581793 -2.193931 -2.193931
I 8.775724 0.000000 0.000000
A 10.969655 -2.193931 2.193931
G 8.775724 -4.387862 4.387862
F 6.581793 -6.581793 2.193931
I 4.387862 -4.387862 0.000000
K 2.193931 -2.193931 2.193931
N 4.387862 -0.000000 4.387862
I 6.581793 2.193931 2.193931
W 8.775724 4.387862 4.387862


-48.631063	030132101301	0011001011011000101
13

I 0.000000 0.000000 0.000000
F 2.193931 2.193931 -2.193931
G 4.387862 0.000000 -4.387862
A 6.581793 -2.193931 -2.193931
I 4.387862 -4.387862 0.000000
A 2.193931 -2.193931 2.193931
G 0.000000 -4.387862 4.387862
F -2.193931 -6.581793 2.193931
I -4.387862 -4.387862 0.000000
K -2.193931 -2.193931 -2.193931
N 0.000000 -4.387862 -4.387862
I 2.193931 -6.581793 -2.193931
W 4.387862 -8.775724 -4.387862


-48.529786	013210302301	0010110110001100011
13

I 0.000000 0.000000 0.000000
F 2.193931 2.193931 -2.193931
G 4.387862 0.000000 -4.387862
A 6.581793 -2.193931 -2.193931
I 8.775724 0.000000 0.000000
A 6.581793 2.193931 2.193931
G 4.387862 4.387862 0.000000
F 2.193931 6.581793 2.193931
I 0.000000 4.387862 4.387862
K -2.193931 2.193931 2.193931
N -4.387862 4.387862 0.000000
I -2.193931 6.581793 -2.193931
W 0.000000 4.387862 -4.387862


-48.529786	013210102101	0010110110001000010
13

I 0.000000 0.000000 0.000000
F 2.193931 2.193931 -2.193931
G 4.387862 0.000000 -4.387862
A 6.581793 2.193931 -6.581793
I 8.775724 4.387862 -4.387862
A 6.581793 6.581793 -2.193931
G 4.387862 4.387862 -0.000000
F 2.193931 6.581793 2.193931
I 0.000000 4.387862 4.387862
K -2.193931 2.193931 2.193931
N -4.387862 4.387862 -0.000000
I -2.193931 6.581793 -2.193931
W 0.000000 4.387862 -4.387862


-48.529786	013010320301	0010110010001101001
13

I 0.000000 0.000000 0.000000
F 2.193931 2.193931 -2.193931
G 4.387862 0.000000 -4.387862
A 6.581793 -2.193931 -2.193931
I 8.775724 -4.387862 -4.387862
A 6.581793 -6.581793 -6.581793
G 4.387862 -4.387862 -8.775724
F 2.193931 -2.193931 -6.581793
I 0.000000 -4.387862 -4.387862
K -2.193931 -2.193931 -2.193931
N -4.387862 -0.000000 -4.387862
I -2.193931 2.193931 -6.581793
W 0.000000 -0.000000 -8.775724


-48.529786	013010120101	0010110010001001000
13

I 0.000000 0.000000 0.000000
F 2.193931 2.193931 -2.193931
G 4.387862 0.000000 -4.387862
A 6.581793 2.193931 -6.581793
I 8.775724 0.000000 -8.775724
A 6.581793 -2.193931 -10.969655
G 4.387862 -4.387862 -8.775724
F 2.193931 -2.193931 -6.581793
I 0.000000 -4.387862 -4.387862
K -2.193931 -2.193931 -2.193931
N -4.387862 0.000000 -4.387862
I -2.193931 2.193931 -6.581793
W 0.000000 0.000000 -8.775724


-48.529786	012010130101	0010010010001011000
13

I 0.000000 0.000000 0.000000
F 2.193931 2.193931 -2.193931
G 4.387862 0.000000 -4.387862
A 6.581793 2.193931 -6.581793
I 8.775724 0.000000 -8.775724
A 10.969655 -2.193931 -6.581793
G 8.775724 -4.387862 -4.387862
F 6.581793 -2.193931 -2.193931
I 4.387862 -4.387862 -0.000000
K 2.193931 -2.193931 2.193931
N 4.387862 0.000000 4.387862
I 6.581793 2.193931 2.193931
W 8.775724 0.000000 -0.000000


-48.529786	012310103101	0010011110001000110
13

I 0.000000 0.000000 0.000000
F 2.193931 2.193931 -2.193931
G 4.387862 0.000000 -4.387862
A 6.581793 2.193931 -6.581793
I 4.387862 4.387862 -8.775724
A 2.193931 6.581793 -6.581793
G 0.000000 4.387862 -4.387862
F -2.193931 6.581793 -2.193931
I -4.387862 4.387862 -0.000000
K -2.193931 2.193931 2.193931
N 0.000000 4.387862 4.387862
I 2.193931 6.581793 2.193931
W 4.387862 4.387862 -0.000000


-48.302788	210213201301	0110000110110100101
13

I 0.000000 0.000000 0.000000
F 2.193931 2.193931 -2.193931
G 4.387862 0.000000 -4.387862
A 6.581793 -2.193931 -2.193931
I 4.387862 -4.387862 0.000000
A 2.193931 -2.193931 2.193931
G 4.387862 0.000000 4.387862
F 6.581793 -2.193931 6.581793
I 4.387862 -4.387862 8.775724
K 2.193931 -6.581793 6.581793
N 4.387862 -8.775724 4.387862
I 6.581793 -6.581793 2.193931
W 8.775724 -4.387862 4.387862


