-65.490000	447107450305430
16

R 0.000000 0.000000 0.000000
H 2.193931 2.193931 -2.193931
Y 0.000000 0.000000 -4.387862
Y -2.193931 -2.193931 -2.193931
K -4.387862 0.000000 0.000000
F -2.193931 2.193931 -2.193931
N -4.387862 0.000000 -4.387862
S -2.193931 2.193931 -6.581793
T -4.387862 4.387862 -4.387862
G -6.581793 2.193931 -2.193931
R -4.387862 4.387862 -0.000000
H -2.193931 6.581793 -2.193931
Y -0.000000 4.387862 -4.387862
H 2.193931 6.581793 -2.193931
Y -0.000000 4.387862 -0.000000
Y -2.193931 2.193931 2.193931


-65.490000	447702430606430
16

R 0.000000 0.000000 0.000000
H 2.193931 2.193931 -2.193931
Y 0.000000 0.000000 -4.387862
Y -2.193931 -2.193931 -2.193931
K 0.000000 -4.387862 0.000000
F 2.193931 -2.193931 -2.193931
N 4.387862 -4.387862 0.000000
S 6.581793 -2.193931 -2.193931
T 4.387862 -4.387862 -4.387862
G 2.193931 -6.581793 -2.193931
R 0.000000 -4.387862 -4.387862
H 2.193931 -2.193931 -6.581793
Y 4.387862 -0.000000 -4.387862
H 6.581793 2.193931 -2.193931
Y 4.387862 -0.000000 -0.000000
Y 2.193931 -2.193931 2.193931


-65.490000	447207460306430
16

R 0.000000 0.000000 0.000000
H 2.193931 2.193931 -2.193931
Y 0.000000 0.000000 -4.387862
Y -2.193931 -2.193931 -2.193931
K 0.000000 -4.387862 0.000000
F 2.193931 -2.193931 -2.193931
N 0.000000 -4.387862 -4.387862
S 2.193931 -2.193931 -6.581793
T 4.387862 -4.387862 -4.387862
G 2.193931 -6.581793 -2.193931
R 4.387862 -4.387862 -0.000000
H 6.581793 -2.193931 -2.193931
Y 4.387862 -0.000000 -4.387862
H 6.581793 2.193931 -2.193931
Y 4.387862 -0.000000 -0.000000
Y 2.193931 -2.193931 2.193931


-65.490000	447701430505430
16

R 0.000000 0.000000 0.000000
H 2.193931 2.193931 -2.193931
Y 0.000000 0.000000 -4.387862
Y -2.193931 -2.193931 -2.193931
K -4.387862 0.000000 0.000000
F -2.193931 2.193931 -2.193931
N -4.387862 4.387862 0.000000
S -2.193931 6.581793 -2.193931
T -4.387862 4.387862 -4.387862
G -6.581793 2.193931 -2.193931
R -4.387862 0.000000 -4.387862
H -2.193931 2.193931 -6.581793
Y -0.000000 4.387862 -4.387862
H 2.193931 6.581793 -2.193931
Y -0.000000 4.387862 -0.000000
Y -2.193931 2.193931 2.193931


-65.400000	447701347205430
16

R 0.000000 0.000000 0.000000
H 2.193931 2.193931 -2.193931
Y 0.000000 0.000000 -4.387862
Y -2.193931 -2.193931 -2.193931
K -4.387862 0.000000 0.000000
F -2.193931 2.193931 -2.193931
N -4.387862 4.387862 -4.387862
S -2.193931 6.581793 -2.193931
T -4.387862 4.387862 0.000000
G -6.581793 2.193931 -2.193931
R -4.387862 0.000000 -4.387862
H -2.193931 2.193931 -6.581793
Y -0.000000 4.387862 -4.387862
H 2.193931 6.581793 -2.193931
Y -0.000000 4.387862 -0.000000
Y -2.193931 2.193931 2.193931


-65.400000	447107541205430
16

R 0.000000 0.000000 0.000000
H 2.193931 2.193931 -2.193931
Y 0.000000 0.000000 -4.387862
Y -2.193931 -2.193931 -2.193931
K -4.387862 0.000000 0.000000
F -2.193931 2.193931 -2.193931
N -4.387862 4.387862 -4.387862
S -2.193931 2.193931 -6.581793
T -4.387862 0.000000 -4.387862
G -6.581793 2.193931 -2.193931
R -4.387862 4.387862 -0.000000
H -2.193931 6.581793 -2.193931
Y -0.000000 4.387862 -4.387862
H 2.193931 6.581793 -2.193931
Y -0.000000 4.387862 -0.000000
Y -2.193931 2.193931 2.193931


-65.400000	447702347106430
16

R 0.000000 0.000000 0.000000
H 2.193931 2.193931 -2.193931
Y 0.000000 0.000000 -4.387862
Y -2.193931 -2.193931 -2.193931
K 0.000000 -4.387862 0.000000
F 2.193931 -2.193931 -2.193931
N 4.387862 -4.387862 -4.387862
S 6.581793 -2.193931 -2.193931
T 4.387862 -4.387862 0.000000
G 2.193931 -6.581793 -2.193931
R 0.000000 -4.387862 -4.387862
H 2.193931 -2.193931 -6.581793
Y 4.387862 -0.000000 -4.387862
H 6.581793 2.193931 -2.193931
Y 4.387862 -0.000000 -0.000000
Y 2.193931 -2.193931 2.193931


-65.400000	447207642106430
16

R 0.000000 0.000000 0.000000
H 2.193931 2.193931 -2.193931
Y 0.000000 0.000000 -4.387862
Y -2.193931 -2.193931 -2.193931
K 0.000000 -4.387862 0.000000
F 2.193931 -2.193931 -2.193931
N 4.387862 -4.387862 -4.387862
S 2.193931 -2.193931 -6.581793
T 0.000000 -4.387862 -4.387862
G 2.193931 -6.581793 -2.193931
R 4.387862 -4.387862 -0.000000
H 6.581793 -2.193931 -2.193931
Y 4.387862 -0.000000 -4.387862
H 6.581793 2.193931 -2.193931
Y 4.387862 -0.000000 -0.000000
Y 2.193931 -2.193931 2.193931


-65.340000	330570317471430
16

R 0.000000 0.000000 0.000000
H 2.193931 2.193931 -2.193931
Y 0.000000 0.000000 -4.387862
Y -2.193931 -2.193931 -2.193931
K 0.000000 -4.387862 -4.387862
F 2.193931 -2.193931 -2.193931
N 0.000000 -4.387862 0.000000
S 2.193931 -2.193931 2.193931
T 4.387862 -4.387862 0.000000
G 2.193931 -6.581793 -2.193931
R 4.387862 -4.387862 -4.387862
H 6.581793 -2.193931 -2.193931
Y 4.387862 -0.000000 0.000000
H 6.581793 2.193931 -2.193931
Y 4.387862 -0.000000 -4.387862
Y 2.193931 -2.193931 -6.581793


-65.340000	330670327472430
16

R 0.000000 0.000000 0.000000
H 2.193931 2.193931 -2.193931
Y 0.000000 0.000000 -4.387862
Y -2.193931 -2.193931 -2.193931
K -4.387862 0.000000 -4.387862
F -2.193931 2.193931 -2.193931
N -4.387862 0.000000 0.000000
S -2.193931 2.193931 2.193931
T -4.387862 4.387862 0.000000
G -6.581793 2.193931 -2.193931
R -4.387862 4.387862 -4.387862
H -2.193931 6.581793 -2.193931
Y -0.000000 4.387862 0.000000
H 2.193931 6.581793 -2.193931
Y -0.000000 4.387862 -4.387862
Y -2.193931 2.193931 -6.581793


-65.270000	427467206306430
16

R 0.000000 0.000000 0.000000
H 2.193931 2.193931 -2.193931
Y 0.000000 0.000000 -4.387862
Y -2.193931 -2.193931 -2.193931
K 0.000000 -4.387862 0.000000
F 2.193931 -2.193931 -2.193931
N 0.000000 -4.387862 -4.387862
S 2.193931 -6.581793 -2.193931
T 4.387862 -4.387862 -4.387862
G 2.193931 -2.193931 -6.581793
R 4.387862 -0.000000 -4.387862
H 6.581793 -2.193931 -2.193931
Y 4.387862 -4.387862 -0.000000
H 6.581793 -2.193931 2.193931
Y 4.387862 -0.000000 -0.000000
Y 2.193931 -2.193931 2.193931


-65.270000	536567206306430
16

R 0.000000 0.000000 0.000000
H 2.193931 2.193931 -2.193931
Y 0.000000 0.000000 -4.387862
Y -2.193931 -2.193931 -2.193931
K 0.000000 -4.387862 0.000000
F 2.193931 -2.193931 -2.193931
N 0.000000 -4.387862 -4.387862
S 2.193931 -6.581793 -2.193931
T 4.387862 -4.387862 -4.387862
G 2.193931 -2.193931 -6.581793
R 4.387862 -0.000000 -4.387862
H 6.581793 -2.193931 -2.193931
Y 4.387862 -0.000000 -0.000000
H 6.581793 -2.193931 2.193931
Y 4.387862 -4.387862 -0.000000
Y 2.193931 -2.193931 2.193931


-65.270000	635657105305430
16

R 0.000000 0.000000 0.000000
H 2.193931 2.193931 -2.193931
Y 0.000000 0.000000 -4.387862
Y -2.193931 -2.193931 -2.193931
K -4.387862 0.000000 0.000000
F -2.193931 2.193931 -2.193931
N -4.387862 0.000000 -4.387862
S -6.581793 2.193931 -2.193931
T -4.387862 4.387862 -4.387862
G -2.193931 2.193931 -6.581793
R -0.000000 4.387862 -4.387862
H -2.193931 6.581793 -2.193931
Y -0.000000 4.387862 -0.000000
H -2.193931 6.581793 2.193931
Y -4.387862 4.387862 -0.000000
Y -2.193931 2.193931 2.193931


-65.270000	417457105305430
16

R 0.000000 0.000000 0.000000
H 2.193931 2.193931 -2.193931
Y 0.000000 0.000000 -4.387862
Y -2.193931 -2.193931 -2.193931
K -4.387862 0.000000 0.000000
F -2.193931 2.193931 -2.193931
N -4.387862 0.000000 -4.387862
S -6.581793 2.193931 -2.193931
T -4.387862 4.387862 -4.387862
G -2.193931 2.193931 -6.581793
R -0.000000 4.387862 -4.387862
H -2.193931 6.581793 -2.193931
Y -4.387862 4.387862 -0.000000
H -2.193931 6.581793 2.193931
Y -0.000000 4.387862 -0.000000
Y -2.193931 2.193931 2.193931


-65.250000	330570135671430
16

R 0.000000 0.000000 0.000000
H 2.193931 2.193931 -2.193931
Y 0.000000 0.000000 -4.387862
Y -2.193931 -2.193931 -2.193931
K 0.000000 -4.387862 -4.387862
F 2.193931 -2.193931 -2.193931
N 4.387862 -4.387862 0.000000
S 2.193931 -2.193931 2.193931
T 0.000000 -4.387862 0.000000
G 2.193931 -6.581793 -2.193931
R 4.387862 -4.387862 -4.387862
H 6.581793 -2.193931 -2.193931
Y 4.387862 -0.000000 0.000000
H 6.581793 2.193931 -2.193931
Y 4.387862 -0.000000 -4.387862
Y 2.193931 -2.193931 -6.581793


-65.250000	330670236572430
16

R 0.000000 0.000000 0.000000
H 2.193931 2.193931 -2.193931
Y 0.000000 0.000000 -4.387862
Y -2.193931 -2.193931 -2.193931
K -4.387862 0.000000 -4.387862
F -2.193931 2.193931 -2.193931
N -4.387862 4.387862 0.000000
S -2.193931 2.193931 2.193931
T -4.387862 0.000000 0.000000
G -6.581793 2.193931 -2.193931
R -4.387862 4.387862 -4.387862
H -2.193931 6.581793 -2.193931
Y -0.000000 4.387862 0.000000
H 2.193931 6.581793 -2.193931
Y -0.000000 4.387862 -4.387862
Y -2.193931 2.193931 -6.581793


-65.240000	447175013505430
16

R 0.000000 0.000000 0.000000
H 2.193931 2.193931 -2.193931
Y 0.000000 0.000000 -4.387862
Y -2.193931 -2.193931 -2.193931
K -4.387862 0.000000 0.000000
F -2.193931 2.193931 -2.193931
N -4.387862 4.387862 0.000000
S -6.581793 2.193931 -2.193931
T -4.387862 0.000000 -4.387862
G -2.193931 2.193931 -6.581793
R -4.387862 4.387862 -4.387862
H -2.193931 6.581793 -2.193931
Y -0.000000 4.387862 -4.387862
H 2.193931 6.581793 -2.193931
Y -0.000000 4.387862 -0.000000
Y -2.193931 2.193931 2.193931


-65.240000	447723076306430
16

R 0.000000 0.000000 0.000000
H 2.193931 2.193931 -2.193931
Y 0.000000 0.000000 -4.387862
Y -2.193931 -2.193931 -2.193931
K 0.000000 -4.387862 0.000000
F 2.193931 -2.193931 -2.193931
N 0.000000 -4.387862 -4.387862
S 2.193931 -6.581793 -2.193931
T 4.387862 -4.387862 0.000000
G 6.581793 -2.193931 -2.193931
R 4.387862 -4.387862 -4.387862
H 2.193931 -2.193931 -6.581793
Y 4.387862 -0.000000 -4.387862
H 6.581793 2.193931 -2.193931
Y 4.387862 -0.000000 -0.000000
Y 2.193931 -2.193931 2.193931


-65.240000	447713075305430
16

R 0.000000 0.000000 0.000000
H 2.193931 2.193931 -2.193931
Y 0.000000 0.000000 -4.387862
Y -2.193931 -2.193931 -2.193931
K -4.387862 0.000000 0.000000
F -2.193931 2.193931 -2.193931
N -4.387862 0.000000 -4.387862
S -6.581793 2.193931 -2.193931
T -4.387862 4.387862 0.000000
G -2.193931 6.581793 -2.193931
R -4.387862 4.387862 -4.387862
H -2.193931 2.193931 -6.581793
Y -0.000000 4.387862 -4.387862
H 2.193931 6.581793 -2.193931
Y -0.000000 4.387862 -0.000000
Y -2.193931 2.193931 2.193931


-65.240000	447276023606430
16

R 0.000000 0.000000 0.000000
H 2.193931 2.193931 -2.193931
Y 0.000000 0.000000 -4.387862
Y -2.193931 -2.193931 -2.193931
K 0.000000 -4.387862 0.000000
F 2.193931 -2.193931 -2.193931
N 4.387862 -4.387862 0.000000
S 2.193931 -6.581793 -2.193931
T 0.000000 -4.387862 -4.387862
G 2.193931 -2.193931 -6.581793
R 4.387862 -4.387862 -4.387862
H 6.581793 -2.193931 -2.193931
Y 4.387862 -0.000000 -4.387862
H 6.581793 2.193931 -2.193931
Y 4.387862 -0.000000 -0.000000
Y 2.193931 -2.193931 2.193931


-65.180000	635657014205430
16

R 0.000000 0.000000 0.000000
H 2.193931 2.193931 -2.193931
Y 0.000000 0.000000 -4.387862
Y -2.193931 -2.193931 -2.193931
K -4.387862 0.000000 0.000000
F -2.193931 2.193931 -2.193931
N -4.387862 4.387862 -4.387862
S -6.581793 2.193931 -2.193931
T -4.387862 0.000000 -4.387862
G -2.193931 2.193931 -6.581793
R -0.000000 4.387862 -4.387862
H -2.193931 6.581793 -2.193931
Y -0.000000 4.387862 -0.000000
H -2.193931 6.581793 2.193931
Y -4.387862 4.387862 -0.000000
Y -2.193931 2.193931 2.193931


-65.180000	427467024106430
16

R 0.000000 0.000000 0.000000
H 2.193931 2.193931 -2.193931
Y 0.000000 0.000000 -4.387862
Y -2.193931 -2.193931 -2.193931
K 0.000000 -4.387862 0.000000
F 2.193931 -2.193931 -2.193931
N 4.387862 -4.387862 -4.387862
S 2.193931 -6.581793 -2.193931
T 0.000000 -4.387862 -4.387862
G 2.193931 -2.193931 -6.581793
R 4.387862 -0.000000 -4.387862
H 6.581793 -2.193931 -2.193931
Y 4.387862 -4.387862 -0.000000
H 6.581793 -2.193931 2.193931
Y 4.387862 -0.000000 -0.000000
Y 2.193931 -2.193931 2.193931


-65.180000	417457014205430
16

R 0.000000 0.000000 0.000000
H 2.193931 2.193931 -2.193931
Y 0.000000 0.000000 -4.387862
Y -2.193931 -2.193931 -2.193931
K -4.387862 0.000000 0.000000
F -2.193931 2.193931 -2.193931
N -4.387862 4.387862 -4.387862
S -6.581793 2.193931 -2.193931
T -4.387862 0.000000 -4.387862
G -2.193931 2.193931 -6.581793
R -0.000000 4.387862 -4.387862
H -2.193931 6.581793 -2.193931
Y -4.387862 4.387862 -0.000000
H -2.193931 6.581793 2.193931
Y -0.000000 4.387862 -0.000000
Y -2.193931 2.193931 2.193931


-65.180000	536567024106430
16

R 0.000000 0.000000 0.000000
H 2.193931 2.193931 -2.193931
Y 0.000000 0.000000 -4.387862
Y -2.193931 -2.193931 -2.193931
K 0.000000 -4.387862 0.000000
F 2.193931 -2.193931 -2.193931
N 4.387862 -4.387862 -4.387862
S 2.193931 -6.581793 -2.193931
T 0.000000 -4.387862 -4.387862
G 2.193931 -2.193931 -6.581793
R 4.387862 -0.000000 -4.387862
H 6.581793 -2.193931 -2.193931
Y 4.387862 -0.000000 -0.000000
H 6.581793 -2.193931 2.193931
Y 4.387862 -4.387862 -0.000000
Y 2.193931 -2.193931 2.193931


-65.150000	417754135005430
16

R 0.000000 0.000000 0.000000
H 2.193931 2.193931 -2.193931
Y 0.000000 0.000000 -4.387862
Y -2.193931 -2.193931 -2.193931
K -4.387862 0.000000 0.000000
F -2.193931 2.193931 -2.193931
N 0.000000 4.387862 -4.387862
S -2.193931 6.581793 -2.193931
T -4.387862 4.387862 -4.387862
G -2.193931 2.193931 -6.581793
R -4.387862 0.000000 -4.387862
H -6.581793 2.193931 -2.193931
Y -4.387862 4.387862 -0.000000
H -2.193931 6.581793 2.193931
Y -0.000000 4.387862 -0.000000
Y -2.193931 2.193931 2.193931


-65.150000	417754317205430
16

R 0.000000 0.000000 0.000000
H 2.193931 2.193931 -2.193931
Y 0.000000 0.000000 -4.387862
Y -2.193931 -2.193931 -2.193931
K -4.387862 0.000000 0.000000
F -2.193931 2.193931 -2.193931
N -4.387862 4.387862 -4.387862
S -2.193931 6.581793 -2.193931
T 0.000000 4.387862 -4.387862
G -2.193931 2.193931 -6.581793
R -4.387862 0.000000 -4.387862
H -6.581793 2.193931 -2.193931
Y -4.387862 4.387862 -0.000000
H -2.193931 6.581793 2.193931
Y -0.000000 4.387862 -0.000000
Y -2.193931 2.193931 2.193931


-65.150000	427764327106430
16

R 0.000000 0.000000 0.000000
H 2.193931 2.193931 -2.193931
Y 0.000000 0.000000 -4.387862
Y -2.193931 -2.193931 -2.193931
K 0.000000 -4.387862 0.000000
F 2.193931 -2.193931 -2.193931
N 4.387862 -4.387862 -4.387862
S 6.581793 -2.193931 -2.193931
T 4.387862 0.000000 -4.387862
G 2.193931 -2.193931 -6.581793
R 0.000000 -4.387862 -4.387862
H 2.193931 -6.581793 -2.193931
Y 4.387862 -4.387862 -0.000000
H 6.581793 -2.193931 2.193931
Y 4.387862 -0.000000 -0.000000
Y 2.193931 -2.193931 2.193931


-65.150000	427764236006430
16

R 0.000000 0.000000 0.000000
H 2.193931 2.193931 -2.193931
Y 0.000000 0.000000 -4.387862
Y -2.193931 -2.193931 -2.193931
K 0.000000 -4.387862 0.000000
F 2.193931 -2.193931 -2.193931
N 4.387862 0.000000 -4.387862
S 6.581793 -2.193931 -2.193931
T 4.387862 -4.387862 -4.387862
G 2.193931 -2.193931 -6.581793
R 0.000000 -4.387862 -4.387862
H 2.193931 -6.581793 -2.193931
Y 4.387862 -4.387862 -0.000000
H 6.581793 -2.193931 2.193931
Y 4.387862 -0.000000 -0.000000
Y 2.193931 -2.193931 2.193931


-65.140000	330076347272430
16

R 0.000000 0.000000 0.000000
H 2.193931 2.193931 -2.193931
Y 0.000000 0.000000 -4.387862
Y -2.193931 -2.193931 -2.193931
K -4.387862 0.000000 -4.387862
F -2.193931 2.193931 -2.193931
N -4.387862 4.387862 -4.387862
S -2.193931 6.581793 -2.193931
T -4.387862 4.387862 0.000000
G -6.581793 2.193931 -2.193931
R -4.387862 0.000000 0.000000
H -2.193931 2.193931 2.193931
Y -0.000000 4.387862 0.000000
H 2.193931 6.581793 -2.193931
Y -0.000000 4.387862 -4.387862
Y -2.193931 2.193931 -6.581793


-65.140000	330075347171430
16

R 0.000000 0.000000 0.000000
H 2.193931 2.193931 -2.193931
Y 0.000000 0.000000 -4.387862
Y -2.193931 -2.193931 -2.193931
K 0.000000 -4.387862 -4.387862
F 2.193931 -2.193931 -2.193931
N 4.387862 -4.387862 -4.387862
S 6.581793 -2.193931 -2.193931
T 4.387862 -4.387862 0.000000
G 2.193931 -6.581793 -2.193931
R 0.000000 -4.387862 0.000000
H 2.193931 -2.193931 2.193931
Y 4.387862 -0.000000 0.000000
H 6.581793 2.193931 -2.193931
Y 4.387862 -0.000000 -4.387862
Y 2.193931 -2.193931 -6.581793


-65.120000	472431206505430
16

R 0.000000 0.000000 0.000000
H 2.193931 2.193931 -2.193931
Y 0.000000 0.000000 -4.387862
Y -2.193931 -2.193931 -2.193931
K -4.387862 0.000000 0.000000
F -2.193931 2.193931 -2.193931
N -4.387862 4.387862 0.000000
S -2.193931 2.193931 2.193931
T 0.000000 4.387862 0.000000
G -2.193931 6.581793 -2.193931
R 0.000000 4.387862 -4.387862
H -2.193931 2.193931 -6.581793
Y -4.387862 0.000000 -4.387862
H -6.581793 2.193931 -6.581793
Y -4.387862 4.387862 -4.387862
Y -6.581793 2.193931 -2.193931


-65.120000	471432105606430
16

R 0.000000 0.000000 0.000000
H 2.193931 2.193931 -2.193931
Y 0.000000 0.000000 -4.387862
Y -2.193931 -2.193931 -2.193931
K 0.000000 -4.387862 0.000000
F 2.193931 -2.193931 -2.193931
N 4.387862 -4.387862 0.000000
S 2.193931 -2.193931 2.193931
T 4.387862 0.000000 0.000000
G 6.581793 -2.193931 -2.193931
R 4.387862 0.000000 -4.387862
H 2.193931 -2.193931 -6.581793
Y 0.000000 -4.387862 -4.387862
H 2.193931 -6.581793 -6.581793
Y 4.387862 -4.387862 -4.387862
Y 2.193931 -6.581793 -2.193931


-65.120000	563531206505430
16

R 0.000000 0.000000 0.000000
H 2.193931 2.193931 -2.193931
Y 0.000000 0.000000 -4.387862
Y -2.193931 -2.193931 -2.193931
K -4.387862 0.000000 0.000000
F -2.193931 2.193931 -2.193931
N -4.387862 4.387862 0.000000
S -2.193931 2.193931 2.193931
T 0.000000 4.387862 0.000000
G -2.193931 6.581793 -2.193931
R 0.000000 4.387862 -4.387862
H -2.193931 2.193931 -6.581793
Y -4.387862 4.387862 -4.387862
H -6.581793 2.193931 -6.581793
Y -4.387862 0.000000 -4.387862
Y -6.581793 2.193931 -2.193931


-65.120000	653632105606430
16

R 0.000000 0.000000 0.000000
H 2.193931 2.193931 -2.193931
Y 0.000000 0.000000 -4.387862
Y -2.193931 -2.193931 -2.193931
K 0.000000 -4.387862 0.000000
F 2.193931 -2.193931 -2.193931
N 4.387862 -4.387862 0.000000
S 2.193931 -2.193931 2.193931
T 4.387862 0.000000 0.000000
G 6.581793 -2.193931 -2.193931
R 4.387862 0.000000 -4.387862
H 2.193931 -2.193931 -6.581793
Y 4.387862 -4.387862 -4.387862
H 2.193931 -6.581793 -6.581793
Y 0.000000 -4.387862 -4.387862
Y 2.193931 -6.581793 -2.193931


-65.080000	427470643006430
16

R 0.000000 0.000000 0.000000
H 2.193931 2.193931 -2.193931
Y 0.000000 0.000000 -4.387862
Y -2.193931 -2.193931 -2.193931
K 0.000000 -4.387862 0.000000
F 2.193931 -2.193931 -2.193931
N 4.387862 0.000000 -4.387862
S 2.193931 -2.193931 -6.581793
T 0.000000 -4.387862 -4.387862
G 2.193931 -6.581793 -2.193931
R 4.387862 -4.387862 -4.387862
H 6.581793 -2.193931 -2.193931
Y 4.387862 -4.387862 -0.000000
H 6.581793 -2.193931 2.193931
Y 4.387862 -0.000000 -0.000000
Y 2.193931 -2.193931 2.193931


-65.080000	536570643006430
16

R 0.000000 0.000000 0.000000
H 2.193931 2.193931 -2.193931
Y 0.000000 0.000000 -4.387862
Y -2.193931 -2.193931 -2.193931
K 0.000000 -4.387862 0.000000
F 2.193931 -2.193931 -2.193931
N 4.387862 0.000000 -4.387862
S 2.193931 -2.193931 -6.581793
T 0.000000 -4.387862 -4.387862
G 2.193931 -6.581793 -2.193931
R 4.387862 -4.387862 -4.387862
H 6.581793 -2.193931 -2.193931
Y 4.387862 -0.000000 -0.000000
H 6.581793 -2.193931 2.193931
Y 4.387862 -4.387862 -0.000000
Y 2.193931 -2.193931 2.193931


-65.080000	635670543005430
16

R 0.000000 0.000000 0.000000
H 2.193931 2.193931 -2.193931
Y 0.000000 0.000000 -4.387862
Y -2.193931 -2.193931 -2.193931
K -4.387862 0.000000 0.000000
F -2.193931 2.193931 -2.193931
N 0.000000 4.387862 -4.387862
S -2.193931 2.193931 -6.581793
T -4.387862 0.000000 -4.387862
G -6.581793 2.193931 -2.193931
R -4.387862 4.387862 -4.387862
H -2.193931 6.581793 -2.193931
Y -0.000000 4.387862 -0.000000
H -2.193931 6.581793 2.193931
Y -4.387862 4.387862 -0.000000
Y -2.193931 2.193931 2.193931


-65.080000	417470543005430
16

R 0.000000 0.000000 0.000000
H 2.193931 2.193931 -2.193931
Y 0.000000 0.000000 -4.387862
Y -2.193931 -2.193931 -2.193931
K -4.387862 0.000000 0.000000
F -2.193931 2.193931 -2.193931
N 0.000000 4.387862 -4.387862
S -2.193931 2.193931 -6.581793
T -4.387862 0.000000 -4.387862
G -6.581793 2.193931 -2.193931
R -4.387862 4.387862 -4.387862
H -2.193931 6.581793 -2.193931
Y -4.387862 4.387862 -0.000000
H -2.193931 6.581793 2.193931
Y -0.000000 4.387862 -0.000000
Y -2.193931 2.193931 2.193931


-65.050000	330075430671430
16

R 0.000000 0.000000 0.000000
H 2.193931 2.193931 -2.193931
Y 0.000000 0.000000 -4.387862
Y -2.193931 -2.193931 -2.193931
K 0.000000 -4.387862 -4.387862
F 2.193931 -2.193931 -2.193931
N 4.387862 -4.387862 0.000000
S 6.581793 -2.193931 -2.193931
T 4.387862 -4.387862 -4.387862
G 2.193931 -6.581793 -2.193931
R 0.000000 -4.387862 0.000000
H 2.193931 -2.193931 2.193931
Y 4.387862 -0.000000 0.000000
H 6.581793 2.193931 -2.193931
Y 4.387862 -0.000000 -4.387862
Y 2.193931 -2.193931 -6.581793


-65.050000	330076430572430
16

R 0.000000 0.000000 0.000000
H 2.193931 2.193931 -2.193931
Y 0.000000 0.000000 -4.387862
Y -2.193931 -2.193931 -2.193931
K -4.387862 0.000000 -4.387862
F -2.193931 2.193931 -2.193931
N -4.387862 4.387862 0.000000
S -2.193931 6.581793 -2.193931
T -4.387862 4.387862 -4.387862
G -6.581793 2.193931 -2.193931
R -4.387862 0.000000 0.000000
H -2.193931 2.193931 2.193931
Y -0.000000 4.387862 0.000000
H 2.193931 6.581793 -2.193931
Y -0.000000 4.387862 -4.387862
Y -2.193931 2.193931 -6.581793


-65.030000	471432014706430
16

R 0.000000 0.000000 0.000000
H 2.193931 2.193931 -2.193931
Y 0.000000 0.000000 -4.387862
Y -2.193931 -2.193931 -2.193931
K 0.000000 -4.387862 0.000000
F 2.193931 -2.193931 -2.193931
N 4.387862 0.000000 0.000000
S 2.193931 -2.193931 2.193931
T 4.387862 -4.387862 0.000000
G 6.581793 -2.193931 -2.193931
R 4.387862 0.000000 -4.387862
H 2.193931 -2.193931 -6.581793
Y 0.000000 -4.387862 -4.387862
H 2.193931 -6.581793 -6.581793
Y 4.387862 -4.387862 -4.387862
Y 2.193931 -6.581793 -2.193931


-65.030000	563531024705430
16

R 0.000000 0.000000 0.000000
H 2.193931 2.193931 -2.193931
Y 0.000000 0.000000 -4.387862
Y -2.193931 -2.193931 -2.193931
K -4.387862 0.000000 0.000000
F -2.193931 2.193931 -2.193931
N 0.000000 4.387862 0.000000
S -2.193931 2.193931 2.193931
T -4.387862 4.387862 0.000000
G -2.193931 6.581793 -2.193931
R 0.000000 4.387862 -4.387862
H -2.193931 2.193931 -6.581793
Y -4.387862 4.387862 -4.387862
H -6.581793 2.193931 -6.581793
Y -4.387862 0.000000 -4.387862
Y -6.581793 2.193931 -2.193931


-65.030000	472431024705430
16

R 0.000000 0.000000 0.000000
H 2.193931 2.193931 -2.193931
Y 0.000000 0.000000 -4.387862
Y -2.193931 -2.193931 -2.193931
K -4.387862 0.000000 0.000000
F -2.193931 2.193931 -2.193931
N 0.000000 4.387862 0.000000
S -2.193931 2.193931 2.193931
T -4.387862 4.387862 0.000000
G -2.193931 6.581793 -2.193931
R 0.000000 4.387862 -4.387862
H -2.193931 2.193931 -6.581793
Y -4.387862 0.000000 -4.387862
H -6.581793 2.193931 -6.581793
Y -4.387862 4.387862 -4.387862
Y -6.581793 2.193931 -2.193931


-65.030000	653632014706430
16

R 0.000000 0.000000 0.000000
H 2.193931 2.193931 -2.193931
Y 0.000000 0.000000 -4.387862
Y -2.193931 -2.193931 -2.193931
K 0.000000 -4.387862 0.000000
F 2.193931 -2.193931 -2.193931
N 4.387862 0.000000 0.000000
S 2.193931 -2.193931 2.193931
T 4.387862 -4.387862 0.000000
G 6.581793 -2.193931 -2.193931
R 4.387862 0.000000 -4.387862
H 2.193931 -2.193931 -6.581793
Y 4.387862 -4.387862 -4.387862
H 2.193931 -6.581793 -6.581793
Y 0.000000 -4.387862 -4.387862
Y 2.193931 -6.581793 -2.193931


-65.010000	665054312705430
16

R 0.000000 0.000000 0.000000
H 2.193931 2.193931 -2.193931
Y 0.000000 0.000000 -4.387862
Y -2.193931 -2.193931 -2.193931
K -4.387862 0.000000 0.000000
F -2.193931 2.193931 -2.193931
N 0.000000 4.387862 0.000000
S -2.193931 6.581793 -2.193931
T 0.000000 4.387862 -4.387862
G -2.193931 2.193931 -6.581793
R -4.387862 0.000000 -4.387862
H -6.581793 2.193931 -2.193931
Y -4.387862 4.387862 -4.387862
H -6.581793 6.581793 -2.193931
Y -4.387862 4.387862 -0.000000
Y -2.193931 2.193931 2.193931


-65.010000	556064321706430
16

R 0.000000 0.000000 0.000000
H 2.193931 2.193931 -2.193931
Y 0.000000 0.000000 -4.387862
Y -2.193931 -2.193931 -2.193931
K 0.000000 -4.387862 0.000000
F 2.193931 -2.193931 -2.193931
N 4.387862 0.000000 0.000000
S 6.581793 -2.193931 -2.193931
T 4.387862 0.000000 -4.387862
G 2.193931 -2.193931 -6.581793
R 0.000000 -4.387862 -4.387862
H 2.193931 -6.581793 -2.193931
Y 4.387862 -4.387862 -4.387862
H 6.581793 -6.581793 -2.193931
Y 4.387862 -4.387862 -0.000000
Y 2.193931 -2.193931 2.193931


-65.000000	274243105665310
16

R 0.000000 0.000000 0.000000
H 2.193931 2.193931 -2.193931
Y 4.387862 0.000000 -4.387862
Y 2.193931 -2.193931 -6.581793
K 0.000000 0.000000 -4.387862
F 2.193931 -2.193931 -2.193931
N 4.387862 -4.387862 -0.000000
S 2.193931 -2.193931 2.193931
T 4.387862 0.000000 -0.000000
G 6.581793 -2.193931 -2.193931
R 4.387862 -4.387862 -4.387862
H 2.193931 -6.581793 -2.193931
Y 0.000000 -4.387862 -4.387862
H -2.193931 -6.581793 -2.193931
Y 0.000000 -4.387862 -0.000000
Y -2.193931 -2.193931 -2.193931


-65.000000	274243014765310
16

R 0.000000 0.000000 0.000000
H 2.193931 2.193931 -2.193931
Y 4.387862 0.000000 -4.387862
Y 2.193931 -2.193931 -6.581793
K 0.000000 0.000000 -4.387862
F 2.193931 -2.193931 -2.193931
N 4.387862 0.000000 -0.000000
S 2.193931 -2.193931 2.193931
T 4.387862 -4.387862 -0.000000
G 6.581793 -2.193931 -2.193931
R 4.387862 -4.387862 -4.387862
H 2.193931 -6.581793 -2.193931
Y 0.000000 -4.387862 -4.387862
H -2.193931 -6.581793 -2.193931
Y 0.000000 -4.387862 -0.000000
Y -2.193931 -2.193931 -2.193931


-65.000000	724746014235610
16

R 0.000000 0.000000 0.000000
H 2.193931 2.193931 -2.193931
Y 4.387862 0.000000 -4.387862
Y 6.581793 -2.193931 -2.193931
K 4.387862 0.000000 0.000000
F 2.193931 -2.193931 -2.193931
N 0.000000 0.000000 -4.387862
S -2.193931 -2.193931 -2.193931
T 0.000000 -4.387862 -4.387862
G 2.193931 -2.193931 -6.581793
R 4.387862 -4.387862 -4.387862
H 2.193931 -6.581793 -2.193931
Y 4.387862 -4.387862 -0.000000
H 2.193931 -6.581793 2.193931
Y 0.000000 -4.387862 -0.000000
Y 2.193931 -2.193931 2.193931


-65.000000	503543105665310
16

R 0.000000 0.000000 0.000000
H 2.193931 2.193931 -2.193931
Y 4.387862 0.000000 -4.387862
Y 2.193931 -2.193931 -6.581793
K 0.000000 0.000000 -4.387862
F 2.193931 -2.193931 -2.193931
N 4.387862 -4.387862 -0.000000
S 2.193931 -2.193931 2.193931
T 4.387862 0.000000 -0.000000
G 6.581793 -2.193931 -2.193931
R 4.387862 -4.387862 -4.387862
H 2.193931 -6.581793 -2.193931
Y 0.000000 -4.387862 -0.000000
H -2.193931 -6.581793 -2.193931
Y 0.000000 -4.387862 -4.387862
Y -2.193931 -2.193931 -2.193931


