-19.370000	472430
7

A 0.000000 0.000000 0.000000
P 2.193931 2.193931 -2.193931
R 0.000000 0.000000 -4.387862
L -2.193931 -2.193931 -2.193931
R -4.387862 0.000000 -4.387862
F -2.193931 2.193931 -2.193931
Y -4.387862 0.000000 0.000000


-19.370000	653630
7

A 0.000000 0.000000 0.000000
P 2.193931 2.193931 -2.193931
R 0.000000 0.000000 -4.387862
L 2.193931 -2.193931 -2.193931
R 0.000000 -4.387862 -4.387862
F -2.193931 -2.193931 -2.193931
Y 0.000000 -4.387862 0.000000


-19.370000	124630
7

A 0.000000 0.000000 0.000000
P 2.193931 2.193931 -2.193931
R 0.000000 0.000000 -4.387862
L 2.193931 -2.193931 -2.193931
R 0.000000 -4.387862 0.000000
F -2.193931 -2.193931 -2.193931
Y 0.000000 -4.387862 -4.387862


-19.370000	563530
7

A 0.000000 0.000000 0.000000
P 2.193931 2.193931 -2.193931
R 0.000000 0.000000 -4.387862
L -2.193931 2.193931 -2.193931
R -4.387862 0.000000 -4.387862
F -2.193931 -2.193931 -2.193931
Y -4.387862 0.000000 0.000000


-19.370000	214530
7

A 0.000000 0.000000 0.000000
P 2.193931 2.193931 -2.193931
R 0.000000 0.000000 -4.387862
L -2.193931 2.193931 -2.193931
R -4.387862 0.000000 0.000000
F -2.193931 -2.193931 -2.193931
Y -4.387862 0.000000 -4.387862


-19.370000	305430
7

A 0.000000 0.000000 0.000000
P 2.193931 2.193931 -2.193931
R 0.000000 0.000000 -4.387862
L -2.193931 -2.193931 -2.193931
R -4.387862 0.000000 0.000000
F -2.193931 2.193931 -2.193931
Y -4.387862 0.000000 -4.387862


-19.370000	306430
7

A 0.000000 0.000000 0.000000
P 2.193931 2.193931 -2.193931
R 0.000000 0.000000 -4.387862
L -2.193931 -2.193931 -2.193931
R 0.000000 -4.387862 0.000000
F 2.193931 -2.193931 -2.193931
Y 0.000000 -4.387862 -4.387862


-19.370000	471430
7

A 0.000000 0.000000 0.000000
P 2.193931 2.193931 -2.193931
R 0.000000 0.000000 -4.387862
L -2.193931 -2.193931 -2.193931
R 0.000000 -4.387862 -4.387862
F 2.193931 -2.193931 -2.193931
Y 0.000000 -4.387862 0.000000


-18.580000	074630
7

A 0.000000 0.000000 0.000000
P 2.193931 2.193931 -2.193931
R 0.000000 0.000000 -4.387862
L 2.193931 -2.193931 -2.193931
R 0.000000 -4.387862 0.000000
F 2.193931 -2.193931 2.193931
Y 4.387862 0.000000 0.000000


-18.580000	074530
7

A 0.000000 0.000000 0.000000
P 2.193931 2.193931 -2.193931
R 0.000000 0.000000 -4.387862
L -2.193931 2.193931 -2.193931
R -4.387862 0.000000 0.000000
F -2.193931 2.193931 2.193931
Y 0.000000 4.387862 0.000000


-18.580000	074410
7

A 0.000000 0.000000 0.000000
P 2.193931 2.193931 -2.193931
R 4.387862 0.000000 -4.387862
L 2.193931 -2.193931 -2.193931
R 0.000000 -4.387862 0.000000
F 2.193931 -2.193931 2.193931
Y 4.387862 0.000000 0.000000


-18.580000	065530
7

A 0.000000 0.000000 0.000000
P 2.193931 2.193931 -2.193931
R 0.000000 0.000000 -4.387862
L -2.193931 2.193931 -2.193931
R -4.387862 4.387862 0.000000
F -2.193931 2.193931 2.193931
Y 0.000000 4.387862 0.000000


-18.580000	024410
7

A 0.000000 0.000000 0.000000
P 2.193931 2.193931 -2.193931
R 4.387862 0.000000 -4.387862
L 2.193931 -2.193931 -2.193931
R 0.000000 -4.387862 0.000000
F -2.193931 -2.193931 -2.193931
Y 0.000000 0.000000 -4.387862


-18.580000	056630
7

A 0.000000 0.000000 0.000000
P 2.193931 2.193931 -2.193931
R 0.000000 0.000000 -4.387862
L 2.193931 -2.193931 -2.193931
R 4.387862 -4.387862 0.000000
F 2.193931 -2.193931 2.193931
Y 4.387862 0.000000 0.000000


-18.580000	056410
7

A 0.000000 0.000000 0.000000
P 2.193931 2.193931 -2.193931
R 4.387862 0.000000 -4.387862
L 2.193931 -2.193931 -2.193931
R 4.387862 -4.387862 0.000000
F 2.193931 -2.193931 2.193931
Y 4.387862 0.000000 0.000000


-18.580000	053410
7

A 0.000000 0.000000 0.000000
P 2.193931 2.193931 -2.193931
R 4.387862 0.000000 -4.387862
L 2.193931 -2.193931 -2.193931
R 0.000000 -4.387862 -4.387862
F -2.193931 -2.193931 -2.193931
Y 0.000000 0.000000 -4.387862


-17.750000	503410
7

A 0.000000 0.000000 0.000000
P 2.193931 2.193931 -2.193931
R 4.387862 0.000000 -4.387862
L 2.193931 -2.193931 -2.193931
R 0.000000 -4.387862 -4.387862
F 2.193931 -2.193931 -6.581793
Y 0.000000 0.000000 -4.387862


-17.750000	721630
7

A 0.000000 0.000000 0.000000
P 2.193931 2.193931 -2.193931
R 0.000000 0.000000 -4.387862
L 2.193931 -2.193931 -2.193931
R 4.387862 -4.387862 -4.387862
F 2.193931 -2.193931 -6.581793
Y 4.387862 0.000000 -4.387862


-17.750000	712530
7

A 0.000000 0.000000 0.000000
P 2.193931 2.193931 -2.193931
R 0.000000 0.000000 -4.387862
L -2.193931 2.193931 -2.193931
R -4.387862 4.387862 -4.387862
F -2.193931 2.193931 -6.581793
Y 0.000000 4.387862 -4.387862


-17.750000	703630
7

A 0.000000 0.000000 0.000000
P 2.193931 2.193931 -2.193931
R 0.000000 0.000000 -4.387862
L 2.193931 -2.193931 -2.193931
R 0.000000 -4.387862 -4.387862
F 2.193931 -2.193931 -6.581793
Y 4.387862 0.000000 -4.387862


-17.750000	703530
7

A 0.000000 0.000000 0.000000
P 2.193931 2.193931 -2.193931
R 0.000000 0.000000 -4.387862
L -2.193931 2.193931 -2.193931
R -4.387862 0.000000 -4.387862
F -2.193931 2.193931 -6.581793
Y 0.000000 4.387862 -4.387862


-17.750000	571410
7

A 0.000000 0.000000 0.000000
P 2.193931 2.193931 -2.193931
R 4.387862 0.000000 -4.387862
L 2.193931 -2.193931 -2.193931
R 4.387862 -4.387862 -4.387862
F 6.581793 -2.193931 -2.193931
Y 4.387862 0.000000 0.000000


-17.750000	521410
7

A 0.000000 0.000000 0.000000
P 2.193931 2.193931 -2.193931
R 4.387862 0.000000 -4.387862
L 2.193931 -2.193931 -2.193931
R 4.387862 -4.387862 -4.387862
F 2.193931 -2.193931 -6.581793
Y 0.000000 0.000000 -4.387862


-17.750000	506410
7

A 0.000000 0.000000 0.000000
P 2.193931 2.193931 -2.193931
R 4.387862 0.000000 -4.387862
L 2.193931 -2.193931 -2.193931
R 4.387862 -4.387862 0.000000
F 6.581793 -2.193931 -2.193931
Y 4.387862 0.000000 0.000000


-17.650000	065230
7

A 0.000000 0.000000 0.000000
P 2.193931 2.193931 -2.193931
R 0.000000 0.000000 -4.387862
L -2.193931 2.193931 -6.581793
R -4.387862 4.387862 -4.387862
F -2.193931 2.193931 -2.193931
Y 0.000000 4.387862 -4.387862


-17.650000	753610
7

A 0.000000 0.000000 0.000000
P 2.193931 2.193931 -2.193931
R 4.387862 0.000000 -4.387862
L 6.581793 -2.193931 -2.193931
R 4.387862 -4.387862 -4.387862
F 2.193931 -2.193931 -2.193931
Y 4.387862 0.000000 0.000000


-17.650000	056130
7

A 0.000000 0.000000 0.000000
P 2.193931 2.193931 -2.193931
R 0.000000 0.000000 -4.387862
L 2.193931 -2.193931 -6.581793
R 4.387862 -4.387862 -4.387862
F 2.193931 -2.193931 -2.193931
Y 4.387862 0.000000 -4.387862


-17.650000	274310
7

A 0.000000 0.000000 0.000000
P 2.193931 2.193931 -2.193931
R 4.387862 0.000000 -4.387862
L 2.193931 -2.193931 -6.581793
R 0.000000 -4.387862 -4.387862
F 2.193931 -2.193931 -2.193931
Y 0.000000 0.000000 -4.387862


-17.650000	724610
7

A 0.000000 0.000000 0.000000
P 2.193931 2.193931 -2.193931
R 4.387862 0.000000 -4.387862
L 6.581793 -2.193931 -2.193931
R 4.387862 -4.387862 0.000000
F 2.193931 -2.193931 -2.193931
Y 4.387862 0.000000 0.000000


-17.650000	074230
7

A 0.000000 0.000000 0.000000
P 2.193931 2.193931 -2.193931
R 0.000000 0.000000 -4.387862
L -2.193931 2.193931 -6.581793
R -4.387862 0.000000 -4.387862
F -2.193931 2.193931 -2.193931
Y 0.000000 4.387862 -4.387862


-17.650000	074130
7

A 0.000000 0.000000 0.000000
P 2.193931 2.193931 -2.193931
R 0.000000 0.000000 -4.387862
L 2.193931 -2.193931 -6.581793
R 0.000000 -4.387862 -4.387862
F 2.193931 -2.193931 -2.193931
Y 4.387862 0.000000 -4.387862


-17.650000	256310
7

A 0.000000 0.000000 0.000000
P 2.193931 2.193931 -2.193931
R 4.387862 0.000000 -4.387862
L 2.193931 -2.193931 -6.581793
R 4.387862 -4.387862 -4.387862
F 2.193931 -2.193931 -2.193931
Y 0.000000 0.000000 -4.387862


-17.090000	147630
7

A 0.000000 0.000000 0.000000
P 2.193931 2.193931 -2.193931
R 0.000000 0.000000 -4.387862
L 2.193931 -2.193931 -2.193931
R 4.387862 0.000000 0.000000
F 2.193931 -2.193931 2.193931
Y 4.387862 -4.387862 0.000000


-17.090000	142410
7

A 0.000000 0.000000 0.000000
P 2.193931 2.193931 -2.193931
R 4.387862 0.000000 -4.387862
L 2.193931 -2.193931 -2.193931
R 0.000000 0.000000 -4.387862
F -2.193931 -2.193931 -2.193931
Y 0.000000 -4.387862 -4.387862


-17.090000	347630
7

A 0.000000 0.000000 0.000000
P 2.193931 2.193931 -2.193931
R 0.000000 0.000000 -4.387862
L 2.193931 -2.193931 -2.193931
R 4.387862 0.000000 0.000000
F 2.193931 -2.193931 2.193931
Y 0.000000 -4.387862 0.000000


-17.090000	347530
7

A 0.000000 0.000000 0.000000
P 2.193931 2.193931 -2.193931
R 0.000000 0.000000 -4.387862
L -2.193931 2.193931 -2.193931
R 0.000000 4.387862 0.000000
F -2.193931 2.193931 2.193931
Y -4.387862 0.000000 0.000000


-17.090000	347410
7

A 0.000000 0.000000 0.000000
P 2.193931 2.193931 -2.193931
R 4.387862 0.000000 -4.387862
L 2.193931 -2.193931 -2.193931
R 4.387862 0.000000 0.000000
F 2.193931 -2.193931 2.193931
Y 0.000000 -4.387862 0.000000


-17.090000	642410
7

A 0.000000 0.000000 0.000000
P 2.193931 2.193931 -2.193931
R 4.387862 0.000000 -4.387862
L 2.193931 -2.193931 -2.193931
R 0.000000 0.000000 -4.387862
F -2.193931 -2.193931 -2.193931
Y 0.000000 -4.387862 0.000000


-17.090000	247530
7

A 0.000000 0.000000 0.000000
P 2.193931 2.193931 -2.193931
R 0.000000 0.000000 -4.387862
L -2.193931 2.193931 -2.193931
R 0.000000 4.387862 0.000000
F -2.193931 2.193931 2.193931
Y -4.387862 4.387862 0.000000


-17.090000	147410
7

A 0.000000 0.000000 0.000000
P 2.193931 2.193931 -2.193931
R 4.387862 0.000000 -4.387862
L 2.193931 -2.193931 -2.193931
R 4.387862 0.000000 0.000000
F 2.193931 -2.193931 2.193931
Y 4.387862 -4.387862 0.000000


-16.890000	006430
7

A 0.000000 0.000000 0.000000
P 2.193931 2.193931 -2.193931
R 0.000000 0.000000 -4.387862
L -2.193931 -2.193931 -2.193931
R 0.000000 -4.387862 0.000000
F 2.193931 -2.193931 -2.193931
Y 4.387862 0.000000 -4.387862


-16.890000	706430
7

A 0.000000 0.000000 0.000000
P 2.193931 2.193931 -2.193931
R 0.000000 0.000000 -4.387862
L -2.193931 -2.193931 -2.193931
R 0.000000 -4.387862 0.000000
F 2.193931 -2.193931 -2.193931
Y 4.387862 0.000000 0.000000


-16.890000	705430
7

A 0.000000 0.000000 0.000000
P 2.193931 2.193931 -2.193931
R 0.000000 0.000000 -4.387862
L -2.193931 -2.193931 -2.193931
R -4.387862 0.000000 0.000000
F -2.193931 2.193931 -2.193931
Y 0.000000 4.387862 0.000000


-16.890000	772430
7

A 0.000000 0.000000 0.000000
P 2.193931 2.193931 -2.193931
R 0.000000 0.000000 -4.387862
L -2.193931 -2.193931 -2.193931
R -4.387862 0.000000 -4.387862
F -2.193931 2.193931 -2.193931
Y 0.000000 4.387862 0.000000


-16.890000	771430
7

A 0.000000 0.000000 0.000000
P 2.193931 2.193931 -2.193931
R 0.000000 0.000000 -4.387862
L -2.193931 -2.193931 -2.193931
R 0.000000 -4.387862 -4.387862
F 2.193931 -2.193931 -2.193931
Y 4.387862 0.000000 0.000000


-16.890000	005430
7

A 0.000000 0.000000 0.000000
P 2.193931 2.193931 -2.193931
R 0.000000 0.000000 -4.387862
L -2.193931 -2.193931 -2.193931
R -4.387862 0.000000 0.000000
F -2.193931 2.193931 -2.193931
Y 0.000000 4.387862 -4.387862


-16.890000	072430
7

A 0.000000 0.000000 0.000000
P 2.193931 2.193931 -2.193931
R 0.000000 0.000000 -4.387862
L -2.193931 -2.193931 -2.193931
R -4.387862 0.000000 -4.387862
F -2.193931 2.193931 -2.193931
Y 0.000000 4.387862 -4.387862


-16.890000	071430
7

A 0.000000 0.000000 0.000000
P 2.193931 2.193931 -2.193931
R 0.000000 0.000000 -4.387862
L -2.193931 -2.193931 -2.193931
R 0.000000 -4.387862 -4.387862
F 2.193931 -2.193931 -2.193931
Y 4.387862 0.000000 -4.387862


-16.260000	317410
7

A 0.000000 0.000000 0.000000
P 2.193931 2.193931 -2.193931
R 4.387862 0.000000 -4.387862
L 2.193931 -2.193931 -2.193931
R 4.387862 0.000000 0.000000
F 6.581793 -2.193931 -2.193931
Y 4.387862 -4.387862 -4.387862


-16.260000	530530
7

A 0.000000 0.000000 0.000000
P 2.193931 2.193931 -2.193931
R 0.000000 0.000000 -4.387862
L -2.193931 2.193931 -2.193931
R 0.000000 4.387862 -4.387862
F -2.193931 2.193931 -6.581793
Y -4.387862 4.387862 -4.387862


