-100.380000	65741672610
12

V 0.000000 0.000000 0.000000
R 2.687006 2.687006 0.000000
R 0.000000 5.374012 0.000000
F -2.687006 2.687006 0.000000
D -2.687006 5.374012 2.687006
L 0.000000 2.687006 2.687006
L -2.687006 0.000000 2.687006
K -5.374012 2.687006 2.687006
R -2.687006 2.687006 5.374012
I 0.000000 0.000000 5.374012
L 2.687006 0.000000 2.687006
K 0.000000 -2.687006 2.687006


-100.380000	64751673610
12

V 0.000000 0.000000 0.000000
R 2.687006 2.687006 0.000000
R 0.000000 5.374012 0.000000
F -2.687006 2.687006 0.000000
D -2.687006 5.374012 -2.687006
L 0.000000 2.687006 -2.687006
L -2.687006 0.000000 -2.687006
K -5.374012 2.687006 -2.687006
R -2.687006 2.687006 -5.374012
I 0.000000 0.000000 -5.374012
L 2.687006 0.000000 -2.687006
K 0.000000 -2.687006 -2.687006


-100.180000	a2a64763b40
12

V 0.000000 0.000000 0.000000
R 2.687006 2.687006 0.000000
R 5.374012 2.687006 2.687006
F 2.687006 2.687006 5.374012
D 2.687006 5.374012 2.687006
L 0.000000 2.687006 2.687006
L 2.687006 0.000000 2.687006
K 5.374012 0.000000 5.374012
R 2.687006 -2.687006 5.374012
I 0.000000 -2.687006 2.687006
L 0.000000 0.000000 5.374012
K -2.687006 0.000000 2.687006


-100.180000	141a9763b40
12

V 0.000000 0.000000 0.000000
R 2.687006 2.687006 0.000000
R 5.374012 2.687006 2.687006
F 2.687006 2.687006 5.374012
D 2.687006 5.374012 2.687006
L 0.000000 2.687006 2.687006
L 2.687006 0.000000 2.687006
K 2.687006 -2.687006 5.374012
R 0.000000 -2.687006 2.687006
I -2.687006 0.000000 2.687006
L 0.000000 0.000000 5.374012
K -2.687006 2.687006 5.374012


-100.180000	90781963b40
12

V 0.000000 0.000000 0.000000
R 2.687006 2.687006 0.000000
R 5.374012 2.687006 2.687006
F 2.687006 2.687006 5.374012
D 2.687006 5.374012 2.687006
L 0.000000 2.687006 2.687006
L 0.000000 0.000000 5.374012
K -2.687006 2.687006 5.374012
R -2.687006 0.000000 2.687006
I 0.000000 -2.687006 2.687006
L 2.687006 0.000000 2.687006
K 2.687006 -2.687006 5.374012


-100.110000	b38641642a0
12

V 0.000000 0.000000 0.000000
R 2.687006 2.687006 0.000000
R 0.000000 2.687006 -2.687006
F 0.000000 5.374012 0.000000
D 2.687006 5.374012 2.687006
L 0.000000 2.687006 2.687006
L -2.687006 5.374012 2.687006
K 0.000000 5.374012 5.374012
R -2.687006 2.687006 5.374012
I -2.687006 0.000000 2.687006
L -2.687006 2.687006 0.000000
K -5.374012 2.687006 2.687006


-100.110000	b079a29a2a0
12

V 0.000000 0.000000 0.000000
R 2.687006 2.687006 0.000000
R 0.000000 2.687006 -2.687006
F 0.000000 5.374012 0.000000
D -2.687006 5.374012 -2.687006
L -2.687006 2.687006 0.000000
L -2.687006 5.374012 2.687006
K -5.374012 5.374012 0.000000
R -5.374012 2.687006 2.687006
I -2.687006 0.000000 2.687006
L 0.000000 2.687006 2.687006
K -2.687006 2.687006 5.374012


-100.000000	65741981910
12

V 0.000000 0.000000 0.000000
R 2.687006 2.687006 0.000000
R 0.000000 5.374012 0.000000
F 0.000000 2.687006 2.687006
D -2.687006 5.374012 2.687006
L -2.687006 2.687006 0.000000
L -2.687006 0.000000 2.687006
K -5.374012 2.687006 2.687006
R -2.687006 2.687006 5.374012
I 0.000000 0.000000 5.374012
L 2.687006 0.000000 2.687006
K 0.000000 -2.687006 2.687006


-100.000000	64751891810
12

V 0.000000 0.000000 0.000000
R 2.687006 2.687006 0.000000
R 0.000000 5.374012 0.000000
F 0.000000 2.687006 -2.687006
D -2.687006 5.374012 -2.687006
L -2.687006 2.687006 0.000000
L -2.687006 0.000000 -2.687006
K -5.374012 2.687006 -2.687006
R -2.687006 2.687006 -5.374012
I 0.000000 0.000000 -5.374012
L 2.687006 0.000000 -2.687006
K 0.000000 -2.687006 -2.687006


-99.870000	63a246a7b40
12

V 0.000000 0.000000 0.000000
R 2.687006 2.687006 0.000000
R 5.374012 2.687006 2.687006
F 2.687006 2.687006 5.374012
D 5.374012 0.000000 5.374012
L 2.687006 0.000000 2.687006
L 0.000000 -2.687006 2.687006
K 2.687006 -2.687006 5.374012
R 2.687006 0.000000 8.061017
I 0.000000 0.000000 5.374012
L 0.000000 2.687006 2.687006
K -2.687006 0.000000 2.687006


-99.840000	18164763b40
12

V 0.000000 0.000000 0.000000
R 2.687006 2.687006 0.000000
R 5.374012 2.687006 2.687006
F 2.687006 2.687006 5.374012
D 2.687006 5.374012 2.687006
L 0.000000 2.687006 2.687006
L 2.687006 0.000000 2.687006
K 5.374012 0.000000 5.374012
R 2.687006 -2.687006 5.374012
I 0.000000 0.000000 5.374012
L 0.000000 -2.687006 2.687006
K -2.687006 0.000000 2.687006


-99.820000	90736963b40
12

V 0.000000 0.000000 0.000000
R 2.687006 2.687006 0.000000
R 5.374012 2.687006 2.687006
F 2.687006 2.687006 5.374012
D 2.687006 5.374012 2.687006
L 0.000000 2.687006 2.687006
L 0.000000 0.000000 5.374012
K -2.687006 -2.687006 5.374012
R -2.687006 0.000000 2.687006
I 0.000000 -2.687006 2.687006
L 2.687006 0.000000 2.687006
K 2.687006 -2.687006 5.374012


-99.710000	b079ab43ba0
12

V 0.000000 0.000000 0.000000
R 2.687006 2.687006 0.000000
R 0.000000 2.687006 -2.687006
F -2.687006 2.687006 0.000000
D -2.687006 5.374012 -2.687006
L 0.000000 5.374012 0.000000
L -2.687006 5.374012 2.687006
K -5.374012 5.374012 0.000000
R -5.374012 2.687006 2.687006
I -2.687006 0.000000 2.687006
L 0.000000 2.687006 2.687006
K -2.687006 2.687006 5.374012


-99.670000	59536b95a10
12

V 0.000000 0.000000 0.000000
R 2.687006 2.687006 0.000000
R 0.000000 5.374012 0.000000
F -2.687006 5.374012 -2.687006
D 0.000000 5.374012 -5.374012
L 0.000000 2.687006 -2.687006
L -2.687006 2.687006 0.000000
K -5.374012 0.000000 0.000000
R -5.374012 2.687006 -2.687006
I -2.687006 2.687006 -5.374012
L -2.687006 0.000000 -2.687006
K 0.000000 0.000000 -5.374012


-99.670000	b7b1857ba10
12

V 0.000000 0.000000 0.000000
R 2.687006 2.687006 0.000000
R 0.000000 5.374012 0.000000
F -2.687006 5.374012 -2.687006
D -5.374012 5.374012 0.000000
L -2.687006 2.687006 0.000000
L 0.000000 2.687006 -2.687006
K 0.000000 0.000000 -5.374012
R -2.687006 2.687006 -5.374012
I -5.374012 2.687006 -2.687006
L -2.687006 0.000000 -2.687006
K -5.374012 0.000000 0.000000


-99.670000	a7a1947ab10
12

V 0.000000 0.000000 0.000000
R 2.687006 2.687006 0.000000
R 0.000000 5.374012 0.000000
F -2.687006 5.374012 2.687006
D -5.374012 5.374012 0.000000
L -2.687006 2.687006 0.000000
L 0.000000 2.687006 2.687006
K 0.000000 0.000000 5.374012
R -2.687006 2.687006 5.374012
I -5.374012 2.687006 2.687006
L -2.687006 0.000000 2.687006
K -5.374012 0.000000 0.000000


-99.670000	48426a84b10
12

V 0.000000 0.000000 0.000000
R 2.687006 2.687006 0.000000
R 0.000000 5.374012 0.000000
F -2.687006 5.374012 2.687006
D 0.000000 5.374012 5.374012
L 0.000000 2.687006 2.687006
L -2.687006 2.687006 0.000000
K -5.374012 0.000000 0.000000
R -5.374012 2.687006 2.687006
I -2.687006 2.687006 5.374012
L -2.687006 0.000000 2.687006
K 0.000000 0.000000 5.374012


-99.660000	48491a84b10
12

V 0.000000 0.000000 0.000000
R 2.687006 2.687006 0.000000
R 0.000000 5.374012 0.000000
F -2.687006 5.374012 2.687006
D 0.000000 5.374012 5.374012
L 0.000000 2.687006 2.687006
L -2.687006 2.687006 0.000000
K -5.374012 5.374012 0.000000
R -5.374012 2.687006 2.687006
I -2.687006 2.687006 5.374012
L -2.687006 0.000000 2.687006
K 0.000000 0.000000 5.374012


-99.660000	59581b95a10
12

V 0.000000 0.000000 0.000000
R 2.687006 2.687006 0.000000
R 0.000000 5.374012 0.000000
F -2.687006 5.374012 -2.687006
D 0.000000 5.374012 -5.374012
L 0.000000 2.687006 -2.687006
L -2.687006 2.687006 0.000000
K -5.374012 5.374012 0.000000
R -5.374012 2.687006 -2.687006
I -2.687006 2.687006 -5.374012
L -2.687006 0.000000 -2.687006
K 0.000000 0.000000 -5.374012


-99.660000	a7a6247ab10
12

V 0.000000 0.000000 0.000000
R 2.687006 2.687006 0.000000
R 0.000000 5.374012 0.000000
F -2.687006 5.374012 2.687006
D -5.374012 5.374012 0.000000
L -2.687006 2.687006 0.000000
L 0.000000 2.687006 2.687006
K 0.000000 5.374012 5.374012
R -2.687006 2.687006 5.374012
I -5.374012 2.687006 2.687006
L -2.687006 0.000000 2.687006
K -5.374012 0.000000 0.000000


-99.660000	b7b6357ba10
12

V 0.000000 0.000000 0.000000
R 2.687006 2.687006 0.000000
R 0.000000 5.374012 0.000000
F -2.687006 5.374012 -2.687006
D -5.374012 5.374012 0.000000
L -2.687006 2.687006 0.000000
L 0.000000 2.687006 -2.687006
K 0.000000 5.374012 -5.374012
R -2.687006 2.687006 -5.374012
I -5.374012 2.687006 -2.687006
L -2.687006 0.000000 -2.687006
K -5.374012 0.000000 0.000000


-99.570000	7278b1a7b40
12

V 0.000000 0.000000 0.000000
R 2.687006 2.687006 0.000000
R 5.374012 2.687006 2.687006
F 2.687006 2.687006 5.374012
D 5.374012 0.000000 5.374012
L 2.687006 0.000000 2.687006
L 0.000000 2.687006 2.687006
K -2.687006 2.687006 5.374012
R -2.687006 0.000000 2.687006
I 0.000000 -2.687006 2.687006
L 0.000000 0.000000 5.374012
K 2.687006 -2.687006 5.374012


-99.570000	b01a7ba7b40
12

V 0.000000 0.000000 0.000000
R 2.687006 2.687006 0.000000
R 5.374012 2.687006 2.687006
F 2.687006 2.687006 5.374012
D 5.374012 0.000000 5.374012
L 2.687006 0.000000 2.687006
L 0.000000 0.000000 5.374012
K 2.687006 -2.687006 5.374012
R 0.000000 -2.687006 2.687006
I -2.687006 0.000000 2.687006
L 0.000000 2.687006 2.687006
K -2.687006 2.687006 5.374012


-99.570000	73781b95a10
12

V 0.000000 0.000000 0.000000
R 2.687006 2.687006 0.000000
R 0.000000 5.374012 0.000000
F -2.687006 5.374012 -2.687006
D 0.000000 5.374012 -5.374012
L 0.000000 2.687006 -2.687006
L -2.687006 2.687006 0.000000
K -5.374012 5.374012 0.000000
R -5.374012 2.687006 -2.687006
I -2.687006 0.000000 -2.687006
L -2.687006 2.687006 -5.374012
K 0.000000 0.000000 -5.374012


-99.570000	8186247ab10
12

V 0.000000 0.000000 0.000000
R 2.687006 2.687006 0.000000
R 0.000000 5.374012 0.000000
F -2.687006 5.374012 2.687006
D -5.374012 5.374012 0.000000
L -2.687006 2.687006 0.000000
L 0.000000 2.687006 2.687006
K 0.000000 5.374012 5.374012
R -2.687006 2.687006 5.374012
I -2.687006 0.000000 2.687006
L -5.374012 2.687006 2.687006
K -5.374012 0.000000 0.000000


-99.570000	72791a84b10
12

V 0.000000 0.000000 0.000000
R 2.687006 2.687006 0.000000
R 0.000000 5.374012 0.000000
F -2.687006 5.374012 2.687006
D 0.000000 5.374012 5.374012
L 0.000000 2.687006 2.687006
L -2.687006 2.687006 0.000000
K -5.374012 5.374012 0.000000
R -5.374012 2.687006 2.687006
I -2.687006 0.000000 2.687006
L -2.687006 2.687006 5.374012
K 0.000000 0.000000 5.374012


-99.570000	9196357ba10
12

V 0.000000 0.000000 0.000000
R 2.687006 2.687006 0.000000
R 0.000000 5.374012 0.000000
F -2.687006 5.374012 -2.687006
D -5.374012 5.374012 0.000000
L -2.687006 2.687006 0.000000
L 0.000000 2.687006 -2.687006
K 0.000000 5.374012 -5.374012
R -2.687006 2.687006 -5.374012
I -2.687006 0.000000 -2.687006
L -5.374012 2.687006 -2.687006
K -5.374012 0.000000 0.000000


-99.550000	4327ba642a0
12

V 0.000000 0.000000 0.000000
R 2.687006 2.687006 0.000000
R 0.000000 2.687006 -2.687006
F 0.000000 5.374012 0.000000
D 2.687006 5.374012 2.687006
L 0.000000 2.687006 2.687006
L -2.687006 2.687006 0.000000
K -5.374012 2.687006 2.687006
R -2.687006 0.000000 2.687006
I -2.687006 2.687006 5.374012
L -2.687006 5.374012 2.687006
K 0.000000 5.374012 5.374012


-99.550000	a018b49a2a0
12

V 0.000000 0.000000 0.000000
R 2.687006 2.687006 0.000000
R 0.000000 2.687006 -2.687006
F 0.000000 5.374012 0.000000
D -2.687006 5.374012 -2.687006
L -2.687006 2.687006 0.000000
L 0.000000 2.687006 2.687006
K -2.687006 2.687006 5.374012
R -2.687006 0.000000 2.687006
I -5.374012 2.687006 2.687006
L -2.687006 5.374012 2.687006
K -5.374012 5.374012 0.000000


-99.480000	2a2a9763b40
12

V 0.000000 0.000000 0.000000
R 2.687006 2.687006 0.000000
R 5.374012 2.687006 2.687006
F 2.687006 2.687006 5.374012
D 2.687006 5.374012 2.687006
L 0.000000 2.687006 2.687006
L 2.687006 0.000000 2.687006
K 2.687006 -2.687006 5.374012
R 0.000000 -2.687006 2.687006
I 0.000000 0.000000 5.374012
L -2.687006 0.000000 2.687006
K -2.687006 2.687006 5.374012


-99.430000	b0b18056610
12

V 0.000000 0.000000 0.000000
R 2.687006 2.687006 0.000000
R 0.000000 5.374012 0.000000
F -2.687006 2.687006 0.000000
D -5.374012 0.000000 0.000000
L -2.687006 0.000000 -2.687006
L 0.000000 2.687006 -2.687006
K 0.000000 0.000000 -5.374012
R -2.687006 2.687006 -5.374012
I -5.374012 2.687006 -2.687006
L -2.687006 5.374012 -2.687006
K -5.374012 5.374012 0.000000


-99.430000	b0b63056610
12

V 0.000000 0.000000 0.000000
R 2.687006 2.687006 0.000000
R 0.000000 5.374012 0.000000
F -2.687006 2.687006 0.000000
D -5.374012 0.000000 0.000000
L -2.687006 0.000000 -2.687006
L 0.000000 2.687006 -2.687006
K 0.000000 5.374012 -5.374012
R -2.687006 2.687006 -5.374012
I -5.374012 2.687006 -2.687006
L -2.687006 5.374012 -2.687006
K -5.374012 5.374012 0.000000


-99.430000	a0a62046610
12

V 0.000000 0.000000 0.000000
R 2.687006 2.687006 0.000000
R 0.000000 5.374012 0.000000
F -2.687006 2.687006 0.000000
D -5.374012 0.000000 0.000000
L -2.687006 0.000000 2.687006
L 0.000000 2.687006 2.687006
K 0.000000 5.374012 5.374012
R -2.687006 2.687006 5.374012
I -5.374012 2.687006 2.687006
L -2.687006 5.374012 2.687006
K -5.374012 5.374012 0.000000


-99.430000	b7b18751610
12

V 0.000000 0.000000 0.000000
R 2.687006 2.687006 0.000000
R 0.000000 5.374012 0.000000
F -2.687006 2.687006 0.000000
D -5.374012 5.374012 0.000000
L -2.687006 5.374012 -2.687006
L 0.000000 2.687006 -2.687006
K 0.000000 0.000000 -5.374012
R -2.687006 2.687006 -5.374012
I -5.374012 2.687006 -2.687006
L -2.687006 0.000000 -2.687006
K -5.374012 0.000000 0.000000


-99.430000	7903b690ba0
12

V 0.000000 0.000000 0.000000
R 2.687006 2.687006 0.000000
R 0.000000 2.687006 -2.687006
F -2.687006 2.687006 0.000000
D 0.000000 5.374012 0.000000
L 0.000000 2.687006 2.687006
L -2.687006 0.000000 2.687006
K -5.374012 0.000000 5.374012
R -5.374012 2.687006 2.687006
I -2.687006 5.374012 2.687006
L -2.687006 2.687006 5.374012
K 0.000000 0.000000 5.374012


-99.430000	a7a62741610
12

V 0.000000 0.000000 0.000000
R 2.687006 2.687006 0.000000
R 0.000000 5.374012 0.000000
F -2.687006 2.687006 0.000000
D -5.374012 5.374012 0.000000
L -2.687006 5.374012 2.687006
L 0.000000 2.687006 2.687006
K 0.000000 5.374012 5.374012
R -2.687006 2.687006 5.374012
I -5.374012 2.687006 2.687006
L -2.687006 0.000000 2.687006
K -5.374012 0.000000 0.000000


-99.430000	b7b63751610
12

V 0.000000 0.000000 0.000000
R 2.687006 2.687006 0.000000
R 0.000000 5.374012 0.000000
F -2.687006 2.687006 0.000000
D -5.374012 5.374012 0.000000
L -2.687006 5.374012 -2.687006
L 0.000000 2.687006 -2.687006
K 0.000000 5.374012 -5.374012
R -2.687006 2.687006 -5.374012
I -5.374012 2.687006 -2.687006
L -2.687006 0.000000 -2.687006
K -5.374012 0.000000 0.000000


-99.430000	a7a19741610
12

V 0.000000 0.000000 0.000000
R 2.687006 2.687006 0.000000
R 0.000000 5.374012 0.000000
F -2.687006 2.687006 0.000000
D -5.374012 5.374012 0.000000
L -2.687006 5.374012 2.687006
L 0.000000 2.687006 2.687006
K 0.000000 0.000000 5.374012
R -2.687006 2.687006 5.374012
I -5.374012 2.687006 2.687006
L -2.687006 0.000000 2.687006
K -5.374012 0.000000 0.000000


-99.430000	a0a19046610
12

V 0.000000 0.000000 0.000000
R 2.687006 2.687006 0.000000
R 0.000000 5.374012 0.000000
F -2.687006 2.687006 0.000000
D -5.374012 0.000000 0.000000
L -2.687006 0.000000 2.687006
L 0.000000 2.687006 2.687006
K 0.000000 0.000000 5.374012
R -2.687006 2.687006 5.374012
I -5.374012 2.687006 2.687006
L -2.687006 5.374012 2.687006
K -5.374012 5.374012 0.000000


-99.430000	58426a95a10
12

V 0.000000 0.000000 0.000000
R 2.687006 2.687006 0.000000
R 0.000000 5.374012 0.000000
F -2.687006 5.374012 -2.687006
D 0.000000 5.374012 -5.374012
L 0.000000 2.687006 -2.687006
L -2.687006 2.687006 -5.374012
K -5.374012 0.000000 -5.374012
R -5.374012 2.687006 -2.687006
I -2.687006 2.687006 0.000000
L -2.687006 0.000000 -2.687006
K 0.000000 0.000000 -5.374012


-99.430000	8542a965a10
12

V 0.000000 0.000000 0.000000
R 2.687006 2.687006 0.000000
R 0.000000 5.374012 0.000000
F -2.687006 5.374012 -2.687006
D 0.000000 5.374012 -5.374012
L -2.687006 2.687006 -5.374012
L -2.687006 0.000000 -2.687006
K -5.374012 0.000000 -5.374012
R -5.374012 2.687006 -2.687006
I -2.687006 2.687006 0.000000
L 0.000000 2.687006 -2.687006
K 0.000000 0.000000 -5.374012


-99.430000	49536b84b10
12

V 0.000000 0.000000 0.000000
R 2.687006 2.687006 0.000000
R 0.000000 5.374012 0.000000
F -2.687006 5.374012 2.687006
D 0.000000 5.374012 5.374012
L 0.000000 2.687006 2.687006
L -2.687006 2.687006 5.374012
K -5.374012 0.000000 5.374012
R -5.374012 2.687006 2.687006
I -2.687006 2.687006 0.000000
L -2.687006 0.000000 2.687006
K 0.000000 0.000000 5.374012


-99.430000	9453b864b10
12

V 0.000000 0.000000 0.000000
R 2.687006 2.687006 0.000000
R 0.000000 5.374012 0.000000
F -2.687006 5.374012 2.687006
D 0.000000 5.374012 5.374012
L -2.687006 2.687006 5.374012
L -2.687006 0.000000 2.687006
K -5.374012 0.000000 5.374012
R -5.374012 2.687006 2.687006
I -2.687006 2.687006 0.000000
L 0.000000 2.687006 2.687006
K 0.000000 0.000000 5.374012


-99.420000	7902a690ba0
12

V 0.000000 0.000000 0.000000
R 2.687006 2.687006 0.000000
R 0.000000 2.687006 -2.687006
F -2.687006 2.687006 0.000000
D 0.000000 5.374012 0.000000
L 0.000000 2.687006 2.687006
L -2.687006 0.000000 2.687006
K -5.374012 0.000000 0.000000
R -5.374012 2.687006 2.687006
I -2.687006 5.374012 2.687006
L -2.687006 2.687006 5.374012
K 0.000000 0.000000 5.374012


-99.420000	58491a95a10
12

V 0.000000 0.000000 0.000000
R 2.687006 2.687006 0.000000
R 0.000000 5.374012 0.000000
F -2.687006 5.374012 -2.687006
D 0.000000 5.374012 -5.374012
L 0.000000 2.687006 -2.687006
L -2.687006 2.687006 -5.374012
K -5.374012 5.374012 -5.374012
R -5.374012 2.687006 -2.687006
I -2.687006 2.687006 0.000000
L -2.687006 0.000000 -2.687006
K 0.000000 0.000000 -5.374012


-99.420000	49581b84b10
12

V 0.000000 0.000000 0.000000
R 2.687006 2.687006 0.000000
R 0.000000 5.374012 0.000000
F -2.687006 5.374012 2.687006
D 0.000000 5.374012 5.374012
L 0.000000 2.687006 2.687006
L -2.687006 2.687006 5.374012
K -5.374012 5.374012 5.374012
R -5.374012 2.687006 2.687006
I -2.687006 2.687006 0.000000
L -2.687006 0.000000 2.687006
K 0.000000 0.000000 5.374012


-99.400000	4342a690ba0
12

V 0.000000 0.000000 0.000000
R 2.687006 2.687006 0.000000
R 0.000000 2.687006 -2.687006
F -2.687006 2.687006 0.000000
D 0.000000 5.374012 0.000000
L 0.000000 2.687006 2.687006
L -2.687006 0.000000 2.687006
K -5.374012 0.000000 0.000000
R -5.374012 2.687006 2.687006
I -2.687006 2.687006 5.374012
L -2.687006 5.374012 2.687006
K 0.000000 5.374012 5.374012


-99.400000	4849a190ba0
12

V 0.000000 0.000000 0.000000
R 2.687006 2.687006 0.000000
R 0.000000 2.687006 -2.687006
F -2.687006 2.687006 0.000000
D 0.000000 5.374012 0.000000
L 0.000000 2.687006 2.687006
L -2.687006 5.374012 2.687006
K -5.374012 5.374012 0.000000
R -5.374012 2.687006 2.687006
I -2.687006 2.687006 5.374012
L -2.687006 0.000000 2.687006
K 0.000000 0.000000 5.374012


-99.380000	86314690ba0
12

V 0.000000 0.000000 0.000000
R 2.687006 2.687006 0.000000
R 0.000000 2.687006 -2.687006
F -2.687006 2.687006 0.000000
D 0.000000 5.374012 0.000000
L 0.000000 2.687006 2.687006
L -2.687006 0.000000 2.687006
K 0.000000 0.000000 5.374012
R -2.687006 2.687006 5.374012
I -2.687006 5.374012 2.687006
L -5.374012 2.687006 2.687006
K -5.374012 0.000000 0.000000


-99.380000	434913a9910
12

V 0.000000 0.000000 0.000000
R 2.687006 2.687006 0.000000
R 0.000000 5.374012 0.000000
F 0.000000 2.687006 2.687006
D 0.000000 0.000000 5.374012
L -2.687006 0.000000 2.687006
L -2.687006 2.687006 0.000000
K -5.374012 5.374012 0.000000
R -5.374012 2.687006 2.687006
I -2.687006 2.687006 5.374012
L -2.687006 5.374012 2.687006
K 0.000000 5.374012 5.374012


-99.380000	8630b690ba0
12

V 0.000000 0.000000 0.000000
R 2.687006 2.687006 0.000000
R 0.000000 2.687006 -2.687006
F -2.687006 2.687006 0.000000
D 0.000000 5.374012 0.000000
L 0.000000 2.687006 2.687006
L -2.687006 0.000000 2.687006
K -5.374012 0.000000 5.374012
R -2.687006 2.687006 5.374012
I -2.687006 5.374012 2.687006
L -5.374012 2.687006 2.687006
K -5.374012 0.000000 0.000000


-99.380000	434263a9910
12

V 0.000000 0.000000 0.000000
R 2.687006 2.687006 0.000000
R 0.000000 5.374012 0.000000
F 0.000000 2.687006 2.687006
D 0.000000 0.000000 5.374012
L -2.687006 0.000000 2.687006
L -2.687006 2.687006 0.000000
K -5.374012 0.000000 0.000000
R -5.374012 2.687006 2.687006
I -2.687006 2.687006 5.374012
L -2.687006 5.374012 2.687006
K 0.000000 5.374012 5.374012


-99.380000	595819b3810
12

V 0.000000 0.000000 0.000000
R 2.687006 2.687006 0.000000
R 0.000000 5.374012 0.000000
F 0.000000 2.687006 -2.687006
D 0.000000 5.374012 -5.374012
L -2.687006 5.374012 -2.687006
L -2.687006 2.687006 0.000000
K -5.374012 5.374012 0.000000
R -5.374012 2.687006 -2.687006
I -2.687006 2.687006 -5.374012
L -2.687006 0.000000 -2.687006
K 0.000000 0.000000 -5.374012


-99.380000	525812b8810
12

V 0.000000 0.000000 0.000000
R 2.687006 2.687006 0.000000
R 0.000000 5.374012 0.000000
F 0.000000 2.687006 -2.687006
D 0.000000 0.000000 -5.374012
L -2.687006 0.000000 -2.687006
L -2.687006 2.687006 0.000000
K -5.374012 5.374012 0.000000
R -5.374012 2.687006 -2.687006
I -2.687006 2.687006 -5.374012
L -2.687006 5.374012 -2.687006
K 0.000000 5.374012 -5.374012


-99.380000	525362b8810
12

V 0.000000 0.000000 0.000000
R 2.687006 2.687006 0.000000
R 0.000000 5.374012 0.000000
F 0.000000 2.687006 -2.687006
D 0.000000 0.000000 -5.374012
L -2.687006 0.000000 -2.687006
L -2.687006 2.687006 0.000000
K -5.374012 0.000000 0.000000
R -5.374012 2.687006 -2.687006
I -2.687006 2.687006 -5.374012
L -2.687006 5.374012 -2.687006
K 0.000000 5.374012 -5.374012


-99.380000	595369b3810
12

V 0.000000 0.000000 0.000000
R 2.687006 2.687006 0.000000
R 0.000000 5.374012 0.000000
F 0.000000 2.687006 -2.687006
D 0.000000 5.374012 -5.374012
L -2.687006 5.374012 -2.687006
L -2.687006 2.687006 0.000000
K -5.374012 0.000000 0.000000
R -5.374012 2.687006 -2.687006
I -2.687006 2.687006 -5.374012
L -2.687006 0.000000 -2.687006
K 0.000000 0.000000 -5.374012


-99.380000	484918a2910
12

V 0.000000 0.000000 0.000000
R 2.687006 2.687006 0.000000
R 0.000000 5.374012 0.000000
F 0.000000 2.687006 2.687006
D 0.000000 5.374012 5.374012
L -2.687006 5.374012 2.687006
L -2.687006 2.687006 0.000000
K -5.374012 5.374012 0.000000
R -5.374012 2.687006 2.687006
I -2.687006 2.687006 5.374012
L -2.687006 0.000000 2.687006
K 0.000000 0.000000 5.374012


-99.380000	484268a2910
12

V 0.000000 0.000000 0.000000
R 2.687006 2.687006 0.000000
R 0.000000 5.374012 0.000000
F 0.000000 2.687006 2.687006
D 0.000000 5.374012 5.374012
L -2.687006 5.374012 2.687006
L -2.687006 2.687006 0.000000
K -5.374012 0.000000 0.000000
R -5.374012 2.687006 2.687006
I -2.687006 2.687006 5.374012
L -2.687006 0.000000 2.687006
K 0.000000 0.000000 5.374012


-99.300000	1b059663b40
12

V 0.000000 0.000000 0.000000
R 2.687006 2.687006 0.000000
R 5.374012 2.687006 2.687006
F 2.687006 2.687006 5.374012
D 2.687006 5.374012 2.687006
L 0.000000 2.687006 2.687006
L -2.687006 0.000000 2.687006
K -2.687006 -2.687006 5.374012
R 0.000000 -2.687006 2.687006
I 2.687006 0.000000 2.687006
L 0.000000 0.000000 5.374012
K -2.687006 2.687006 5.374012


-99.300000	80781963b40
12

V 0.000000 0.000000 0.000000
R 2.687006 2.687006 0.000000
R 5.374012 2.687006 2.687006
F 2.687006 2.687006 5.374012
D 2.687006 5.374012 2.687006
L 0.000000 2.687006 2.687006
L 0.000000 0.000000 5.374012
K -2.687006 2.687006 5.374012
R -2.687006 0.000000 2.687006
I 0.000000 -2.687006 2.687006
L 2.687006 0.000000 2.687006
K 2.687006 -2.687006 0.000000


-99.300000	141b8763b40
12

V 0.000000 0.000000 0.000000
R 2.687006 2.687006 0.000000
R 5.374012 2.687006 2.687006
F 2.687006 2.687006 5.374012
D 2.687006 5.374012 2.687006
L 0.000000 2.687006 2.687006
L 2.687006 0.000000 2.687006
K 2.687006 -2.687006 0.000000
R 0.000000 -2.687006 2.687006
I -2.687006 0.000000 2.687006
L 0.000000 0.000000 5.374012
K -2.687006 2.687006 5.374012


-99.270000	b01a7614640
12

V 0.000000 0.000000 0.000000
R 2.687006 2.687006 0.000000
R 5.374012 2.687006 2.687006
F 2.687006 0.000000 2.687006
D 5.374012 0.000000 5.374012
L 2.687006 2.687006 5.374012
L 0.000000 0.000000 5.374012
K 2.687006 -2.687006 5.374012
R 0.000000 -2.687006 2.687006
I -2.687006 0.000000 2.687006
L 0.000000 2.687006 2.687006
K -2.687006 2.687006 5.374012


-99.260000	26218056610
12

V 0.000000 0.000000 0.000000
R 2.687006 2.687006 0.000000
R 0.000000 5.374012 0.000000
F -2.687006 2.687006 0.000000
D -5.374012 0.000000 0.000000
L -2.687006 0.000000 -2.687006
L 0.000000 2.687006 -2.687006
K 0.000000 0.000000 -5.374012
R -2.687006 2.687006 -5.374012
I -2.687006 5.374012 -2.687006
L -5.374012 2.687006 -2.687006
K -5.374012 5.374012 0.000000


-99.260000	36319046610
12

V 0.000000 0.000000 0.000000
R 2.687006 2.687006 0.000000
R 0.000000 5.374012 0.000000
F -2.687006 2.687006 0.000000
D -5.374012 0.000000 0.000000
L -2.687006 0.000000 2.687006
L 0.000000 2.687006 2.687006
K 0.000000 0.000000 5.374012
R -2.687006 2.687006 5.374012
I -2.687006 5.374012 2.687006
L -5.374012 2.687006 2.687006
K -5.374012 5.374012 0.000000


-99.250000	a7a64190ba0
12

V 0.000000 0.000000 0.000000
R 2.687006 2.687006 0.000000
R 0.000000 2.687006 -2.687006
F -2.687006 2.687006 0.000000
D 0.000000 5.374012 0.000000
L 0.000000 2.687006 2.687006
L -2.687006 5.374012 2.687006
K 0.000000 5.374012 5.374012
R -2.687006 2.687006 5.374012
I -5.374012 2.687006 2.687006
L -2.687006 0.000000 2.687006
K -5.374012 0.000000 0.000000


-99.250000	a7a627b0ba0
12

V 0.000000 0.000000 0.000000
R 2.687006 2.687006 0.000000
R 0.000000 2.687006 -2.687006
F -2.687006 2.687006 0.000000
D 0.000000 5.374012 0.000000
L -2.687006 5.374012 2.687006
L 0.000000 2.687006 2.687006
K 0.000000 5.374012 5.374012
R -2.687006 2.687006 5.374012
I -5.374012 2.687006 2.687006
L -2.687006 0.000000 2.687006
K -5.374012 0.000000 0.000000


-99.250000	a0a14690ba0
12

V 0.000000 0.000000 0.000000
R 2.687006 2.687006 0.000000
R 0.000000 2.687006 -2.687006
F -2.687006 2.687006 0.000000
D 0.000000 5.374012 0.000000
L 0.000000 2.687006 2.687006
L -2.687006 0.000000 2.687006
K 0.000000 0.000000 5.374012
R -2.687006 2.687006 5.374012
I -5.374012 2.687006 2.687006
L -2.687006 5.374012 2.687006
K -5.374012 5.374012 0.000000


-99.250000	a7a197b0ba0
12

V 0.000000 0.000000 0.000000
R 2.687006 2.687006 0.000000
R 0.000000 2.687006 -2.687006
F -2.687006 2.687006 0.000000
D 0.000000 5.374012 0.000000
L -2.687006 5.374012 2.687006
L 0.000000 2.687006 2.687006
K 0.000000 0.000000 5.374012
R -2.687006 2.687006 5.374012
I -5.374012 2.687006 2.687006
L -2.687006 0.000000 2.687006
K -5.374012 0.000000 0.000000


-99.230000	81862741610
12

V 0.000000 0.000000 0.000000
R 2.687006 2.687006 0.000000
R 0.000000 5.374012 0.000000
F -2.687006 2.687006 0.000000
D -5.374012 5.374012 0.000000
L -2.687006 5.374012 2.687006
L 0.000000 2.687006 2.687006
K 0.000000 5.374012 5.374012
R -2.687006 2.687006 5.374012
I -2.687006 0.000000 2.687006
L -5.374012 2.687006 2.687006
K -5.374012 0.000000 0.000000


-99.230000	91963751610
12

V 0.000000 0.000000 0.000000
R 2.687006 2.687006 0.000000
R 0.000000 5.374012 0.000000
F -2.687006 2.687006 0.000000
D -5.374012 5.374012 0.000000
L -2.687006 5.374012 -2.687006
L 0.000000 2.687006 -2.687006
K 0.000000 5.374012 -5.374012
R -2.687006 2.687006 -5.374012
I -2.687006 0.000000 -2.687006
L -5.374012 2.687006 -2.687006
K -5.374012 0.000000 0.000000


-99.230000	207819b0ba0
12

V 0.000000 0.000000 0.000000
R 2.687006 2.687006 0.000000
R 0.000000 2.687006 -2.687006
F -2.687006 2.687006 0.000000
D 0.000000 5.374012 0.000000
L -2.687006 5.374012 2.687006
L -2.687006 2.687006 5.374012
K -5.374012 5.374012 5.374012
R -5.374012 2.687006 2.687006
I -2.687006 0.000000 2.687006
L 0.000000 2.687006 2.687006
K 0.000000 5.374012 5.374012


-99.230000	0278b190ba0
12

V 0.000000 0.000000 0.000000
R 2.687006 2.687006 0.000000
R 0.000000 2.687006 -2.687006
F -2.687006 2.687006 0.000000
D 0.000000 5.374012 0.000000
L 0.000000 2.687006 2.687006
L -2.687006 5.374012 2.687006
K -5.374012 5.374012 5.374012
R -5.374012 2.687006 2.687006
I -2.687006 0.000000 2.687006
L -2.687006 2.687006 5.374012
K 0.000000 5.374012 5.374012


-99.220000	b743199a2a0
12

V 0.000000 0.000000 0.000000
R 2.687006 2.687006 0.000000
R 0.000000 2.687006 -2.687006
F 0.000000 5.374012 0.000000
D -2.687006 5.374012 -2.687006
L -2.687006 2.687006 0.000000
L -2.687006 0.000000 2.687006
K -5.374012 2.687006 2.687006
R -5.374012 5.374012 0.000000
I -2.687006 5.374012 2.687006
L 0.000000 2.687006 2.687006
K -2.687006 2.687006 5.374012


-99.220000	b8a026642a0
12

V 0.000000 0.000000 0.000000
R 2.687006 2.687006 0.000000
R 0.000000 2.687006 -2.687006
F 0.000000 5.374012 0.000000
D 2.687006 5.374012 2.687006
L 0.000000 2.687006 2.687006
L -2.687006 0.000000 2.687006
K -2.687006 2.687006 5.374012
R 0.000000 5.374012 5.374012
I -2.687006 5.374012 2.687006
L -2.687006 2.687006 0.000000
K -5.374012 2.687006 2.687006


-99.220000	8181947ab10
12

V 0.000000 0.000000 0.000000
R 2.687006 2.687006 0.000000
R 0.000000 5.374012 0.000000
F -2.687006 5.374012 2.687006
D -5.374012 5.374012 0.000000
L -2.687006 2.687006 0.000000
L 0.000000 2.687006 2.687006
K 0.000000 0.000000 5.374012
R -2.687006 2.687006 5.374012
I -2.687006 0.000000 2.687006
L -5.374012 2.687006 2.687006
K -5.374012 0.000000 0.000000


-99.220000	73736b95a10
12

V 0.000000 0.000000 0.000000
R 2.687006 2.687006 0.000000
R 0.000000 5.374012 0.000000
F -2.687006 5.374012 -2.687006
D 0.000000 5.374012 -5.374012
L 0.000000 2.687006 -2.687006
L -2.687006 2.687006 0.000000
K -5.374012 0.000000 0.000000
R -5.374012 2.687006 -2.687006
I -2.687006 0.000000 -2.687006
L -2.687006 2.687006 -5.374012
K 0.000000 0.000000 -5.374012


-99.220000	72726a84b10
12

V 0.000000 0.000000 0.000000
R 2.687006 2.687006 0.000000
R 0.000000 5.374012 0.000000
F -2.687006 5.374012 2.687006
D 0.000000 5.374012 5.374012
L 0.000000 2.687006 2.687006
L -2.687006 2.687006 0.000000
K -5.374012 0.000000 0.000000
R -5.374012 2.687006 2.687006
I -2.687006 0.000000 2.687006
L -2.687006 2.687006 5.374012
K 0.000000 0.000000 5.374012


-99.220000	9191857ba10
12

V 0.000000 0.000000 0.000000
R 2.687006 2.687006 0.000000
R 0.000000 5.374012 0.000000
F -2.687006 5.374012 -2.687006
D -5.374012 5.374012 0.000000
L -2.687006 2.687006 0.000000
L 0.000000 2.687006 -2.687006
K 0.000000 0.000000 -5.374012
R -2.687006 2.687006 -5.374012
I -2.687006 0.000000 -2.687006
L -5.374012 2.687006 -2.687006
K -5.374012 0.000000 0.000000


-99.220000	0279a190ba0
12

V 0.000000 0.000000 0.000000
R 2.687006 2.687006 0.000000
R 0.000000 2.687006 -2.687006
F -2.687006 2.687006 0.000000
D 0.000000 5.374012 0.000000
L 0.000000 2.687006 2.687006
L -2.687006 5.374012 2.687006
K -5.374012 5.374012 0.000000
R -5.374012 2.687006 2.687006
I -2.687006 0.000000 2.687006
L -2.687006 2.687006 5.374012
K 0.000000 5.374012 5.374012


-99.210000	080362b8810
12

V 0.000000 0.000000 0.000000
R 2.687006 2.687006 0.000000
R 0.000000 5.374012 0.000000
F 0.000000 2.687006 -2.687006
D 0.000000 0.000000 -5.374012
L -2.687006 0.000000 -2.687006
L -2.687006 2.687006 0.000000
K -5.374012 0.000000 0.000000
R -5.374012 2.687006 -2.687006
I -2.687006 5.374012 -2.687006
L -2.687006 2.687006 -5.374012
K 0.000000 5.374012 -5.374012


-99.210000	090263a9910
12

V 0.000000 0.000000 0.000000
R 2.687006 2.687006 0.000000
R 0.000000 5.374012 0.000000
F 0.000000 2.687006 2.687006
D 0.000000 0.000000 5.374012
L -2.687006 0.000000 2.687006
L -2.687006 2.687006 0.000000
K -5.374012 0.000000 0.000000
R -5.374012 2.687006 2.687006
I -2.687006 5.374012 2.687006
L -2.687006 2.687006 5.374012
K 0.000000 5.374012 5.374012


-99.180000	318627b0ba0
12

V 0.000000 0.000000 0.000000
R 2.687006 2.687006 0.000000
R 0.000000 2.687006 -2.687006
F -2.687006 2.687006 0.000000
D 0.000000 5.374012 0.000000
L -2.687006 5.374012 2.687006
L 0.000000 2.687006 2.687006
K 0.000000 5.374012 5.374012
R -2.687006 2.687006 5.374012
I -2.687006 0.000000 2.687006
L -5.374012 2.687006 2.687006
K -5.374012 5.374012 0.000000


-99.180000	737819b3810
12

V 0.000000 0.000000 0.000000
R 2.687006 2.687006 0.000000
R 0.000000 5.374012 0.000000
F 0.000000 2.687006 -2.687006
D 0.000000 5.374012 -5.374012
L -2.687006 5.374012 -2.687006
L -2.687006 2.687006 0.000000
K -5.374012 5.374012 0.000000
R -5.374012 2.687006 -2.687006
I -2.687006 0.000000 -2.687006
L -2.687006 2.687006 -5.374012
K 0.000000 0.000000 -5.374012


-99.180000	31864190ba0
12

V 0.000000 0.000000 0.000000
R 2.687006 2.687006 0.000000
R 0.000000 2.687006 -2.687006
F -2.687006 2.687006 0.000000
D 0.000000 5.374012 0.000000
L 0.000000 2.687006 2.687006
L -2.687006 5.374012 2.687006
K 0.000000 5.374012 5.374012
R -2.687006 2.687006 5.374012
I -2.687006 0.000000 2.687006
L -5.374012 2.687006 2.687006
K -5.374012 5.374012 0.000000


-99.180000	727918a2910
12

V 0.000000 0.000000 0.000000
R 2.687006 2.687006 0.000000
R 0.000000 5.374012 0.000000
F 0.000000 2.687006 2.687006
D 0.000000 5.374012 5.374012
L -2.687006 5.374012 2.687006
L -2.687006 2.687006 0.000000
K -5.374012 5.374012 0.000000
R -5.374012 2.687006 2.687006
I -2.687006 0.000000 2.687006
L -2.687006 2.687006 5.374012
K 0.000000 0.000000 5.374012


-99.180000	3187b190ba0
12

V 0.000000 0.000000 0.000000
R 2.687006 2.687006 0.000000
R 0.000000 2.687006 -2.687006
F -2.687006 2.687006 0.000000
D 0.000000 5.374012 0.000000
L 0.000000 2.687006 2.687006
L -2.687006 5.374012 2.687006
K -5.374012 5.374012 5.374012
R -2.687006 2.687006 5.374012
I -2.687006 0.000000 2.687006
L -5.374012 2.687006 2.687006
K -5.374012 5.374012 0.000000


-99.170000	414761a7b40
12

V 0.000000 0.000000 0.000000
R 2.687006 2.687006 0.000000
R 5.374012 2.687006 2.687006
F 2.687006 2.687006 5.374012
D 5.374012 0.000000 5.374012
L 2.687006 0.000000 2.687006
L 0.000000 2.687006 2.687006
K -2.687006 0.000000 2.687006
R 0.000000 -2.687006 2.687006
I 2.687006 -2.687006 5.374012
L 0.000000 0.000000 5.374012
K 2.687006 0.000000 8.061017


-99.150000	a018b943ba0
12

V 0.000000 0.000000 0.000000
R 2.687006 2.687006 0.000000
R 0.000000 2.687006 -2.687006
F -2.687006 2.687006 0.000000
D -2.687006 5.374012 -2.687006
L 0.000000 5.374012 0.000000
L 0.000000 2.687006 2.687006
K -2.687006 2.687006 5.374012
R -2.687006 0.000000 2.687006
I -5.374012 2.687006 2.687006
L -2.687006 5.374012 2.687006
K -5.374012 5.374012 0.000000


-99.140000	4958b362910
12

V 0.000000 0.000000 0.000000
R 2.687006 2.687006 0.000000
R 0.000000 5.374012 0.000000
F 0.000000 2.687006 2.687006
D 0.000000 5.374012 5.374012
L -2.687006 2.687006 5.374012
L -2.687006 5.374012 2.687006
K -5.374012 5.374012 5.374012
R -5.374012 2.687006 2.687006
I -2.687006 2.687006 0.000000
L -2.687006 0.000000 2.687006
K 0.000000 0.000000 5.374012


-99.140000	584918b3810
12

V 0.000000 0.000000 0.000000
R 2.687006 2.687006 0.000000
R 0.000000 5.374012 0.000000
F 0.000000 2.687006 -2.687006
D 0.000000 5.374012 -5.374012
L -2.687006 5.374012 -2.687006
L -2.687006 2.687006 -5.374012
K -5.374012 5.374012 -5.374012
R -5.374012 2.687006 -2.687006
I -2.687006 2.687006 0.000000
L -2.687006 0.000000 -2.687006
K 0.000000 0.000000 -5.374012


-99.140000	495369a2910
12

V 0.000000 0.000000 0.000000
R 2.687006 2.687006 0.000000
R 0.000000 5.374012 0.000000
F 0.000000 2.687006 2.687006
D 0.000000 5.374012 5.374012
L -2.687006 5.374012 2.687006
L -2.687006 2.687006 5.374012
K -5.374012 0.000000 5.374012
R -5.374012 2.687006 2.687006
I -2.687006 2.687006 0.000000
L -2.687006 0.000000 2.687006
K 0.000000 0.000000 5.374012


-99.140000	4253b819910
12

V 0.000000 0.000000 0.000000
R 2.687006 2.687006 0.000000
R 0.000000 5.374012 0.000000
F 0.000000 2.687006 2.687006
D 0.000000 0.000000 5.374012
L -2.687006 2.687006 5.374012
L -2.687006 0.000000 2.687006
K -5.374012 0.000000 5.374012
R -5.374012 2.687006 2.687006
I -2.687006 2.687006 0.000000
L -2.687006 5.374012 2.687006
K 0.000000 5.374012 5.374012


-99.140000	534913b8810
12

V 0.000000 0.000000 0.000000
R 2.687006 2.687006 0.000000
R 0.000000 5.374012 0.000000
F 0.000000 2.687006 -2.687006
D 0.000000 0.000000 -5.374012
L -2.687006 0.000000 -2.687006
L -2.687006 2.687006 -5.374012
K -5.374012 5.374012 -5.374012
R -5.374012 2.687006 -2.687006
I -2.687006 2.687006 0.000000
L -2.687006 5.374012 -2.687006
K 0.000000 5.374012 -5.374012


-99.140000	584268b3810
12

V 0.000000 0.000000 0.000000
R 2.687006 2.687006 0.000000
R 0.000000 5.374012 0.000000
F 0.000000 2.687006 -2.687006
D 0.000000 5.374012 -5.374012
L -2.687006 5.374012 -2.687006
L -2.687006 2.687006 -5.374012
K -5.374012 0.000000 -5.374012
R -5.374012 2.687006 -2.687006
I -2.687006 2.687006 0.000000
L -2.687006 0.000000 -2.687006
K 0.000000 0.000000 -5.374012


-99.140000	5342a918810
12

V 0.000000 0.000000 0.000000
R 2.687006 2.687006 0.000000
R 0.000000 5.374012 0.000000
F 0.000000 2.687006 -2.687006
D 0.000000 0.000000 -5.374012
L -2.687006 2.687006 -5.374012
L -2.687006 0.000000 -2.687006
K -5.374012 0.000000 -5.374012
R -5.374012 2.687006 -2.687006
I -2.687006 2.687006 0.000000
L -2.687006 5.374012 -2.687006
K 0.000000 5.374012 -5.374012


-99.140000	5849a263810
12

V 0.000000 0.000000 0.000000
R 2.687006 2.687006 0.000000
R 0.000000 5.374012 0.000000
F 0.000000 2.687006 -2.687006
D 0.000000 5.374012 -5.374012
L -2.687006 2.687006 -5.374012
L -2.687006 5.374012 -2.687006
K -5.374012 5.374012 -5.374012
R -5.374012 2.687006 -2.687006
I -2.687006 2.687006 0.000000
L -2.687006 0.000000 -2.687006
K 0.000000 0.000000 -5.374012


-99.140000	425812a9910
12

V 0.000000 0.000000 0.000000
R 2.687006 2.687006 0.000000
R 0.000000 5.374012 0.000000
F 0.000000 2.687006 2.687006
D 0.000000 0.000000 5.374012
L -2.687006 0.000000 2.687006
L -2.687006 2.687006 5.374012
K -5.374012 5.374012 5.374012
R -5.374012 2.687006 2.687006
I -2.687006 2.687006 0.000000
L -2.687006 5.374012 2.687006
K 0.000000 5.374012 5.374012


-99.140000	425362a9910
12

V 0.000000 0.000000 0.000000
R 2.687006 2.687006 0.000000
R 0.000000 5.374012 0.000000
F 0.000000 2.687006 2.687006
D 0.000000 0.000000 5.374012
L -2.687006 0.000000 2.687006
L -2.687006 2.687006 5.374012
K -5.374012 0.000000 5.374012
R -5.374012 2.687006 2.687006
I -2.687006 2.687006 0.000000
L -2.687006 5.374012 2.687006
K 0.000000 5.374012 5.374012


-99.140000	495819a2910
12

V 0.000000 0.000000 0.000000
R 2.687006 2.687006 0.000000
R 0.000000 5.374012 0.000000
F 0.000000 2.687006 2.687006
D 0.000000 5.374012 5.374012
L -2.687006 5.374012 2.687006
L -2.687006 2.687006 5.374012
K -5.374012 5.374012 5.374012
R -5.374012 2.687006 2.687006
I -2.687006 2.687006 0.000000
L -2.687006 0.000000 2.687006
K 0.000000 0.000000 5.374012


-99.140000	534263b8810
12

V 0.000000 0.000000 0.000000
R 2.687006 2.687006 0.000000
R 0.000000 5.374012 0.000000
F 0.000000 2.687006 -2.687006
D 0.000000 0.000000 -5.374012
L -2.687006 0.000000 -2.687006
L -2.687006 2.687006 -5.374012
K -5.374012 0.000000 -5.374012
R -5.374012 2.687006 -2.687006
I -2.687006 2.687006 0.000000
L -2.687006 5.374012 -2.687006
K 0.000000 5.374012 -5.374012


