-59.864481	3102032012301	111000010011010010011
14

I 0.000000 0.000000 0.000000
N 2.193931 2.193931 -2.193931
W 4.387862 0.000000 -4.387862
L 6.581793 -2.193931 -2.193931
K 8.775724 0.000000 0.000000
L 10.969655 2.193931 -2.193931
G 13.163586 0.000000 -4.387862
K 10.969655 -2.193931 -6.581793
K 8.775724 0.000000 -8.775724
I 6.581793 2.193931 -6.581793
I 8.775724 4.387862 -4.387862
A 6.581793 6.581793 -2.193931
S 4.387862 4.387862 -0.000000
L 6.581793 2.193931 2.193931


-59.864481	1302012032101	101100010010010011010
14

I 0.000000 0.000000 0.000000
N 2.193931 2.193931 -2.193931
W 4.387862 0.000000 -4.387862
L 6.581793 2.193931 -6.581793
K 8.775724 4.387862 -4.387862
L 10.969655 2.193931 -2.193931
G 13.163586 0.000000 -4.387862
K 10.969655 -2.193931 -6.581793
K 8.775724 -4.387862 -4.387862
I 6.581793 -2.193931 -2.193931
I 8.775724 0.000000 -0.000000
A 6.581793 2.193931 2.193931
S 4.387862 4.387862 -0.000000
L 6.581793 6.581793 -2.193931


-59.864481	1203013023101	100100110010110001110
14

I 0.000000 0.000000 0.000000
N 2.193931 2.193931 -2.193931
W 4.387862 0.000000 -4.387862
L 6.581793 2.193931 -6.581793
K 4.387862 4.387862 -8.775724
L 2.193931 2.193931 -10.969655
G 4.387862 0.000000 -13.163586
K 6.581793 -2.193931 -10.969655
K 4.387862 -4.387862 -8.775724
I 2.193931 -2.193931 -6.581793
I 0.000000 0.000000 -8.775724
A -2.193931 2.193931 -6.581793
S 0.000000 4.387862 -4.387862
L 2.193931 6.581793 -6.581793


-59.413323	0210130120301	000110001011001001001
14

I 0.000000 0.000000 0.000000
N 2.193931 2.193931 -2.193931
W 4.387862 0.000000 -4.387862
L 6.581793 -2.193931 -2.193931
K 8.775724 -4.387862 -4.387862
L 6.581793 -6.581793 -6.581793
G 4.387862 -8.775724 -4.387862
K 2.193931 -6.581793 -2.193931
K 0.000000 -4.387862 -4.387862
I 2.193931 -2.193931 -6.581793
I 4.387862 -4.387862 -8.775724
A 6.581793 -2.193931 -10.969655
S 8.775724 -0.000000 -8.775724
L 6.581793 2.193931 -6.581793


-58.153386	1301031021301	101100100011100001101
14

I 0.000000 0.000000 0.000000
N 2.193931 2.193931 -2.193931
W 4.387862 0.000000 -4.387862
L 6.581793 -2.193931 -2.193931
K 4.387862 -4.387862 0.000000
L 2.193931 -6.581793 -2.193931
G 4.387862 -8.775724 -4.387862
K 6.581793 -6.581793 -6.581793
K 4.387862 -4.387862 -8.775724
I 2.193931 -2.193931 -6.581793
I 0.000000 -4.387862 -4.387862
A -2.193931 -2.193931 -2.193931
S -4.387862 -0.000000 -4.387862
L -2.193931 2.193931 -6.581793


-57.570082	0320210230101	001101000110000111000
14

I 0.000000 0.000000 0.000000
N 2.193931 2.193931 -2.193931
W 4.387862 0.000000 -4.387862
L 6.581793 2.193931 -6.581793
K 8.775724 0.000000 -8.775724
L 10.969655 -2.193931 -6.581793
G 13.163586 0.000000 -4.387862
K 10.969655 2.193931 -2.193931
K 8.775724 0.000000 -0.000000
I 6.581793 -2.193931 -2.193931
I 8.775724 -4.387862 -4.387862
A 6.581793 -6.581793 -6.581793
S 4.387862 -4.387862 -8.775724
L 2.193931 -2.193931 -6.581793


-57.570082	0230310320101	000111001110001101000
14

I 0.000000 0.000000 0.000000
N 2.193931 2.193931 -2.193931
W 4.387862 0.000000 -4.387862
L 6.581793 2.193931 -6.581793
K 8.775724 0.000000 -8.775724
L 6.581793 -2.193931 -10.969655
G 4.387862 0.000000 -13.163586
K 2.193931 2.193931 -10.969655
K 0.000000 0.000000 -8.775724
I 2.193931 -2.193931 -6.581793
I 4.387862 -4.387862 -8.775724
A 6.581793 -6.581793 -6.581793
S 8.775724 -4.387862 -4.387862
L 6.581793 -2.193931 -2.193931


-57.570082	0120230210301	001001000111000110001
14

I 0.000000 0.000000 0.000000
N 2.193931 2.193931 -2.193931
W 4.387862 0.000000 -4.387862
L 6.581793 -2.193931 -2.193931
K 8.775724 -4.387862 -4.387862
L 10.969655 -2.193931 -6.581793
G 13.163586 0.000000 -4.387862
K 10.969655 2.193931 -2.193931
K 8.775724 4.387862 -4.387862
I 6.581793 2.193931 -6.581793
I 8.775724 0.000000 -8.775724
A 6.581793 -2.193931 -10.969655
S 4.387862 -4.387862 -8.775724
L 2.193931 -2.193931 -6.581793


-57.329407	1321023120101	101101100001111001000
14

I 0.000000 0.000000 0.000000
N 2.193931 2.193931 -2.193931
W 4.387862 0.000000 -4.387862
L 6.581793 2.193931 -6.581793
K 8.775724 0.000000 -8.775724
L 6.581793 -2.193931 -10.969655
G 4.387862 -4.387862 -8.775724
K 6.581793 -6.581793 -6.581793
K 8.775724 -4.387862 -4.387862
I 6.581793 -2.193931 -2.193931
I 4.387862 -4.387862 -0.000000
A 2.193931 -6.581793 -2.193931
S 0.000000 -4.387862 -4.387862
L 2.193931 -2.193931 -6.581793


-57.329407	1231032130101	100111100011011011000
14

I 0.000000 0.000000 0.000000
N 2.193931 2.193931 -2.193931
W 4.387862 0.000000 -4.387862
L 6.581793 2.193931 -6.581793
K 8.775724 0.000000 -8.775724
L 10.969655 -2.193931 -6.581793
G 8.775724 -4.387862 -4.387862
K 6.581793 -6.581793 -6.581793
K 4.387862 -4.387862 -8.775724
I 2.193931 -2.193931 -6.581793
I 0.000000 -4.387862 -4.387862
A 2.193931 -6.581793 -2.193931
S 4.387862 -4.387862 -0.000000
L 6.581793 -2.193931 -2.193931


-57.081734	3010130121301	110010001011001001101
14

I 0.000000 0.000000 0.000000
N 2.193931 2.193931 -2.193931
W 4.387862 0.000000 -4.387862
L 6.581793 -2.193931 -2.193931
K 4.387862 -4.387862 0.000000
L 2.193931 -6.581793 -2.193931
G 0.000000 -8.775724 0.000000
K -2.193931 -6.581793 2.193931
K -4.387862 -4.387862 0.000000
I -2.193931 -2.193931 -2.193931
I 0.000000 -4.387862 -4.387862
A 2.193931 -2.193931 -6.581793
S 4.387862 -4.387862 -8.775724
L 6.581793 -6.581793 -6.581793


-56.218312	2031230232101	010011100111000111010
14

I 0.000000 0.000000 0.000000
N 2.193931 2.193931 -2.193931
W 4.387862 0.000000 -4.387862
L 6.581793 2.193931 -6.581793
K 8.775724 4.387862 -4.387862
L 10.969655 2.193931 -2.193931
G 13.163586 4.387862 -0.000000
K 10.969655 6.581793 2.193931
K 8.775724 8.775724 -0.000000
I 6.581793 6.581793 -2.193931
I 4.387862 4.387862 -0.000000
A 6.581793 2.193931 2.193931
S 8.775724 0.000000 -0.000000
L 6.581793 -2.193931 -2.193931


-56.218312	2013210212301	010010110110000110011
14

I 0.000000 0.000000 0.000000
N 2.193931 2.193931 -2.193931
W 4.387862 0.000000 -4.387862
L 6.581793 -2.193931 -2.193931
K 8.775724 0.000000 0.000000
L 10.969655 2.193931 -2.193931
G 13.163586 4.387862 0.000000
K 10.969655 6.581793 2.193931
K 8.775724 4.387862 4.387862
I 6.581793 2.193931 2.193931
I 4.387862 4.387862 0.000000
A 6.581793 6.581793 -2.193931
S 8.775724 4.387862 -4.387862
L 6.581793 2.193931 -6.581793


-56.218312	3021320323101	110001101101001101110
14

I 0.000000 0.000000 0.000000
N 2.193931 2.193931 -2.193931
W 4.387862 0.000000 -4.387862
L 6.581793 2.193931 -6.581793
K 4.387862 4.387862 -8.775724
L 2.193931 2.193931 -10.969655
G 0.000000 4.387862 -13.163586
K -2.193931 6.581793 -10.969655
K 0.000000 8.775724 -8.775724
I 2.193931 6.581793 -6.581793
I 0.000000 4.387862 -4.387862
A -2.193931 2.193931 -6.581793
S 0.000000 0.000000 -8.775724
L 2.193931 -2.193931 -6.581793


-56.184083	3021031021301	110001100011100001101
14

I 0.000000 0.000000 0.000000
N 2.193931 2.193931 -2.193931
W 4.387862 0.000000 -4.387862
L 6.581793 -2.193931 -2.193931
K 4.387862 -4.387862 0.000000
L 2.193931 -6.581793 -2.193931
G 4.387862 -8.775724 -4.387862
K 6.581793 -6.581793 -6.581793
K 4.387862 -4.387862 -8.775724
I 2.193931 -2.193931 -6.581793
I 0.000000 -4.387862 -4.387862
A -2.193931 -6.581793 -6.581793
S 0.000000 -8.775724 -8.775724
L 2.193931 -10.969655 -6.581793


-56.065196	3101031021301	111000100011100001101
14

I 0.000000 0.000000 0.000000
N 2.193931 2.193931 -2.193931
W 4.387862 0.000000 -4.387862
L 6.581793 -2.193931 -2.193931
K 4.387862 -4.387862 0.000000
L 2.193931 -6.581793 -2.193931
G 4.387862 -8.775724 -4.387862
K 6.581793 -6.581793 -6.581793
K 4.387862 -4.387862 -8.775724
I 2.193931 -2.193931 -6.581793
I 0.000000 -4.387862 -4.387862
A -2.193931 -2.193931 -2.193931
S -4.387862 -4.387862 -0.000000
L -2.193931 -6.581793 2.193931


-55.589361	1310312103101	101110001110011000110
14

I 0.000000 0.000000 0.000000
N 2.193931 2.193931 -2.193931
W 4.387862 0.000000 -4.387862
L 6.581793 2.193931 -6.581793
K 4.387862 4.387862 -8.775724
L 2.193931 6.581793 -6.581793
G 0.000000 4.387862 -4.387862
K -2.193931 2.193931 -6.581793
K -4.387862 0.000000 -4.387862
I -2.193931 -2.193931 -2.193931
I 0.000000 -4.387862 -4.387862
A 2.193931 -2.193931 -6.581793
S 0.000000 0.000000 -8.775724
L 2.193931 2.193931 -10.969655


-55.589361	1210213102101	100110000110111000010
14

I 0.000000 0.000000 0.000000
N 2.193931 2.193931 -2.193931
W 4.387862 0.000000 -4.387862
L 6.581793 2.193931 -6.581793
K 8.775724 4.387862 -4.387862
L 6.581793 6.581793 -2.193931
G 4.387862 4.387862 -0.000000
K 6.581793 2.193931 2.193931
K 4.387862 0.000000 4.387862
I 2.193931 -2.193931 2.193931
I 4.387862 -4.387862 -0.000000
A 6.581793 -2.193931 -2.193931
S 8.775724 0.000000 -0.000000
L 10.969655 2.193931 -2.193931


-55.360842	3013123101301	110010111001111000101
14

I 0.000000 0.000000 0.000000
N 2.193931 2.193931 -2.193931
W 4.387862 0.000000 -4.387862
L 6.581793 -2.193931 -2.193931
K 4.387862 -4.387862 0.000000
L 2.193931 -2.193931 2.193931
G 0.000000 -4.387862 4.387862
K 2.193931 -6.581793 6.581793
K 4.387862 -4.387862 8.775724
I 6.581793 -2.193931 6.581793
I 4.387862 -0.000000 4.387862
A 6.581793 2.193931 2.193931
S 8.775724 -0.000000 0.000000
L 10.969655 -2.193931 2.193931


-55.320576	2020310302301	010001001110001100011
14

I 0.000000 0.000000 0.000000
N 2.193931 2.193931 -2.193931
W 4.387862 0.000000 -4.387862
L 6.581793 -2.193931 -2.193931
K 8.775724 0.000000 0.000000
L 6.581793 2.193931 2.193931
G 4.387862 4.387862 0.000000
K 2.193931 6.581793 2.193931
K 0.000000 4.387862 4.387862
I 2.193931 2.193931 6.581793
I 4.387862 0.000000 4.387862
A 2.193931 -2.193931 2.193931
S 4.387862 -4.387862 0.000000
L 2.193931 -6.581793 -2.193931


-55.320576	3020310302301	110001001110001100011
14

I 0.000000 0.000000 0.000000
N 2.193931 2.193931 -2.193931
W 4.387862 0.000000 -4.387862
L 6.581793 -2.193931 -2.193931
K 8.775724 0.000000 0.000000
L 6.581793 2.193931 2.193931
G 4.387862 4.387862 0.000000
K 2.193931 6.581793 2.193931
K 0.000000 4.387862 4.387862
I 2.193931 2.193931 6.581793
I 4.387862 0.000000 4.387862
A 2.193931 -2.193931 2.193931
S 4.387862 -4.387862 0.000000
L 6.581793 -6.581793 2.193931


-55.192000	1021031021301	100001100011100001101
14

I 0.000000 0.000000 0.000000
N 2.193931 2.193931 -2.193931
W 4.387862 0.000000 -4.387862
L 6.581793 -2.193931 -2.193931
K 4.387862 -4.387862 0.000000
L 2.193931 -6.581793 -2.193931
G 4.387862 -8.775724 -4.387862
K 6.581793 -6.581793 -6.581793
K 4.387862 -4.387862 -8.775724
I 2.193931 -2.193931 -6.581793
I 0.000000 -4.387862 -4.387862
A -2.193931 -6.581793 -6.581793
S 0.000000 -8.775724 -8.775724
L 2.193931 -6.581793 -10.969655


-55.179690	1312012132101	101110010010011011010
14

I 0.000000 0.000000 0.000000
N 2.193931 2.193931 -2.193931
W 4.387862 0.000000 -4.387862
L 6.581793 2.193931 -6.581793
K 8.775724 4.387862 -4.387862
L 10.969655 2.193931 -2.193931
G 8.775724 0.000000 -0.000000
K 6.581793 -2.193931 -2.193931
K 4.387862 -4.387862 -0.000000
I 2.193931 -2.193931 2.193931
I 4.387862 0.000000 4.387862
A 6.581793 2.193931 2.193931
S 4.387862 4.387862 -0.000000
L 6.581793 6.581793 -2.193931


-55.179690	1213013123101	100110110010111001110
14

I 0.000000 0.000000 0.000000
N 2.193931 2.193931 -2.193931
W 4.387862 0.000000 -4.387862
L 6.581793 2.193931 -6.581793
K 4.387862 4.387862 -8.775724
L 2.193931 2.193931 -10.969655
G 0.000000 0.000000 -8.775724
K 2.193931 -2.193931 -6.581793
K 0.000000 -4.387862 -4.387862
I -2.193931 -2.193931 -2.193931
I -4.387862 0.000000 -4.387862
A -2.193931 2.193931 -6.581793
S 0.000000 4.387862 -4.387862
L 2.193931 6.581793 -6.581793


-55.130286	1032130101301	100011011011001000101
14

I 0.000000 0.000000 0.000000
N 2.193931 2.193931 -2.193931
W 4.387862 0.000000 -4.387862
L 6.581793 -2.193931 -2.193931
K 4.387862 -4.387862 0.000000
L 2.193931 -2.193931 2.193931
G 0.000000 -4.387862 4.387862
K -2.193931 -2.193931 6.581793
K -4.387862 0.000000 4.387862
I -2.193931 2.193931 2.193931
I 0.000000 4.387862 4.387862
A 2.193931 2.193931 6.581793
S 4.387862 0.000000 4.387862
L 6.581793 2.193931 2.193931


-55.043771	0312302321301	001110011100011101101
14

I 0.000000 0.000000 0.000000
N 2.193931 2.193931 -2.193931
W 4.387862 0.000000 -4.387862
L 6.581793 -2.193931 -2.193931
K 4.387862 -4.387862 0.000000
L 2.193931 -6.581793 -2.193931
G 0.000000 -4.387862 -4.387862
K -2.193931 -6.581793 -6.581793
K 0.000000 -8.775724 -8.775724
I 2.193931 -10.969655 -6.581793
I 4.387862 -8.775724 -4.387862
A 6.581793 -6.581793 -6.581793
S 4.387862 -4.387862 -8.775724
L 2.193931 -2.193931 -6.581793


-54.927114	0312301321301	001110011100101101101
14

I 0.000000 0.000000 0.000000
N 2.193931 2.193931 -2.193931
W 4.387862 0.000000 -4.387862
L 6.581793 -2.193931 -2.193931
K 4.387862 -4.387862 0.000000
L 2.193931 -6.581793 -2.193931
G 0.000000 -4.387862 -4.387862
K 2.193931 -2.193931 -6.581793
K 4.387862 -4.387862 -8.775724
I 6.581793 -6.581793 -6.581793
I 8.775724 -4.387862 -4.387862
A 10.969655 -2.193931 -6.581793
S 8.775724 -0.000000 -8.775724
L 6.581793 2.193931 -6.581793


-54.810434	1323023120301	101101110001111001001
14

I 0.000000 0.000000 0.000000
N 2.193931 2.193931 -2.193931
W 4.387862 0.000000 -4.387862
L 6.581793 -2.193931 -2.193931
K 8.775724 -4.387862 -4.387862
L 6.581793 -6.581793 -6.581793
G 4.387862 -8.775724 -4.387862
K 6.581793 -10.969655 -2.193931
K 8.775724 -8.775724 -0.000000
I 6.581793 -6.581793 2.193931
I 4.387862 -4.387862 -0.000000
A 2.193931 -6.581793 -2.193931
S 0.000000 -4.387862 -4.387862
L 2.193931 -2.193931 -6.581793


-54.765229	2102012032101	011000010010010011010
14

I 0.000000 0.000000 0.000000
N 2.193931 2.193931 -2.193931
W 4.387862 0.000000 -4.387862
L 6.581793 2.193931 -6.581793
K 8.775724 4.387862 -4.387862
L 10.969655 2.193931 -2.193931
G 13.163586 0.000000 -4.387862
K 10.969655 -2.193931 -6.581793
K 8.775724 -4.387862 -4.387862
I 6.581793 -2.193931 -2.193931
I 8.775724 0.000000 -0.000000
A 6.581793 2.193931 2.193931
S 4.387862 0.000000 4.387862
L 2.193931 -2.193931 2.193931


-54.765229	3103013023101	111000110010110001110
14

I 0.000000 0.000000 0.000000
N 2.193931 2.193931 -2.193931
W 4.387862 0.000000 -4.387862
L 6.581793 2.193931 -6.581793
K 4.387862 4.387862 -8.775724
L 2.193931 2.193931 -10.969655
G 4.387862 0.000000 -13.163586
K 6.581793 -2.193931 -10.969655
K 4.387862 -4.387862 -8.775724
I 2.193931 -2.193931 -6.581793
I 0.000000 0.000000 -8.775724
A -2.193931 2.193931 -6.581793
S -4.387862 0.000000 -4.387862
L -2.193931 -2.193931 -2.193931


-54.695610	3012032021301	110010010011010001101
14

I 0.000000 0.000000 0.000000
N 2.193931 2.193931 -2.193931
W 4.387862 0.000000 -4.387862
L 6.581793 -2.193931 -2.193931
K 4.387862 -4.387862 0.000000
L 2.193931 -6.581793 -2.193931
G 4.387862 -8.775724 -4.387862
K 2.193931 -10.969655 -6.581793
K 0.000000 -8.775724 -8.775724
I -2.193931 -6.581793 -6.581793
I 0.000000 -4.387862 -4.387862
A 2.193931 -2.193931 -6.581793
S 4.387862 -4.387862 -8.775724
L 6.581793 -6.581793 -6.581793


-54.656739	0310130121301	001110001011001001101
14

I 0.000000 0.000000 0.000000
N 2.193931 2.193931 -2.193931
W 4.387862 0.000000 -4.387862
L 6.581793 -2.193931 -2.193931
K 4.387862 -4.387862 0.000000
L 2.193931 -6.581793 -2.193931
G 0.000000 -8.775724 0.000000
K -2.193931 -6.581793 2.193931
K -4.387862 -4.387862 0.000000
I -2.193931 -2.193931 -2.193931
I 0.000000 -4.387862 -4.387862
A 2.193931 -2.193931 -6.581793
S 0.000000 -0.000000 -8.775724
L -2.193931 2.193931 -6.581793


-54.555133	3210130120301	110110001011001001001
14

I 0.000000 0.000000 0.000000
N 2.193931 2.193931 -2.193931
W 4.387862 0.000000 -4.387862
L 6.581793 -2.193931 -2.193931
K 8.775724 -4.387862 -4.387862
L 6.581793 -6.581793 -6.581793
G 4.387862 -8.775724 -4.387862
K 2.193931 -6.581793 -2.193931
K 0.000000 -4.387862 -4.387862
I 2.193931 -2.193931 -6.581793
I 4.387862 -4.387862 -8.775724
A 6.581793 -2.193931 -10.969655
S 8.775724 -0.000000 -8.775724
L 10.969655 -2.193931 -6.581793


-54.276864	2010130102301	010010001011001000011
14

I 0.000000 0.000000 0.000000
N 2.193931 2.193931 -2.193931
W 4.387862 0.000000 -4.387862
L 6.581793 -2.193931 -2.193931
K 8.775724 0.000000 0.000000
L 6.581793 2.193931 2.193931
G 4.387862 0.000000 4.387862
K 2.193931 2.193931 6.581793
K 0.000000 4.387862 4.387862
I 2.193931 6.581793 2.193931
I 4.387862 4.387862 0.000000
A 6.581793 6.581793 -2.193931
S 8.775724 4.387862 -4.387862
L 6.581793 2.193931 -6.581793


-54.129020	0320230132301	001101000111001011011
14

I 0.000000 0.000000 0.000000
N 2.193931 2.193931 -2.193931
W 4.387862 0.000000 -4.387862
L 6.581793 -2.193931 -2.193931
K 8.775724 0.000000 0.000000
L 10.969655 -2.193931 2.193931
G 8.775724 -4.387862 4.387862
K 6.581793 -2.193931 6.581793
K 4.387862 0.000000 4.387862
I 2.193931 -2.193931 2.193931
I 4.387862 -4.387862 0.000000
A 2.193931 -6.581793 -2.193931
S 0.000000 -4.387862 -4.387862
L -2.193931 -2.193931 -2.193931


-53.940263	0310132101301	001110001011011000101
14

I 0.000000 0.000000 0.000000
N 2.193931 2.193931 -2.193931
W 4.387862 0.000000 -4.387862
L 6.581793 -2.193931 -2.193931
K 4.387862 -4.387862 0.000000
L 2.193931 -2.193931 2.193931
G 0.000000 -4.387862 4.387862
K -2.193931 -6.581793 2.193931
K -4.387862 -4.387862 0.000000
I -2.193931 -2.193931 -2.193931
I 0.000000 -4.387862 -4.387862
A 2.193931 -2.193931 -6.581793
S 0.000000 -0.000000 -8.775724
L -2.193931 2.193931 -6.581793


-53.801898	1202310320301	100100011110001101001
14

I 0.000000 0.000000 0.000000
N 2.193931 2.193931 -2.193931
W 4.387862 0.000000 -4.387862
L 6.581793 -2.193931 -2.193931
K 8.775724 -4.387862 -4.387862
L 6.581793 -6.581793 -6.581793
G 4.387862 -4.387862 -8.775724
K 2.193931 -2.193931 -6.581793
K 0.000000 -4.387862 -4.387862
I 2.193931 -6.581793 -2.193931
I 4.387862 -4.387862 -0.000000
A 2.193931 -2.193931 2.193931
S 4.387862 -0.000000 4.387862
L 6.581793 2.193931 2.193931


-53.729776	3010130102301	110010001011001000011
14

I 0.000000 0.000000 0.000000
N 2.193931 2.193931 -2.193931
W 4.387862 0.000000 -4.387862
L 6.581793 -2.193931 -2.193931
K 8.775724 0.000000 0.000000
L 6.581793 2.193931 2.193931
G 4.387862 0.000000 4.387862
K 2.193931 2.193931 6.581793
K 0.000000 4.387862 4.387862
I 2.193931 6.581793 2.193931
I 4.387862 4.387862 0.000000
A 6.581793 6.581793 -2.193931
S 8.775724 4.387862 -4.387862
L 10.969655 2.193931 -2.193931


-53.610592	2103021031301	011000110001100011101
14

I 0.000000 0.000000 0.000000
N 2.193931 2.193931 -2.193931
W 4.387862 0.000000 -4.387862
L 6.581793 -2.193931 -2.193931
K 4.387862 -4.387862 0.000000
L 6.581793 -6.581793 2.193931
G 8.775724 -8.775724 0.000000
K 10.969655 -6.581793 -2.193931
K 13.163586 -4.387862 0.000000
I 10.969655 -2.193931 2.193931
I 8.775724 -0.000000 0.000000
A 6.581793 2.193931 2.193931
S 4.387862 -0.000000 4.387862
L 2.193931 -2.193931 2.193931


-53.431103	1320230132301	101101000111001011011
14

I 0.000000 0.000000 0.000000
N 2.193931 2.193931 -2.193931
W 4.387862 0.000000 -4.387862
L 6.581793 -2.193931 -2.193931
K 8.775724 0.000000 0.000000
L 10.969655 -2.193931 2.193931
G 8.775724 -4.387862 4.387862
K 6.581793 -2.193931 6.581793
K 4.387862 0.000000 4.387862
I 2.193931 -2.193931 2.193931
I 4.387862 -4.387862 0.000000
A 2.193931 -6.581793 -2.193931
S 0.000000 -4.387862 -4.387862
L 2.193931 -2.193931 -6.581793


-53.312267	1203012032301	100100110010010011011
14

I 0.000000 0.000000 0.000000
N 2.193931 2.193931 -2.193931
W 4.387862 0.000000 -4.387862
L 6.581793 -2.193931 -2.193931
K 8.775724 0.000000 0.000000
L 10.969655 -2.193931 2.193931
G 13.163586 -4.387862 0.000000
K 10.969655 -6.581793 -2.193931
K 8.775724 -8.775724 0.000000
I 6.581793 -6.581793 2.193931
I 4.387862 -4.387862 0.000000
A 2.193931 -2.193931 2.193931
S 4.387862 -0.000000 4.387862
L 6.581793 2.193931 2.193931


-53.190434	3013102101301	110010111000011000101
14

I 0.000000 0.000000 0.000000
N 2.193931 2.193931 -2.193931
W 4.387862 0.000000 -4.387862
L 6.581793 -2.193931 -2.193931
K 4.387862 -4.387862 0.000000
L 2.193931 -2.193931 2.193931
G 0.000000 -4.387862 4.387862
K -2.193931 -6.581793 2.193931
K 0.000000 -8.775724 0.000000
I 2.193931 -6.581793 -2.193931
I 0.000000 -4.387862 -4.387862
A 2.193931 -2.193931 -6.581793
S 4.387862 -4.387862 -8.775724
L 6.581793 -6.581793 -6.581793


-53.041313	1302312320301	101100011110011101001
14

I 0.000000 0.000000 0.000000
N 2.193931 2.193931 -2.193931
W 4.387862 0.000000 -4.387862
L 6.581793 -2.193931 -2.193931
K 8.775724 -4.387862 -4.387862
L 6.581793 -6.581793 -6.581793
G 4.387862 -4.387862 -8.775724
K 2.193931 -6.581793 -10.969655
K 0.000000 -8.775724 -8.775724
I 2.193931 -10.969655 -6.581793
I 4.387862 -8.775724 -4.387862
A 2.193931 -6.581793 -2.193931
S 0.000000 -4.387862 -4.387862
L 2.193931 -2.193931 -6.581793


-52.949690	0310302103101	001110001100011000110
14

I 0.000000 0.000000 0.000000
N 2.193931 2.193931 -2.193931
W 4.387862 0.000000 -4.387862
L 6.581793 2.193931 -6.581793
K 4.387862 4.387862 -8.775724
L 2.193931 6.581793 -6.581793
G 0.000000 4.387862 -4.387862
K -2.193931 2.193931 -6.581793
K 0.000000 0.000000 -8.775724
I 2.193931 -2.193931 -6.581793
I 4.387862 -4.387862 -8.775724
A 6.581793 -2.193931 -10.969655
S 4.387862 0.000000 -13.163586
L 2.193931 2.193931 -10.969655


-52.949690	0210203102101	000110000100111000010
14

I 0.000000 0.000000 0.000000
N 2.193931 2.193931 -2.193931
W 4.387862 0.000000 -4.387862
L 6.581793 2.193931 -6.581793
K 8.775724 4.387862 -4.387862
L 6.581793 6.581793 -2.193931
G 4.387862 4.387862 -0.000000
K 6.581793 2.193931 2.193931
K 8.775724 0.000000 -0.000000
I 6.581793 -2.193931 -2.193931
I 8.775724 -4.387862 -4.387862
A 10.969655 -2.193931 -6.581793
S 13.163586 0.000000 -4.387862
L 10.969655 2.193931 -2.193931


-52.949690	0230201302301	000111000100101100011
14

I 0.000000 0.000000 0.000000
N 2.193931 2.193931 -2.193931
W 4.387862 0.000000 -4.387862
L 6.581793 -2.193931 -2.193931
K 8.775724 0.000000 0.000000
L 6.581793 2.193931 2.193931
G 4.387862 4.387862 0.000000
K 6.581793 6.581793 -2.193931
K 8.775724 4.387862 -4.387862
I 6.581793 2.193931 -6.581793
I 8.775724 0.000000 -8.775724
A 10.969655 -2.193931 -6.581793
S 13.163586 0.000000 -4.387862
L 10.969655 2.193931 -2.193931


-52.760944	1030230132301	100011000111001011011
14

I 0.000000 0.000000 0.000000
N 2.193931 2.193931 -2.193931
W 4.387862 0.000000 -4.387862
L 6.581793 -2.193931 -2.193931
K 8.775724 0.000000 0.000000
L 10.969655 -2.193931 2.193931
G 8.775724 -4.387862 4.387862
K 6.581793 -2.193931 6.581793
K 4.387862 0.000000 4.387862
I 2.193931 -2.193931 2.193931
I 4.387862 -4.387862 0.000000
A 6.581793 -6.581793 2.193931
S 8.775724 -8.775724 0.000000
L 10.969655 -6.581793 -2.193931


-52.711892	1320210230101	101101000110000111000
14

I 0.000000 0.000000 0.000000
N 2.193931 2.193931 -2.193931
W 4.387862 0.000000 -4.387862
L 6.581793 2.193931 -6.581793
K 8.775724 0.000000 -8.775724
L 10.969655 -2.193931 -6.581793
G 13.163586 0.000000 -4.387862
K 10.969655 2.193931 -2.193931
K 8.775724 0.000000 -0.000000
I 6.581793 -2.193931 -2.193931
I 8.775724 -4.387862 -4.387862
A 6.581793 -6.581793 -6.581793
S 4.387862 -4.387862 -8.775724
L 6.581793 -2.193931 -10.969655


-52.711892	3120230210301	111001000111000110001
14

I 0.000000 0.000000 0.000000
N 2.193931 2.193931 -2.193931
W 4.387862 0.000000 -4.387862
L 6.581793 -2.193931 -2.193931
K 8.775724 -4.387862 -4.387862
L 10.969655 -2.193931 -6.581793
G 13.163586 0.000000 -4.387862
K 10.969655 2.193931 -2.193931
K 8.775724 4.387862 -4.387862
I 6.581793 2.193931 -6.581793
I 8.775724 0.000000 -8.775724
A 6.581793 -2.193931 -10.969655
S 4.387862 -4.387862 -8.775724
L 6.581793 -6.581793 -6.581793


-52.711892	1230310320101	100111001110001101000
14

I 0.000000 0.000000 0.000000
N 2.193931 2.193931 -2.193931
W 4.387862 0.000000 -4.387862
L 6.581793 2.193931 -6.581793
K 8.775724 0.000000 -8.775724
L 6.581793 -2.193931 -10.969655
G 4.387862 0.000000 -13.163586
K 2.193931 2.193931 -10.969655
K 0.000000 0.000000 -8.775724
I 2.193931 -2.193931 -6.581793
I 4.387862 -4.387862 -8.775724
A 6.581793 -6.581793 -6.581793
S 8.775724 -4.387862 -4.387862
L 10.969655 -2.193931 -6.581793


-52.688964	1030130201301	100011001011000100101
14

I 0.000000 0.000000 0.000000
N 2.193931 2.193931 -2.193931
W 4.387862 0.000000 -4.387862
L 6.581793 -2.193931 -2.193931
K 4.387862 -4.387862 0.000000
L 2.193931 -2.193931 2.193931
G 4.387862 0.000000 4.387862
K 2.193931 2.193931 6.581793
K 0.000000 4.387862 4.387862
I 2.193931 6.581793 2.193931
I 4.387862 4.387862 0.000000
A 6.581793 2.193931 2.193931
S 8.775724 0.000000 0.000000
L 10.969655 2.193931 -2.193931


-52.688964	3030130201301	110011001011000100101
14

I 0.000000 0.000000 0.000000
N 2.193931 2.193931 -2.193931
W 4.387862 0.000000 -4.387862
L 6.581793 -2.193931 -2.193931
K 4.387862 -4.387862 0.000000
L 2.193931 -2.193931 2.193931
G 4.387862 0.000000 4.387862
K 2.193931 2.193931 6.581793
K 0.000000 4.387862 4.387862
I 2.193931 6.581793 2.193931
I 4.387862 4.387862 0.000000
A 6.581793 2.193931 2.193931
S 8.775724 0.000000 0.000000
L 10.969655 -2.193931 2.193931


-52.659338	2102130120101	011000011011001001000
14

I 0.000000 0.000000 0.000000
N 2.193931 2.193931 -2.193931
W 4.387862 0.000000 -4.387862
L 6.581793 2.193931 -6.581793
K 8.775724 0.000000 -8.775724
L 6.581793 -2.193931 -10.969655
G 4.387862 -4.387862 -8.775724
K 2.193931 -2.193931 -6.581793
K 0.000000 0.000000 -8.775724
I 2.193931 2.193931 -10.969655
I 4.387862 4.387862 -8.775724
A 2.193931 6.581793 -6.581793
S 0.000000 4.387862 -4.387862
L -2.193931 2.193931 -6.581793


-52.659338	3103120130101	111000111001001011000
14

I 0.000000 0.000000 0.000000
N 2.193931 2.193931 -2.193931
W 4.387862 0.000000 -4.387862
L 6.581793 2.193931 -6.581793
K 8.775724 0.000000 -8.775724
L 10.969655 -2.193931 -6.581793
G 8.775724 -4.387862 -4.387862
K 6.581793 -2.193931 -2.193931
K 8.775724 0.000000 -0.000000
I 10.969655 2.193931 -2.193931
I 8.775724 4.387862 -4.387862
A 6.581793 6.581793 -2.193931
S 4.387862 4.387862 -0.000000
L 6.581793 2.193931 2.193931


-52.659338	1301320310301	101100101101001110001
14

I 0.000000 0.000000 0.000000
N 2.193931 2.193931 -2.193931
W 4.387862 0.000000 -4.387862
L 6.581793 -2.193931 -2.193931
K 8.775724 -4.387862 -4.387862
L 10.969655 -2.193931 -6.581793
G 8.775724 0.000000 -8.775724
K 6.581793 2.193931 -6.581793
K 8.775724 4.387862 -4.387862
I 10.969655 2.193931 -2.193931
I 8.775724 0.000000 -0.000000
A 6.581793 2.193931 2.193931
S 4.387862 4.387862 -0.000000
L 6.581793 6.581793 -2.193931


-52.545525	0320301302301	001101001100101100011
14

I 0.000000 0.000000 0.000000
N 2.193931 2.193931 -2.193931
W 4.387862 0.000000 -4.387862
L 6.581793 -2.193931 -2.193931
K 8.775724 0.000000 0.000000
L 6.581793 2.193931 2.193931
G 4.387862 4.387862 0.000000
K 6.581793 6.581793 -2.193931
K 8.775724 4.387862 -4.387862
I 10.969655 2.193931 -2.193931
I 13.163586 0.000000 -4.387862
A 10.969655 -2.193931 -6.581793
S 8.775724 0.000000 -8.775724
L 6.581793 2.193931 -6.581793


-52.545525	0130102103101	001011001000011000110
14

I 0.000000 0.000000 0.000000
N 2.193931 2.193931 -2.193931
W 4.387862 0.000000 -4.387862
L 6.581793 2.193931 -6.581793
K 4.387862 4.387862 -8.775724
L 2.193931 6.581793 -6.581793
G 0.000000 4.387862 -4.387862
K -2.193931 2.193931 -6.581793
K 0.000000 0.000000 -8.775724
I 2.193931 2.193931 -10.969655
I 4.387862 0.000000 -13.163586
A 6.581793 -2.193931 -10.969655
S 4.387862 -4.387862 -8.775724
L 2.193931 -2.193931 -6.581793


-52.545525	0120103102101	001001001000111000010
14

I 0.000000 0.000000 0.000000
N 2.193931 2.193931 -2.193931
W 4.387862 0.000000 -4.387862
L 6.581793 2.193931 -6.581793
K 8.775724 4.387862 -4.387862
L 6.581793 6.581793 -2.193931
G 4.387862 4.387862 -0.000000
K 6.581793 2.193931 2.193931
K 8.775724 0.000000 -0.000000
I 10.969655 2.193931 -2.193931
I 13.163586 0.000000 -4.387862
A 10.969655 -2.193931 -6.581793
S 8.775724 -4.387862 -4.387862
L 6.581793 -2.193931 -2.193931


-52.481738	3203132101301	110100111011011000101
14

I 0.000000 0.000000 0.000000
N 2.193931 2.193931 -2.193931
W 4.387862 0.000000 -4.387862
L 6.581793 -2.193931 -2.193931
K 4.387862 -4.387862 0.000000
L 2.193931 -2.193931 2.193931
G 0.000000 -4.387862 4.387862
K -2.193931 -6.581793 2.193931
K -4.387862 -4.387862 0.000000
I -2.193931 -2.193931 -2.193931
I -4.387862 -0.000000 -4.387862
A -6.581793 2.193931 -2.193931
S -4.387862 4.387862 0.000000
L -2.193931 2.193931 2.193931


-52.481738	1021230201301	100001100111000100101
14

I 0.000000 0.000000 0.000000
N 2.193931 2.193931 -2.193931
W 4.387862 0.000000 -4.387862
L 6.581793 -2.193931 -2.193931
K 4.387862 -4.387862 0.000000
L 2.193931 -2.193931 2.193931
G 4.387862 0.000000 4.387862
K 2.193931 2.193931 6.581793
K 0.000000 4.387862 4.387862
I -2.193931 2.193931 2.193931
I -4.387862 0.000000 4.387862
A -6.581793 -2.193931 2.193931
S -4.387862 -4.387862 0.000000
L -2.193931 -2.193931 -2.193931


-52.481738	3023230201301	110001110111000100101
14

I 0.000000 0.000000 0.000000
N 2.193931 2.193931 -2.193931
W 4.387862 0.000000 -4.387862
L 6.581793 -2.193931 -2.193931
K 4.387862 -4.387862 0.000000
L 2.193931 -2.193931 2.193931
G 4.387862 0.000000 4.387862
K 2.193931 2.193931 6.581793
K 0.000000 4.387862 4.387862
I -2.193931 2.193931 2.193931
I -4.387862 4.387862 0.000000
A -6.581793 2.193931 -2.193931
S -4.387862 0.000000 -4.387862
L -2.193931 -2.193931 -2.193931


-52.481738	3023130101301	110001111011001000101
14

I 0.000000 0.000000 0.000000
N 2.193931 2.193931 -2.193931
W 4.387862 0.000000 -4.387862
L 6.581793 -2.193931 -2.193931
K 4.387862 -4.387862 0.000000
L 2.193931 -2.193931 2.193931
G 0.000000 -4.387862 4.387862
K -2.193931 -2.193931 6.581793
K -4.387862 0.000000 4.387862
I -2.193931 2.193931 2.193931
I -4.387862 4.387862 0.000000
A -6.581793 2.193931 -2.193931
S -4.387862 0.000000 -4.387862
L -2.193931 -2.193931 -2.193931


-52.383946	3013132101301	110010111011011000101
14

I 0.000000 0.000000 0.000000
N 2.193931 2.193931 -2.193931
W 4.387862 0.000000 -4.387862
L 6.581793 -2.193931 -2.193931
K 4.387862 -4.387862 0.000000
L 2.193931 -2.193931 2.193931
G 0.000000 -4.387862 4.387862
K -2.193931 -6.581793 2.193931
K -4.387862 -4.387862 0.000000
I -2.193931 -2.193931 -2.193931
I -4.387862 -0.000000 -4.387862
A -2.193931 2.193931 -6.581793
S 0.000000 -0.000000 -8.775724
L 2.193931 -2.193931 -6.581793


-52.310490	0310120101301	001110001001001000101
14

I 0.000000 0.000000 0.000000
N 2.193931 2.193931 -2.193931
W 4.387862 0.000000 -4.387862
L 6.581793 -2.193931 -2.193931
K 4.387862 -4.387862 0.000000
L 2.193931 -2.193931 2.193931
G 0.000000 -4.387862 4.387862
K -2.193931 -2.193931 6.581793
K 0.000000 0.000000 8.775724
I 2.193931 2.193931 6.581793
I 4.387862 0.000000 4.387862
A 6.581793 2.193931 2.193931
S 4.387862 4.387862 0.000000
L 2.193931 6.581793 2.193931


-52.209401	3103203102301	111000110100111000011
14

I 0.000000 0.000000 0.000000
N 2.193931 2.193931 -2.193931
W 4.387862 0.000000 -4.387862
L 6.581793 -2.193931 -2.193931
K 8.775724 0.000000 0.000000
L 6.581793 2.193931 2.193931
G 4.387862 0.000000 4.387862
K 6.581793 -2.193931 6.581793
K 8.775724 -4.387862 4.387862
I 6.581793 -6.581793 2.193931
I 4.387862 -4.387862 0.000000
A 2.193931 -2.193931 2.193931
S 0.000000 -4.387862 4.387862
L 2.193931 -6.581793 6.581793


-52.179168	3120130120301	111001001011001001001
14

I 0.000000 0.000000 0.000000
N 2.193931 2.193931 -2.193931
W 4.387862 0.000000 -4.387862
L 6.581793 -2.193931 -2.193931
K 8.775724 -4.387862 -4.387862
L 6.581793 -6.581793 -6.581793
G 4.387862 -8.775724 -4.387862
K 2.193931 -6.581793 -2.193931
K 0.000000 -4.387862 -4.387862
I 2.193931 -2.193931 -6.581793
I 4.387862 -4.387862 -8.775724
A 2.193931 -6.581793 -10.969655
S 0.000000 -8.775724 -8.775724
L 2.193931 -10.969655 -6.581793


-52.175485	1032310320301	100011011110001101001
14

I 0.000000 0.000000 0.000000
N 2.193931 2.193931 -2.193931
W 4.387862 0.000000 -4.387862
L 6.581793 -2.193931 -2.193931
K 8.775724 -4.387862 -4.387862
L 6.581793 -6.581793 -6.581793
G 4.387862 -4.387862 -8.775724
K 2.193931 -2.193931 -6.581793
K 0.000000 -4.387862 -4.387862
I 2.193931 -6.581793 -2.193931
I 4.387862 -4.387862 -0.000000
A 6.581793 -6.581793 2.193931
S 8.775724 -8.775724 -0.000000
L 10.969655 -6.581793 -2.193931


-52.008066	1320210201301	101101000110000100101
14

I 0.000000 0.000000 0.000000
N 2.193931 2.193931 -2.193931
W 4.387862 0.000000 -4.387862
L 6.581793 -2.193931 -2.193931
K 4.387862 -4.387862 0.000000
L 2.193931 -2.193931 2.193931
G 4.387862 0.000000 4.387862
K 2.193931 2.193931 6.581793
K 0.000000 0.000000 8.775724
I -2.193931 -2.193931 6.581793
I 0.000000 -4.387862 4.387862
A -2.193931 -6.581793 2.193931
S -4.387862 -4.387862 0.000000
L -2.193931 -2.193931 -2.193931


-52.008066	1323213201301	101101110110110100101
14

I 0.000000 0.000000 0.000000
N 2.193931 2.193931 -2.193931
W 4.387862 0.000000 -4.387862
L 6.581793 -2.193931 -2.193931
K 4.387862 -4.387862 0.000000
L 2.193931 -2.193931 2.193931
G 4.387862 0.000000 4.387862
K 6.581793 -2.193931 6.581793
K 4.387862 -4.387862 8.775724
I 2.193931 -6.581793 6.581793
I 0.000000 -4.387862 4.387862
A -2.193931 -6.581793 2.193931
S -4.387862 -4.387862 0.000000
L -2.193931 -2.193931 -2.193931


-52.008066	1303213201301	101100110110110100101
14

I 0.000000 0.000000 0.000000
N 2.193931 2.193931 -2.193931
W 4.387862 0.000000 -4.387862
L 6.581793 -2.193931 -2.193931
K 4.387862 -4.387862 0.000000
L 2.193931 -2.193931 2.193931
G 4.387862 0.000000 4.387862
K 6.581793 -2.193931 6.581793
K 4.387862 -4.387862 8.775724
I 2.193931 -6.581793 6.581793
I 0.000000 -4.387862 4.387862
A -2.193931 -2.193931 6.581793
S -4.387862 -0.000000 4.387862
L -2.193931 2.193931 2.193931


-52.008066	2303123101301	011100111001111000101
14

I 0.000000 0.000000 0.000000
N 2.193931 2.193931 -2.193931
W 4.387862 0.000000 -4.387862
L 6.581793 -2.193931 -2.193931
K 4.387862 -4.387862 0.000000
L 2.193931 -2.193931 2.193931
G 0.000000 -4.387862 4.387862
K 2.193931 -6.581793 6.581793
K 4.387862 -4.387862 8.775724
I 6.581793 -2.193931 6.581793
I 4.387862 -0.000000 4.387862
A 2.193931 2.193931 6.581793
S 0.000000 4.387862 4.387862
L -2.193931 2.193931 2.193931


-51.982352	0310320103101	001110001101001000110
14

I 0.000000 0.000000 0.000000
N 2.193931 2.193931 -2.193931
W 4.387862 0.000000 -4.387862
L 6.581793 2.193931 -6.581793
K 4.387862 4.387862 -8.775724
L 2.193931 6.581793 -6.581793
G 0.000000 4.387862 -4.387862
K -2.193931 6.581793 -2.193931
K 0.000000 8.775724 -0.000000
I 2.193931 6.581793 2.193931
I 4.387862 4.387862 -0.000000
A 6.581793 6.581793 -2.193931
S 4.387862 8.775724 -4.387862
L 2.193931 10.969655 -2.193931


-51.982352	0210230102101	000110000111001000010
14

I 0.000000 0.000000 0.000000
N 2.193931 2.193931 -2.193931
W 4.387862 0.000000 -4.387862
L 6.581793 2.193931 -6.581793
K 8.775724 4.387862 -4.387862
L 6.581793 6.581793 -2.193931
G 4.387862 4.387862 -0.000000
K 2.193931 6.581793 2.193931
K 0.000000 8.775724 -0.000000
I -2.193931 6.581793 -2.193931
I 0.000000 4.387862 -4.387862
A 2.193931 6.581793 -6.581793
S 4.387862 8.775724 -4.387862
L 2.193931 10.969655 -2.193931


-51.946433	1031020310301	100011100001001110001
14

I 0.000000 0.000000 0.000000
N 2.193931 2.193931 -2.193931
W 4.387862 0.000000 -4.387862
L 6.581793 -2.193931 -2.193931
K 8.775724 -4.387862 -4.387862
L 10.969655 -2.193931 -6.581793
G 8.775724 0.000000 -8.775724
K 6.581793 2.193931 -6.581793
K 8.775724 4.387862 -4.387862
I 6.581793 6.581793 -2.193931
I 4.387862 4.387862 -0.000000
A 6.581793 2.193931 2.193931
S 8.775724 0.000000 -0.000000
L 10.969655 2.193931 -2.193931


-51.946433	2012030120101	010010010011001001000
14

I 0.000000 0.000000 0.000000
N 2.193931 2.193931 -2.193931
W 4.387862 0.000000 -4.387862
L 6.581793 2.193931 -6.581793
K 8.775724 0.000000 -8.775724
L 6.581793 -2.193931 -10.969655
G 4.387862 -4.387862 -8.775724
K 2.193931 -2.193931 -6.581793
K 0.000000 0.000000 -8.775724
I -2.193931 2.193931 -6.581793
I 0.000000 4.387862 -4.387862
A 2.193931 6.581793 -6.581793
S 4.387862 4.387862 -8.775724
L 2.193931 2.193931 -10.969655


-51.946433	3013020130101	110010110001001011000
14

I 0.000000 0.000000 0.000000
N 2.193931 2.193931 -2.193931
W 4.387862 0.000000 -4.387862
L 6.581793 2.193931 -6.581793
K 8.775724 0.000000 -8.775724
L 10.969655 -2.193931 -6.581793
G 8.775724 -4.387862 -4.387862
K 6.581793 -2.193931 -2.193931
K 8.775724 0.000000 -0.000000
I 6.581793 2.193931 2.193931
I 4.387862 4.387862 -0.000000
A 6.581793 6.581793 -2.193931
S 8.775724 4.387862 -4.387862
L 10.969655 2.193931 -2.193931


-51.941001	1031230102301	100011100111001000011
14

I 0.000000 0.000000 0.000000
N 2.193931 2.193931 -2.193931
W 4.387862 0.000000 -4.387862
L 6.581793 -2.193931 -2.193931
K 8.775724 0.000000 0.000000
L 6.581793 2.193931 2.193931
G 4.387862 0.000000 4.387862
K 2.193931 2.193931 6.581793
K 0.000000 4.387862 4.387862
I -2.193931 2.193931 2.193931
I -4.387862 0.000000 4.387862
A -2.193931 -2.193931 6.581793
S 0.000000 -4.387862 4.387862
L 2.193931 -2.193931 2.193931


-51.852073	3010132101301	110010001011011000101
14

I 0.000000 0.000000 0.000000
N 2.193931 2.193931 -2.193931
W 4.387862 0.000000 -4.387862
L 6.581793 -2.193931 -2.193931
K 4.387862 -4.387862 0.000000
L 2.193931 -2.193931 2.193931
G 0.000000 -4.387862 4.387862
K -2.193931 -6.581793 2.193931
K -4.387862 -4.387862 0.000000
I -2.193931 -2.193931 -2.193931
I 0.000000 -4.387862 -4.387862
A 2.193931 -2.193931 -6.581793
S 4.387862 -4.387862 -8.775724
L 6.581793 -6.581793 -6.581793


-51.834196	0303103201301	001100111000110100101
14

I 0.000000 0.000000 0.000000
N 2.193931 2.193931 -2.193931
W 4.387862 0.000000 -4.387862
L 6.581793 -2.193931 -2.193931
K 4.387862 -4.387862 0.000000
L 2.193931 -2.193931 2.193931
G 4.387862 0.000000 4.387862
K 6.581793 -2.193931 6.581793
K 8.775724 -4.387862 4.387862
I 10.969655 -2.193931 2.193931
I 8.775724 0.000000 0.000000
A 6.581793 2.193931 2.193931
S 4.387862 4.387862 0.000000
L 2.193931 6.581793 2.193931


-51.834196	1303103201301	101100111000110100101
14

I 0.000000 0.000000 0.000000
N 2.193931 2.193931 -2.193931
W 4.387862 0.000000 -4.387862
L 6.581793 -2.193931 -2.193931
K 4.387862 -4.387862 0.000000
L 2.193931 -2.193931 2.193931
G 4.387862 0.000000 4.387862
K 6.581793 -2.193931 6.581793
K 8.775724 -4.387862 4.387862
I 10.969655 -2.193931 2.193931
I 8.775724 0.000000 0.000000
A 6.581793 2.193931 2.193931
S 4.387862 4.387862 0.000000
L 6.581793 6.581793 -2.193931


-51.761813	1321203102101	101101100100111000010
14

I 0.000000 0.000000 0.000000
N 2.193931 2.193931 -2.193931
W 4.387862 0.000000 -4.387862
L 6.581793 2.193931 -6.581793
K 8.775724 4.387862 -4.387862
L 6.581793 6.581793 -2.193931
G 4.387862 4.387862 -0.000000
K 6.581793 2.193931 2.193931
K 8.775724 0.000000 -0.000000
I 6.581793 -2.193931 -2.193931
I 4.387862 -4.387862 -0.000000
A 2.193931 -6.581793 -2.193931
S 0.000000 -4.387862 -4.387862
L 2.193931 -2.193931 -6.581793


-51.761813	1231302103101	100111101100011000110
14

I 0.000000 0.000000 0.000000
N 2.193931 2.193931 -2.193931
W 4.387862 0.000000 -4.387862
L 6.581793 2.193931 -6.581793
K 4.387862 4.387862 -8.775724
L 2.193931 6.581793 -6.581793
G 0.000000 4.387862 -4.387862
K -2.193931 2.193931 -6.581793
K 0.000000 0.000000 -8.775724
I 2.193931 -2.193931 -6.581793
I 0.000000 -4.387862 -4.387862
A 2.193931 -6.581793 -2.193931
S 4.387862 -4.387862 -0.000000
L 6.581793 -2.193931 -2.193931


-51.552011	2101031021301	011000100011100001101
14

I 0.000000 0.000000 0.000000
N 2.193931 2.193931 -2.193931
W 4.387862 0.000000 -4.387862
L 6.581793 -2.193931 -2.193931
K 4.387862 -4.387862 0.000000
L 2.193931 -6.581793 -2.193931
G 4.387862 -8.775724 -4.387862
K 6.581793 -6.581793 -6.581793
K 4.387862 -4.387862 -8.775724
I 2.193931 -2.193931 -6.581793
I 0.000000 -4.387862 -4.387862
A -2.193931 -2.193931 -2.193931
S -4.387862 -4.387862 -0.000000
L -6.581793 -6.581793 -2.193931


-51.552011	0301031021301	001100100011100001101
14

I 0.000000 0.000000 0.000000
N 2.193931 2.193931 -2.193931
W 4.387862 0.000000 -4.387862
L 6.581793 -2.193931 -2.193931
K 4.387862 -4.387862 0.000000
L 2.193931 -6.581793 -2.193931
G 4.387862 -8.775724 -4.387862
K 6.581793 -6.581793 -6.581793
K 4.387862 -4.387862 -8.775724
I 2.193931 -2.193931 -6.581793
I 0.000000 -4.387862 -4.387862
A -2.193931 -2.193931 -2.193931
S -4.387862 -0.000000 -4.387862
L -6.581793 2.193931 -2.193931


-51.552011	0101031021301	001000100011100001101
14

I 0.000000 0.000000 0.000000
N 2.193931 2.193931 -2.193931
W 4.387862 0.000000 -4.387862
L 6.581793 -2.193931 -2.193931
K 4.387862 -4.387862 0.000000
L 2.193931 -6.581793 -2.193931
G 4.387862 -8.775724 -4.387862
K 6.581793 -6.581793 -6.581793
K 4.387862 -4.387862 -8.775724
I 2.193931 -2.193931 -6.581793
I 0.000000 -4.387862 -4.387862
A -2.193931 -2.193931 -2.193931
S -4.387862 -4.387862 -0.000000
L -6.581793 -2.193931 2.193931


-51.552011	2301031021301	011100100011100001101
14

I 0.000000 0.000000 0.000000
N 2.193931 2.193931 -2.193931
W 4.387862 0.000000 -4.387862
L 6.581793 -2.193931 -2.193931
K 4.387862 -4.387862 0.000000
L 2.193931 -6.581793 -2.193931
G 4.387862 -8.775724 -4.387862
K 6.581793 -6.581793 -6.581793
K 4.387862 -4.387862 -8.775724
I 2.193931 -2.193931 -6.581793
I 0.000000 -4.387862 -4.387862
A -2.193931 -2.193931 -2.193931
S -4.387862 -0.000000 -4.387862
L -6.581793 -2.193931 -6.581793


-51.309543	2102310320301	011000011110001101001
14

I 0.000000 0.000000 0.000000
N 2.193931 2.193931 -2.193931
W 4.387862 0.000000 -4.387862
L 6.581793 -2.193931 -2.193931
K 8.775724 -4.387862 -4.387862
L 6.581793 -6.581793 -6.581793
G 4.387862 -4.387862 -8.775724
K 2.193931 -2.193931 -6.581793
K 0.000000 -4.387862 -4.387862
I 2.193931 -6.581793 -2.193931
I 4.387862 -4.387862 -0.000000
A 2.193931 -2.193931 2.193931
S 0.000000 -4.387862 4.387862
L -2.193931 -6.581793 2.193931


-51.259082	2301021031301	011100100001100011101
14

I 0.000000 0.000000 0.000000
N 2.193931 2.193931 -2.193931
W 4.387862 0.000000 -4.387862
L 6.581793 -2.193931 -2.193931
K 4.387862 -4.387862 0.000000
L 6.581793 -6.581793 2.193931
G 8.775724 -8.775724 0.000000
K 10.969655 -6.581793 -2.193931
K 13.163586 -4.387862 0.000000
I 10.969655 -2.193931 2.193931
I 8.775724 -4.387862 4.387862
A 6.581793 -2.193931 6.581793
S 4.387862 -0.000000 4.387862
L 2.193931 -2.193931 2.193931


-51.194281	2130132101301	011011001011011000101
14

I 0.000000 0.000000 0.000000
N 2.193931 2.193931 -2.193931
W 4.387862 0.000000 -4.387862
L 6.581793 -2.193931 -2.193931
K 4.387862 -4.387862 0.000000
L 2.193931 -2.193931 2.193931
G 0.000000 -4.387862 4.387862
K -2.193931 -6.581793 2.193931
K -4.387862 -4.387862 0.000000
I -2.193931 -2.193931 -2.193931
I 0.000000 -4.387862 -4.387862
A 2.193931 -6.581793 -2.193931
S 0.000000 -8.775724 0.000000
L -2.193931 -10.969655 -2.193931


-51.194281	3130132101301	111011001011011000101
14

I 0.000000 0.000000 0.000000
N 2.193931 2.193931 -2.193931
W 4.387862 0.000000 -4.387862
L 6.581793 -2.193931 -2.193931
K 4.387862 -4.387862 0.000000
L 2.193931 -2.193931 2.193931
G 0.000000 -4.387862 4.387862
K -2.193931 -6.581793 2.193931
K -4.387862 -4.387862 0.000000
I -2.193931 -2.193931 -2.193931
I 0.000000 -4.387862 -4.387862
A 2.193931 -6.581793 -2.193931
S 0.000000 -8.775724 0.000000
L 2.193931 -10.969655 2.193931


-51.188822	0130120103101	001011001001001000110
14

I 0.000000 0.000000 0.000000
N 2.193931 2.193931 -2.193931
W 4.387862 0.000000 -4.387862
L 6.581793 2.193931 -6.581793
K 4.387862 4.387862 -8.775724
L 2.193931 6.581793 -6.581793
G 0.000000 4.387862 -4.387862
K -2.193931 6.581793 -2.193931
K 0.000000 8.775724 -0.000000
I 2.193931 10.969655 -2.193931
I 4.387862 8.775724 -4.387862
A 6.581793 6.581793 -2.193931
S 4.387862 4.387862 -0.000000
L 2.193931 6.581793 2.193931


-51.188822	0120130102101	001001001011001000010
14

I 0.000000 0.000000 0.000000
N 2.193931 2.193931 -2.193931
W 4.387862 0.000000 -4.387862
L 6.581793 2.193931 -6.581793
K 8.775724 4.387862 -4.387862
L 6.581793 6.581793 -2.193931
G 4.387862 4.387862 -0.000000
K 2.193931 6.581793 2.193931
K 0.000000 8.775724 -0.000000
I 2.193931 10.969655 -2.193931
I 4.387862 8.775724 -4.387862
A 2.193931 6.581793 -6.581793
S 0.000000 4.387862 -4.387862
L -2.193931 6.581793 -2.193931


-51.187085	0120130120301	001001001011001001001
14

I 0.000000 0.000000 0.000000
N 2.193931 2.193931 -2.193931
W 4.387862 0.000000 -4.387862
L 6.581793 -2.193931 -2.193931
K 8.775724 -4.387862 -4.387862
L 6.581793 -6.581793 -6.581793
G 4.387862 -8.775724 -4.387862
K 2.193931 -6.581793 -2.193931
K 0.000000 -4.387862 -4.387862
I 2.193931 -2.193931 -6.581793
I 4.387862 -4.387862 -8.775724
A 2.193931 -6.581793 -10.969655
S 0.000000 -8.775724 -8.775724
L -2.193931 -6.581793 -6.581793


-51.168941	3213012310301	110110110010011110001
14

I 0.000000 0.000000 0.000000
N 2.193931 2.193931 -2.193931
W 4.387862 0.000000 -4.387862
L 6.581793 -2.193931 -2.193931
K 8.775724 -4.387862 -4.387862
L 10.969655 -2.193931 -6.581793
G 8.775724 0.000000 -8.775724
K 6.581793 -2.193931 -10.969655
K 4.387862 -4.387862 -8.775724
I 2.193931 -2.193931 -6.581793
I 0.000000 0.000000 -8.775724
A 2.193931 2.193931 -10.969655
S 4.387862 4.387862 -8.775724
L 6.581793 2.193931 -6.581793


-51.168941	3123021320301	111001110001101101001
14

I 0.000000 0.000000 0.000000
N 2.193931 2.193931 -2.193931
W 4.387862 0.000000 -4.387862
L 6.581793 -2.193931 -2.193931
K 8.775724 -4.387862 -4.387862
L 6.581793 -6.581793 -6.581793
G 4.387862 -4.387862 -8.775724
K 6.581793 -2.193931 -10.969655
K 8.775724 -0.000000 -8.775724
I 6.581793 2.193931 -6.581793
I 4.387862 4.387862 -8.775724
A 2.193931 2.193931 -10.969655
S 0.000000 -0.000000 -8.775724
L 2.193931 -2.193931 -6.581793


-51.124117	2103102101301	011000111000011000101
14

I 0.000000 0.000000 0.000000
N 2.193931 2.193931 -2.193931
W 4.387862 0.000000 -4.387862
L 6.581793 -2.193931 -2.193931
K 4.387862 -4.387862 0.000000
L 2.193931 -2.193931 2.193931
G 0.000000 -4.387862 4.387862
K -2.193931 -6.581793 2.193931
K 0.000000 -8.775724 0.000000
I 2.193931 -6.581793 -2.193931
I 0.000000 -4.387862 -4.387862
A -2.193931 -2.193931 -2.193931
S -4.387862 -4.387862 0.000000
L -6.581793 -6.581793 -2.193931


-51.124117	0103102101301	001000111000011000101
14

I 0.000000 0.000000 0.000000
N 2.193931 2.193931 -2.193931
W 4.387862 0.000000 -4.387862
L 6.581793 -2.193931 -2.193931
K 4.387862 -4.387862 0.000000
L 2.193931 -2.193931 2.193931
G 0.000000 -4.387862 4.387862
K -2.193931 -6.581793 2.193931
K 0.000000 -8.775724 0.000000
I 2.193931 -6.581793 -2.193931
I 0.000000 -4.387862 -4.387862
A -2.193931 -2.193931 -2.193931
S -4.387862 -4.387862 0.000000
L -6.581793 -2.193931 2.193931


-51.049740	1010120101301	100010001001001000101
14

I 0.000000 0.000000 0.000000
N 2.193931 2.193931 -2.193931
W 4.387862 0.000000 -4.387862
L 6.581793 -2.193931 -2.193931
K 4.387862 -4.387862 0.000000
L 2.193931 -2.193931 2.193931
G 0.000000 -4.387862 4.387862
K -2.193931 -2.193931 6.581793
K 0.000000 0.000000 8.775724
I 2.193931 2.193931 6.581793
I 4.387862 0.000000 4.387862
A 6.581793 2.193931 2.193931
S 8.775724 0.000000 0.000000
L 10.969655 2.193931 -2.193931


-51.049740	1013123101301	100010111001111000101
14

I 0.000000 0.000000 0.000000
N 2.193931 2.193931 -2.193931
W 4.387862 0.000000 -4.387862
L 6.581793 -2.193931 -2.193931
K 4.387862 -4.387862 0.000000
L 2.193931 -2.193931 2.193931
G 0.000000 -4.387862 4.387862
K 2.193931 -6.581793 6.581793
K 4.387862 -4.387862 8.775724
I 6.581793 -2.193931 6.581793
I 4.387862 -0.000000 4.387862
A 6.581793 2.193931 2.193931
S 8.775724 -0.000000 0.000000
L 10.969655 2.193931 -2.193931


-51.049740	3010120101301	110010001001001000101
14

I 0.000000 0.000000 0.000000
N 2.193931 2.193931 -2.193931
W 4.387862 0.000000 -4.387862
L 6.581793 -2.193931 -2.193931
K 4.387862 -4.387862 0.000000
L 2.193931 -2.193931 2.193931
G 0.000000 -4.387862 4.387862
K -2.193931 -2.193931 6.581793
K 0.000000 0.000000 8.775724
I 2.193931 2.193931 6.581793
I 4.387862 0.000000 4.387862
A 6.581793 2.193931 2.193931
S 8.775724 0.000000 0.000000
L 10.969655 -2.193931 2.193931


