-76.083298	8189142a0
10

Q 0.000000 0.000000 0.000000
Y 2.687006 2.687006 0.000000
Q 0.000000 2.687006 -2.687006
F 0.000000 5.374012 0.000000
W 2.687006 5.374012 2.687006
K 0.000000 8.061017 2.687006
N 0.000000 5.374012 5.374012
F 0.000000 2.687006 2.687006
Q -2.687006 5.374012 2.687006
T -2.687006 2.687006 0.000000


-75.713298	90018b640
10

Q 0.000000 0.000000 0.000000
Y 2.687006 2.687006 0.000000
Q 5.374012 2.687006 2.687006
F 2.687006 0.000000 2.687006
W 0.000000 0.000000 5.374012
K 0.000000 -2.687006 2.687006
N -2.687006 0.000000 2.687006
F 0.000000 2.687006 2.687006
Q 2.687006 5.374012 2.687006
T 2.687006 2.687006 5.374012


-75.713298	9aa527640
10

Q 0.000000 0.000000 0.000000
Y 2.687006 2.687006 0.000000
Q 5.374012 2.687006 2.687006
F 2.687006 0.000000 2.687006
W 5.374012 -2.687006 2.687006
K 5.374012 0.000000 5.374012
N 8.061017 0.000000 2.687006
F 5.374012 0.000000 0.000000
Q 2.687006 0.000000 -2.687006
T 2.687006 -2.687006 0.000000


-75.602796	2a89142a0
10

Q 0.000000 0.000000 0.000000
Y 2.687006 2.687006 0.000000
Q 0.000000 2.687006 -2.687006
F 0.000000 5.374012 0.000000
W 2.687006 5.374012 2.687006
K 0.000000 8.061017 2.687006
N 0.000000 5.374012 5.374012
F 0.000000 2.687006 2.687006
Q -2.687006 2.687006 0.000000
T -2.687006 5.374012 2.687006


-75.562293	34018b640
10

Q 0.000000 0.000000 0.000000
Y 2.687006 2.687006 0.000000
Q 5.374012 2.687006 2.687006
F 2.687006 0.000000 2.687006
W 0.000000 0.000000 5.374012
K 0.000000 -2.687006 2.687006
N -2.687006 0.000000 2.687006
F 0.000000 2.687006 2.687006
Q 2.687006 2.687006 5.374012
T 2.687006 5.374012 2.687006


-75.562293	38ab09840
10

Q 0.000000 0.000000 0.000000
Y 2.687006 2.687006 0.000000
Q 5.374012 2.687006 2.687006
F 5.374012 0.000000 0.000000
W 5.374012 -2.687006 2.687006
K 8.061017 0.000000 2.687006
N 5.374012 0.000000 5.374012
F 2.687006 0.000000 2.687006
Q 2.687006 -2.687006 0.000000
T 2.687006 0.000000 -2.687006


-75.562293	36a527640
10

Q 0.000000 0.000000 0.000000
Y 2.687006 2.687006 0.000000
Q 5.374012 2.687006 2.687006
F 2.687006 0.000000 2.687006
W 5.374012 -2.687006 2.687006
K 5.374012 0.000000 5.374012
N 8.061017 0.000000 2.687006
F 5.374012 0.000000 0.000000
Q 2.687006 -2.687006 0.000000
T 2.687006 0.000000 -2.687006


-75.253628	1084262a0
10

Q 0.000000 0.000000 0.000000
Y 2.687006 2.687006 0.000000
Q 0.000000 2.687006 -2.687006
F 0.000000 5.374012 0.000000
W -2.687006 2.687006 0.000000
K -2.687006 5.374012 2.687006
N 0.000000 5.374012 5.374012
F 0.000000 2.687006 2.687006
Q 2.687006 5.374012 2.687006
T 0.000000 8.061017 2.687006


-74.983923	b443a7640
10

Q 0.000000 0.000000 0.000000
Y 2.687006 2.687006 0.000000
Q 5.374012 2.687006 2.687006
F 2.687006 0.000000 2.687006
W 5.374012 -2.687006 2.687006
K 2.687006 -2.687006 0.000000
N 2.687006 0.000000 -2.687006
F 5.374012 0.000000 0.000000
Q 8.061017 0.000000 2.687006
T 5.374012 0.000000 5.374012


-74.983923	76630b640
10

Q 0.000000 0.000000 0.000000
Y 2.687006 2.687006 0.000000
Q 5.374012 2.687006 2.687006
F 2.687006 0.000000 2.687006
W 0.000000 0.000000 5.374012
K 2.687006 2.687006 5.374012
N 2.687006 5.374012 2.687006
F 0.000000 2.687006 2.687006
Q -2.687006 0.000000 2.687006
T 0.000000 -2.687006 2.687006


-74.401496	7b70b3ba0
10

Q 0.000000 0.000000 0.000000
Y 2.687006 2.687006 0.000000
Q 0.000000 2.687006 -2.687006
F -2.687006 2.687006 0.000000
W -2.687006 5.374012 -2.687006
K -5.374012 5.374012 0.000000
N -2.687006 8.061017 0.000000
F 0.000000 5.374012 0.000000
Q -2.687006 5.374012 2.687006
T 0.000000 2.687006 2.687006


-74.401496	515419ba0
10

Q 0.000000 0.000000 0.000000
Y 2.687006 2.687006 0.000000
Q 0.000000 2.687006 -2.687006
F -2.687006 2.687006 0.000000
W -2.687006 0.000000 2.687006
K -5.374012 2.687006 2.687006
N -2.687006 2.687006 5.374012
F 0.000000 2.687006 2.687006
Q -2.687006 5.374012 2.687006
T 0.000000 5.374012 0.000000


-74.401496	72762a2a0
10

Q 0.000000 0.000000 0.000000
Y 2.687006 2.687006 0.000000
Q 0.000000 2.687006 -2.687006
F 0.000000 5.374012 0.000000
W -2.687006 5.374012 -2.687006
K -2.687006 8.061017 0.000000
N -5.374012 5.374012 0.000000
F -2.687006 2.687006 0.000000
Q -2.687006 5.374012 2.687006
T 0.000000 2.687006 2.687006


-74.284856	466512640
10

Q 0.000000 0.000000 0.000000
Y 2.687006 2.687006 0.000000
Q 5.374012 2.687006 2.687006
F 2.687006 0.000000 2.687006
W 2.687006 2.687006 5.374012
K 0.000000 5.374012 5.374012
N 2.687006 5.374012 2.687006
F 0.000000 2.687006 2.687006
Q -2.687006 0.000000 2.687006
T 0.000000 0.000000 5.374012


-74.284856	644158640
10

Q 0.000000 0.000000 0.000000
Y 2.687006 2.687006 0.000000
Q 5.374012 2.687006 2.687006
F 2.687006 0.000000 2.687006
W 2.687006 -2.687006 0.000000
K 5.374012 -2.687006 -2.687006
N 2.687006 0.000000 -2.687006
F 5.374012 0.000000 0.000000
Q 8.061017 0.000000 2.687006
T 5.374012 -2.687006 2.687006


-74.255897	8181942a0
10

Q 0.000000 0.000000 0.000000
Y 2.687006 2.687006 0.000000
Q 0.000000 2.687006 -2.687006
F 0.000000 5.374012 0.000000
W 2.687006 5.374012 2.687006
K 2.687006 2.687006 5.374012
N 0.000000 5.374012 5.374012
F 0.000000 2.687006 2.687006
Q -2.687006 5.374012 2.687006
T -2.687006 2.687006 0.000000


-74.213435	a96512640
10

Q 0.000000 0.000000 0.000000
Y 2.687006 2.687006 0.000000
Q 5.374012 2.687006 2.687006
F 2.687006 0.000000 2.687006
W 2.687006 2.687006 5.374012
K 0.000000 5.374012 5.374012
N 2.687006 5.374012 2.687006
F 0.000000 2.687006 2.687006
Q 0.000000 0.000000 5.374012
T -2.687006 0.000000 2.687006


-74.213435	094158640
10

Q 0.000000 0.000000 0.000000
Y 2.687006 2.687006 0.000000
Q 5.374012 2.687006 2.687006
F 2.687006 0.000000 2.687006
W 2.687006 -2.687006 0.000000
K 5.374012 -2.687006 -2.687006
N 2.687006 0.000000 -2.687006
F 5.374012 0.000000 0.000000
Q 5.374012 -2.687006 2.687006
T 8.061017 0.000000 2.687006


-74.213435	896512640
10

Q 0.000000 0.000000 0.000000
Y 2.687006 2.687006 0.000000
Q 5.374012 2.687006 2.687006
F 2.687006 0.000000 2.687006
W 2.687006 2.687006 5.374012
K 0.000000 5.374012 5.374012
N 2.687006 5.374012 2.687006
F 0.000000 2.687006 2.687006
Q 0.000000 0.000000 5.374012
T 0.000000 -2.687006 2.687006


-74.213435	294158640
10

Q 0.000000 0.000000 0.000000
Y 2.687006 2.687006 0.000000
Q 5.374012 2.687006 2.687006
F 2.687006 0.000000 2.687006
W 2.687006 -2.687006 0.000000
K 5.374012 -2.687006 -2.687006
N 2.687006 0.000000 -2.687006
F 5.374012 0.000000 0.000000
Q 5.374012 -2.687006 2.687006
T 5.374012 0.000000 5.374012


-74.077476	903416640
10

Q 0.000000 0.000000 0.000000
Y 2.687006 2.687006 0.000000
Q 5.374012 2.687006 2.687006
F 2.687006 0.000000 2.687006
W 0.000000 -2.687006 2.687006
K -2.687006 0.000000 2.687006
N 0.000000 0.000000 5.374012
F 0.000000 2.687006 2.687006
Q 2.687006 5.374012 2.687006
T 2.687006 2.687006 5.374012


-74.077476	9a3654640
10

Q 0.000000 0.000000 0.000000
Y 2.687006 2.687006 0.000000
Q 5.374012 2.687006 2.687006
F 2.687006 0.000000 2.687006
W 5.374012 0.000000 5.374012
K 8.061017 0.000000 2.687006
N 5.374012 -2.687006 2.687006
F 5.374012 0.000000 0.000000
Q 2.687006 0.000000 -2.687006
T 2.687006 -2.687006 0.000000


-74.014720	b35419ba0
10

Q 0.000000 0.000000 0.000000
Y 2.687006 2.687006 0.000000
Q 0.000000 2.687006 -2.687006
F -2.687006 2.687006 0.000000
W -2.687006 0.000000 2.687006
K -5.374012 2.687006 2.687006
N -2.687006 2.687006 5.374012
F 0.000000 2.687006 2.687006
Q 0.000000 5.374012 0.000000
T -2.687006 5.374012 2.687006


-74.014720	14762a2a0
10

Q 0.000000 0.000000 0.000000
Y 2.687006 2.687006 0.000000
Q 0.000000 2.687006 -2.687006
F 0.000000 5.374012 0.000000
W -2.687006 5.374012 -2.687006
K -2.687006 8.061017 0.000000
N -5.374012 5.374012 0.000000
F -2.687006 2.687006 0.000000
Q 0.000000 2.687006 2.687006
T -2.687006 5.374012 2.687006


-74.014720	1970b3ba0
10

Q 0.000000 0.000000 0.000000
Y 2.687006 2.687006 0.000000
Q 0.000000 2.687006 -2.687006
F -2.687006 2.687006 0.000000
W -2.687006 5.374012 -2.687006
K -5.374012 5.374012 0.000000
N -2.687006 8.061017 0.000000
F 0.000000 5.374012 0.000000
Q 0.000000 2.687006 2.687006
T -2.687006 5.374012 2.687006


-73.887476	8165922a0
10

Q 0.000000 0.000000 0.000000
Y 2.687006 2.687006 0.000000
Q 0.000000 2.687006 -2.687006
F 0.000000 5.374012 0.000000
W 0.000000 8.061017 2.687006
K 0.000000 5.374012 5.374012
N 2.687006 5.374012 2.687006
F 0.000000 2.687006 2.687006
Q -2.687006 5.374012 2.687006
T -2.687006 2.687006 0.000000


-73.866471	3818b4840
10

Q 0.000000 0.000000 0.000000
Y 2.687006 2.687006 0.000000
Q 5.374012 2.687006 2.687006
F 5.374012 0.000000 0.000000
W 8.061017 0.000000 2.687006
K 5.374012 0.000000 5.374012
N 5.374012 -2.687006 2.687006
F 2.687006 0.000000 2.687006
Q 2.687006 -2.687006 0.000000
T 2.687006 0.000000 -2.687006


-73.866471	343416640
10

Q 0.000000 0.000000 0.000000
Y 2.687006 2.687006 0.000000
Q 5.374012 2.687006 2.687006
F 2.687006 0.000000 2.687006
W 0.000000 -2.687006 2.687006
K -2.687006 0.000000 2.687006
N 0.000000 0.000000 5.374012
F 0.000000 2.687006 2.687006
Q 2.687006 2.687006 5.374012
T 2.687006 5.374012 2.687006


-73.866471	363654640
10

Q 0.000000 0.000000 0.000000
Y 2.687006 2.687006 0.000000
Q 5.374012 2.687006 2.687006
F 2.687006 0.000000 2.687006
W 5.374012 0.000000 5.374012
K 8.061017 0.000000 2.687006
N 5.374012 -2.687006 2.687006
F 5.374012 0.000000 0.000000
Q 2.687006 -2.687006 0.000000
T 2.687006 0.000000 -2.687006


-73.848101	54149a840
10

Q 0.000000 0.000000 0.000000
Y 2.687006 2.687006 0.000000
Q 5.374012 2.687006 2.687006
F 5.374012 0.000000 0.000000
W 2.687006 0.000000 -2.687006
K 2.687006 -2.687006 0.000000
N 5.374012 -2.687006 2.687006
F 2.687006 0.000000 2.687006
Q 5.374012 0.000000 5.374012
T 8.061017 0.000000 2.687006


-73.832136	468b32640
10

Q 0.000000 0.000000 0.000000
Y 2.687006 2.687006 0.000000
Q 5.374012 2.687006 2.687006
F 2.687006 0.000000 2.687006
W 2.687006 2.687006 5.374012
K 2.687006 5.374012 2.687006
N 0.000000 5.374012 5.374012
F 0.000000 2.687006 2.687006
Q -2.687006 0.000000 2.687006
T 0.000000 0.000000 5.374012


-73.832136	642738640
10

Q 0.000000 0.000000 0.000000
Y 2.687006 2.687006 0.000000
Q 5.374012 2.687006 2.687006
F 2.687006 0.000000 2.687006
W 2.687006 -2.687006 0.000000
K 2.687006 0.000000 -2.687006
N 5.374012 -2.687006 -2.687006
F 5.374012 0.000000 0.000000
Q 8.061017 0.000000 2.687006
T 5.374012 -2.687006 2.687006


-73.821461	8484ba140
10

Q 0.000000 0.000000 0.000000
Y 2.687006 2.687006 0.000000
Q 5.374012 2.687006 2.687006
F 2.687006 5.374012 2.687006
W 0.000000 5.374012 0.000000
K -2.687006 5.374012 2.687006
N 0.000000 5.374012 5.374012
F 0.000000 2.687006 2.687006
Q 2.687006 2.687006 5.374012
T 2.687006 0.000000 2.687006


-73.821461	291983840
10

Q 0.000000 0.000000 0.000000
Y 2.687006 2.687006 0.000000
Q 5.374012 2.687006 2.687006
F 5.374012 0.000000 0.000000
W 5.374012 2.687006 -2.687006
K 5.374012 0.000000 -5.374012
N 5.374012 -2.687006 -2.687006
F 2.687006 0.000000 -2.687006
Q 2.687006 -2.687006 0.000000
T 2.687006 0.000000 2.687006


-73.821461	84892a140
10

Q 0.000000 0.000000 0.000000
Y 2.687006 2.687006 0.000000
Q 5.374012 2.687006 2.687006
F 2.687006 5.374012 2.687006
W 0.000000 5.374012 0.000000
K 0.000000 8.061017 2.687006
N 0.000000 5.374012 5.374012
F 0.000000 2.687006 2.687006
Q 2.687006 2.687006 5.374012
T 2.687006 0.000000 2.687006


-73.821461	291673840
10

Q 0.000000 0.000000 0.000000
Y 2.687006 2.687006 0.000000
Q 5.374012 2.687006 2.687006
F 5.374012 0.000000 0.000000
W 5.374012 2.687006 -2.687006
K 8.061017 0.000000 -2.687006
N 5.374012 -2.687006 -2.687006
F 2.687006 0.000000 -2.687006
Q 2.687006 -2.687006 0.000000
T 2.687006 0.000000 2.687006


-73.820699	1659b0ba0
10

Q 0.000000 0.000000 0.000000
Y 2.687006 2.687006 0.000000
Q 0.000000 2.687006 -2.687006
F -2.687006 2.687006 0.000000
W 0.000000 5.374012 0.000000
K -2.687006 5.374012 2.687006
N -2.687006 2.687006 5.374012
F 0.000000 2.687006 2.687006
Q -2.687006 0.000000 2.687006
T -5.374012 2.687006 2.687006


-73.820699	237a192a0
10

Q 0.000000 0.000000 0.000000
Y 2.687006 2.687006 0.000000
Q 0.000000 2.687006 -2.687006
F 0.000000 5.374012 0.000000
W 0.000000 2.687006 2.687006
K -2.687006 5.374012 2.687006
N -5.374012 5.374012 0.000000
F -2.687006 2.687006 0.000000
Q -2.687006 5.374012 -2.687006
T -2.687006 8.061017 0.000000


-73.820699	ba7314ba0
10

Q 0.000000 0.000000 0.000000
Y 2.687006 2.687006 0.000000
Q 0.000000 2.687006 -2.687006
F -2.687006 2.687006 0.000000
W 0.000000 2.687006 2.687006
K -2.687006 5.374012 2.687006
N -2.687006 8.061017 0.000000
F 0.000000 5.374012 0.000000
Q -2.687006 5.374012 -2.687006
T -5.374012 5.374012 0.000000


-73.755395	2a81942a0
10

Q 0.000000 0.000000 0.000000
Y 2.687006 2.687006 0.000000
Q 0.000000 2.687006 -2.687006
F 0.000000 5.374012 0.000000
W 2.687006 5.374012 2.687006
K 2.687006 2.687006 5.374012
N 0.000000 5.374012 5.374012
F 0.000000 2.687006 2.687006
Q -2.687006 2.687006 0.000000
T -2.687006 5.374012 2.687006


-73.736263	818b722a0
10

Q 0.000000 0.000000 0.000000
Y 2.687006 2.687006 0.000000
Q 0.000000 2.687006 -2.687006
F 0.000000 5.374012 0.000000
W 0.000000 8.061017 2.687006
K 2.687006 5.374012 2.687006
N 0.000000 5.374012 5.374012
F 0.000000 2.687006 2.687006
Q -2.687006 5.374012 2.687006
T -2.687006 2.687006 0.000000


-73.733435	430a62640
10

Q 0.000000 0.000000 0.000000
Y 2.687006 2.687006 0.000000
Q 5.374012 2.687006 2.687006
F 2.687006 0.000000 2.687006
W 2.687006 2.687006 5.374012
K 0.000000 0.000000 5.374012
N -2.687006 0.000000 2.687006
F 0.000000 2.687006 2.687006
Q 0.000000 5.374012 0.000000
T 2.687006 5.374012 2.687006


-73.733435	63a048640
10

Q 0.000000 0.000000 0.000000
Y 2.687006 2.687006 0.000000
Q 5.374012 2.687006 2.687006
F 2.687006 0.000000 2.687006
W 2.687006 -2.687006 0.000000
K 5.374012 -2.687006 2.687006
N 8.061017 0.000000 2.687006
F 5.374012 0.000000 0.000000
Q 5.374012 2.687006 -2.687006
T 2.687006 0.000000 -2.687006


-73.733435	677314910
10

Q 0.000000 0.000000 0.000000
Y 2.687006 2.687006 0.000000
Q 0.000000 5.374012 0.000000
F 0.000000 2.687006 2.687006
W 2.687006 2.687006 5.374012
K 0.000000 5.374012 5.374012
N 0.000000 8.061017 2.687006
F 2.687006 5.374012 2.687006
Q 5.374012 2.687006 2.687006
T 2.687006 0.000000 2.687006


-73.733435	677215810
10

Q 0.000000 0.000000 0.000000
Y 2.687006 2.687006 0.000000
Q 0.000000 5.374012 0.000000
F 0.000000 2.687006 -2.687006
W 2.687006 2.687006 -5.374012
K 0.000000 5.374012 -5.374012
N 0.000000 8.061017 -2.687006
F 2.687006 5.374012 -2.687006
Q 5.374012 2.687006 -2.687006
T 2.687006 0.000000 -2.687006


-73.733435	100965810
10

Q 0.000000 0.000000 0.000000
Y 2.687006 2.687006 0.000000
Q 0.000000 5.374012 0.000000
F 0.000000 2.687006 -2.687006
W 2.687006 2.687006 -5.374012
K 0.000000 0.000000 -5.374012
N 0.000000 -2.687006 -2.687006
F 2.687006 0.000000 -2.687006
Q 5.374012 2.687006 -2.687006
T 2.687006 5.374012 -2.687006


-73.733435	100864910
10

Q 0.000000 0.000000 0.000000
Y 2.687006 2.687006 0.000000
Q 0.000000 5.374012 0.000000
F 0.000000 2.687006 2.687006
W 2.687006 2.687006 5.374012
K 0.000000 0.000000 5.374012
N 0.000000 -2.687006 2.687006
F 2.687006 0.000000 2.687006
Q 5.374012 2.687006 2.687006
T 2.687006 5.374012 2.687006


-73.714232	15187b840
10

Q 0.000000 0.000000 0.000000
Y 2.687006 2.687006 0.000000
Q 5.374012 2.687006 2.687006
F 5.374012 0.000000 0.000000
W 2.687006 0.000000 2.687006
K 5.374012 -2.687006 2.687006
N 5.374012 -5.374012 0.000000
F 2.687006 -2.687006 0.000000
Q 5.374012 -2.687006 -2.687006
T 2.687006 0.000000 -2.687006


-73.714232	5251b8b40
10

Q 0.000000 0.000000 0.000000
Y 2.687006 2.687006 0.000000
Q 5.374012 2.687006 2.687006
F 2.687006 2.687006 5.374012
W 2.687006 0.000000 2.687006
K 0.000000 0.000000 5.374012
N -2.687006 2.687006 5.374012
F 0.000000 2.687006 2.687006
Q 0.000000 5.374012 5.374012
T 2.687006 5.374012 2.687006


-73.712430	15a84b840
10

Q 0.000000 0.000000 0.000000
Y 2.687006 2.687006 0.000000
Q 5.374012 2.687006 2.687006
F 5.374012 0.000000 0.000000
W 2.687006 0.000000 2.687006
K 5.374012 0.000000 5.374012
N 5.374012 -2.687006 2.687006
F 2.687006 -2.687006 0.000000
Q 5.374012 -2.687006 -2.687006
T 2.687006 0.000000 -2.687006


