-72.620000	927376a00
10

D 0.000000 0.000000 0.000000
L 2.687006 2.687006 0.000000
D 5.374012 5.374012 0.000000
A 2.687006 5.374012 -2.687006
L 0.000000 2.687006 -2.687006
L 2.687006 0.000000 -2.687006
A 2.687006 2.687006 -5.374012
D 5.374012 0.000000 -5.374012
L 5.374012 2.687006 -2.687006
E 5.374012 0.000000 0.000000


-72.620000	927376510
10

D 0.000000 0.000000 0.000000
L 2.687006 2.687006 0.000000
D 0.000000 5.374012 0.000000
A 2.687006 5.374012 -2.687006
L 0.000000 2.687006 -2.687006
L 2.687006 0.000000 -2.687006
A 2.687006 2.687006 -5.374012
D 5.374012 0.000000 -5.374012
L 5.374012 2.687006 -2.687006
E 5.374012 0.000000 0.000000


-72.620000	b41516800
10

D 0.000000 0.000000 0.000000
L 2.687006 2.687006 0.000000
D 5.374012 5.374012 0.000000
A 5.374012 2.687006 -2.687006
L 2.687006 0.000000 -2.687006
L 0.000000 2.687006 -2.687006
A 2.687006 2.687006 -5.374012
D 0.000000 5.374012 -5.374012
L 2.687006 5.374012 -2.687006
E 0.000000 5.374012 0.000000


-72.620000	ab8456510
10

D 0.000000 0.000000 0.000000
L 2.687006 2.687006 0.000000
D 0.000000 5.374012 0.000000
A 2.687006 5.374012 -2.687006
L 0.000000 2.687006 -2.687006
L 2.687006 2.687006 -5.374012
A 5.374012 2.687006 -2.687006
D 5.374012 0.000000 -5.374012
L 2.687006 0.000000 -2.687006
E 0.000000 0.000000 -5.374012


-72.620000	aa9456510
10

D 0.000000 0.000000 0.000000
L 2.687006 2.687006 0.000000
D 0.000000 5.374012 0.000000
A 2.687006 5.374012 -2.687006
L 0.000000 2.687006 -2.687006
L 2.687006 2.687006 -5.374012
A 5.374012 2.687006 -2.687006
D 5.374012 0.000000 0.000000
L 2.687006 0.000000 -2.687006
E 0.000000 0.000000 -5.374012


-72.620000	bb8546410
10

D 0.000000 0.000000 0.000000
L 2.687006 2.687006 0.000000
D 0.000000 5.374012 0.000000
A 2.687006 5.374012 2.687006
L 0.000000 2.687006 2.687006
L 2.687006 2.687006 5.374012
A 5.374012 2.687006 2.687006
D 5.374012 0.000000 0.000000
L 2.687006 0.000000 2.687006
E 0.000000 0.000000 5.374012


-72.620000	ba9546410
10

D 0.000000 0.000000 0.000000
L 2.687006 2.687006 0.000000
D 0.000000 5.374012 0.000000
A 2.687006 5.374012 2.687006
L 0.000000 2.687006 2.687006
L 2.687006 2.687006 5.374012
A 5.374012 2.687006 2.687006
D 5.374012 0.000000 5.374012
L 2.687006 0.000000 2.687006
E 0.000000 0.000000 5.374012


-72.620000	837276b00
10

D 0.000000 0.000000 0.000000
L 2.687006 2.687006 0.000000
D 5.374012 5.374012 0.000000
A 2.687006 5.374012 2.687006
L 0.000000 2.687006 2.687006
L 2.687006 0.000000 2.687006
A 2.687006 2.687006 5.374012
D 5.374012 0.000000 5.374012
L 5.374012 2.687006 2.687006
E 5.374012 0.000000 0.000000


-72.620000	837276410
10

D 0.000000 0.000000 0.000000
L 2.687006 2.687006 0.000000
D 0.000000 5.374012 0.000000
A 2.687006 5.374012 2.687006
L 0.000000 2.687006 2.687006
L 2.687006 0.000000 2.687006
A 2.687006 2.687006 5.374012
D 5.374012 0.000000 5.374012
L 5.374012 2.687006 2.687006
E 5.374012 0.000000 0.000000


-72.620000	a51416900
10

D 0.000000 0.000000 0.000000
L 2.687006 2.687006 0.000000
D 5.374012 5.374012 0.000000
A 5.374012 2.687006 2.687006
L 2.687006 0.000000 2.687006
L 0.000000 2.687006 2.687006
A 2.687006 2.687006 5.374012
D 0.000000 5.374012 5.374012
L 2.687006 5.374012 2.687006
E 0.000000 5.374012 0.000000


-72.620000	619076410
10

D 0.000000 0.000000 0.000000
L 2.687006 2.687006 0.000000
D 0.000000 5.374012 0.000000
A 2.687006 5.374012 2.687006
L 0.000000 2.687006 2.687006
L 2.687006 0.000000 2.687006
A 5.374012 2.687006 2.687006
D 5.374012 0.000000 5.374012
L 2.687006 2.687006 5.374012
E 0.000000 0.000000 5.374012


-72.620000	618076510
10

D 0.000000 0.000000 0.000000
L 2.687006 2.687006 0.000000
D 0.000000 5.374012 0.000000
A 2.687006 5.374012 -2.687006
L 0.000000 2.687006 -2.687006
L 2.687006 0.000000 -2.687006
A 5.374012 2.687006 -2.687006
D 5.374012 0.000000 -5.374012
L 2.687006 2.687006 -5.374012
E 0.000000 0.000000 -5.374012


-70.920000	5a0b07910
10

D 0.000000 0.000000 0.000000
L 2.687006 2.687006 0.000000
D 0.000000 5.374012 0.000000
A 0.000000 2.687006 2.687006
L 2.687006 0.000000 2.687006
L 5.374012 2.687006 2.687006
A 2.687006 2.687006 5.374012
D 5.374012 5.374012 5.374012
L 2.687006 5.374012 2.687006
E 5.374012 5.374012 0.000000


-70.920000	709167b00
10

D 0.000000 0.000000 0.000000
L 2.687006 2.687006 0.000000
D 5.374012 5.374012 0.000000
A 2.687006 5.374012 2.687006
L 5.374012 2.687006 2.687006
L 2.687006 0.000000 2.687006
A 0.000000 2.687006 2.687006
D 0.000000 0.000000 5.374012
L 2.687006 2.687006 5.374012
E 5.374012 0.000000 5.374012


-70.920000	5a7b70910
10

D 0.000000 0.000000 0.000000
L 2.687006 2.687006 0.000000
D 0.000000 5.374012 0.000000
A 0.000000 2.687006 2.687006
L 2.687006 5.374012 2.687006
L 5.374012 2.687006 2.687006
A 2.687006 2.687006 5.374012
D 5.374012 0.000000 5.374012
L 2.687006 0.000000 2.687006
E 5.374012 0.000000 0.000000


-70.920000	708167a00
10

D 0.000000 0.000000 0.000000
L 2.687006 2.687006 0.000000
D 5.374012 5.374012 0.000000
A 2.687006 5.374012 -2.687006
L 5.374012 2.687006 -2.687006
L 2.687006 0.000000 -2.687006
A 0.000000 2.687006 -2.687006
D 0.000000 0.000000 -5.374012
L 2.687006 2.687006 -5.374012
E 5.374012 0.000000 -5.374012


-70.920000	67b016900
10

D 0.000000 0.000000 0.000000
L 2.687006 2.687006 0.000000
D 5.374012 5.374012 0.000000
A 5.374012 2.687006 2.687006
L 2.687006 0.000000 2.687006
L 0.000000 2.687006 2.687006
A 2.687006 5.374012 2.687006
D 0.000000 5.374012 5.374012
L 2.687006 2.687006 5.374012
E 0.000000 0.000000 5.374012


-70.920000	459ab7b00
10

D 0.000000 0.000000 0.000000
L 2.687006 2.687006 0.000000
D 5.374012 5.374012 0.000000
A 2.687006 5.374012 2.687006
L 5.374012 2.687006 2.687006
L 2.687006 2.687006 5.374012
A 0.000000 2.687006 2.687006
D 0.000000 0.000000 5.374012
L 2.687006 0.000000 2.687006
E 5.374012 0.000000 5.374012


-70.920000	67a016800
10

D 0.000000 0.000000 0.000000
L 2.687006 2.687006 0.000000
D 5.374012 5.374012 0.000000
A 5.374012 2.687006 -2.687006
L 2.687006 0.000000 -2.687006
L 0.000000 2.687006 -2.687006
A 2.687006 5.374012 -2.687006
D 0.000000 5.374012 -5.374012
L 2.687006 2.687006 -5.374012
E 0.000000 0.000000 -5.374012


-70.920000	89a236800
10

D 0.000000 0.000000 0.000000
L 2.687006 2.687006 0.000000
D 5.374012 5.374012 0.000000
A 5.374012 2.687006 -2.687006
L 2.687006 0.000000 -2.687006
L 2.687006 2.687006 -5.374012
A 2.687006 5.374012 -2.687006
D 0.000000 5.374012 -5.374012
L 0.000000 2.687006 -2.687006
E 0.000000 0.000000 -5.374012


-70.920000	ab8456a00
10

D 0.000000 0.000000 0.000000
L 2.687006 2.687006 0.000000
D 5.374012 5.374012 0.000000
A 2.687006 5.374012 -2.687006
L 0.000000 2.687006 -2.687006
L 2.687006 2.687006 -5.374012
A 5.374012 2.687006 -2.687006
D 5.374012 0.000000 -5.374012
L 2.687006 0.000000 -2.687006
E 0.000000 0.000000 -5.374012


-70.920000	23b891900
10

D 0.000000 0.000000 0.000000
L 2.687006 2.687006 0.000000
D 5.374012 5.374012 0.000000
A 5.374012 2.687006 2.687006
L 2.687006 5.374012 2.687006
L 2.687006 2.687006 5.374012
A 2.687006 0.000000 2.687006
D 0.000000 0.000000 5.374012
L 0.000000 2.687006 2.687006
E 0.000000 5.374012 5.374012


-70.920000	448ba7a00
10

D 0.000000 0.000000 0.000000
L 2.687006 2.687006 0.000000
D 5.374012 5.374012 0.000000
A 2.687006 5.374012 -2.687006
L 5.374012 2.687006 -2.687006
L 2.687006 2.687006 -5.374012
A 0.000000 2.687006 -2.687006
D 0.000000 0.000000 -5.374012
L 2.687006 0.000000 -2.687006
E 5.374012 0.000000 0.000000


-70.920000	880276b00
10

D 0.000000 0.000000 0.000000
L 2.687006 2.687006 0.000000
D 5.374012 5.374012 0.000000
A 2.687006 5.374012 2.687006
L 0.000000 2.687006 2.687006
L 2.687006 0.000000 2.687006
A 2.687006 2.687006 5.374012
D 5.374012 5.374012 5.374012
L 5.374012 2.687006 2.687006
E 5.374012 0.000000 0.000000


-70.920000	880276410
10

D 0.000000 0.000000 0.000000
L 2.687006 2.687006 0.000000
D 0.000000 5.374012 0.000000
A 2.687006 5.374012 2.687006
L 0.000000 2.687006 2.687006
L 2.687006 0.000000 2.687006
A 2.687006 2.687006 5.374012
D 5.374012 5.374012 5.374012
L 5.374012 2.687006 2.687006
E 5.374012 0.000000 0.000000


-70.920000	559ab7b00
10

D 0.000000 0.000000 0.000000
L 2.687006 2.687006 0.000000
D 5.374012 5.374012 0.000000
A 2.687006 5.374012 2.687006
L 5.374012 2.687006 2.687006
L 2.687006 2.687006 5.374012
A 0.000000 2.687006 2.687006
D 0.000000 0.000000 5.374012
L 2.687006 0.000000 2.687006
E 5.374012 0.000000 0.000000


-70.920000	990376a00
10

D 0.000000 0.000000 0.000000
L 2.687006 2.687006 0.000000
D 5.374012 5.374012 0.000000
A 2.687006 5.374012 -2.687006
L 0.000000 2.687006 -2.687006
L 2.687006 0.000000 -2.687006
A 2.687006 2.687006 -5.374012
D 5.374012 5.374012 -5.374012
L 5.374012 2.687006 -2.687006
E 5.374012 0.000000 0.000000


-70.920000	990376510
10

D 0.000000 0.000000 0.000000
L 2.687006 2.687006 0.000000
D 0.000000 5.374012 0.000000
A 2.687006 5.374012 -2.687006
L 0.000000 2.687006 -2.687006
L 2.687006 0.000000 -2.687006
A 2.687006 2.687006 -5.374012
D 5.374012 5.374012 -5.374012
L 5.374012 2.687006 -2.687006
E 5.374012 0.000000 0.000000


-70.920000	88b236800
10

D 0.000000 0.000000 0.000000
L 2.687006 2.687006 0.000000
D 5.374012 5.374012 0.000000
A 5.374012 2.687006 -2.687006
L 2.687006 0.000000 -2.687006
L 2.687006 2.687006 -5.374012
A 2.687006 5.374012 -2.687006
D 0.000000 5.374012 0.000000
L 0.000000 2.687006 -2.687006
E 0.000000 0.000000 -5.374012


-70.920000	aa0416900
10

D 0.000000 0.000000 0.000000
L 2.687006 2.687006 0.000000
D 5.374012 5.374012 0.000000
A 5.374012 2.687006 2.687006
L 2.687006 0.000000 2.687006
L 0.000000 2.687006 2.687006
A 2.687006 2.687006 5.374012
D 5.374012 5.374012 5.374012
L 2.687006 5.374012 2.687006
E 0.000000 5.374012 0.000000


-70.920000	99a326900
10

D 0.000000 0.000000 0.000000
L 2.687006 2.687006 0.000000
D 5.374012 5.374012 0.000000
A 5.374012 2.687006 2.687006
L 2.687006 0.000000 2.687006
L 2.687006 2.687006 5.374012
A 2.687006 5.374012 2.687006
D 0.000000 5.374012 0.000000
L 0.000000 2.687006 2.687006
E 0.000000 0.000000 5.374012


-70.920000	bb0516800
10

D 0.000000 0.000000 0.000000
L 2.687006 2.687006 0.000000
D 5.374012 5.374012 0.000000
A 5.374012 2.687006 -2.687006
L 2.687006 0.000000 -2.687006
L 0.000000 2.687006 -2.687006
A 2.687006 2.687006 -5.374012
D 5.374012 5.374012 -5.374012
L 2.687006 5.374012 -2.687006
E 0.000000 5.374012 0.000000


-70.920000	aa9456a00
10

D 0.000000 0.000000 0.000000
L 2.687006 2.687006 0.000000
D 5.374012 5.374012 0.000000
A 2.687006 5.374012 -2.687006
L 0.000000 2.687006 -2.687006
L 2.687006 2.687006 -5.374012
A 5.374012 2.687006 -2.687006
D 5.374012 0.000000 0.000000
L 2.687006 0.000000 -2.687006
E 0.000000 0.000000 -5.374012


-70.920000	bb8546b00
10

D 0.000000 0.000000 0.000000
L 2.687006 2.687006 0.000000
D 5.374012 5.374012 0.000000
A 2.687006 5.374012 2.687006
L 0.000000 2.687006 2.687006
L 2.687006 2.687006 5.374012
A 5.374012 2.687006 2.687006
D 5.374012 0.000000 0.000000
L 2.687006 0.000000 2.687006
E 0.000000 0.000000 5.374012


-70.920000	663076510
10

D 0.000000 0.000000 0.000000
L 2.687006 2.687006 0.000000
D 0.000000 5.374012 0.000000
A 2.687006 5.374012 -2.687006
L 0.000000 2.687006 -2.687006
L 2.687006 0.000000 -2.687006
A 5.374012 2.687006 -2.687006
D 5.374012 5.374012 -5.374012
L 2.687006 2.687006 -5.374012
E 0.000000 0.000000 -5.374012


-70.920000	22a981800
10

D 0.000000 0.000000 0.000000
L 2.687006 2.687006 0.000000
D 5.374012 5.374012 0.000000
A 5.374012 2.687006 -2.687006
L 2.687006 5.374012 -2.687006
L 2.687006 2.687006 -5.374012
A 2.687006 0.000000 -2.687006
D 0.000000 0.000000 -5.374012
L 0.000000 2.687006 -2.687006
E 0.000000 5.374012 0.000000


-70.920000	662076410
10

D 0.000000 0.000000 0.000000
L 2.687006 2.687006 0.000000
D 0.000000 5.374012 0.000000
A 2.687006 5.374012 2.687006
L 0.000000 2.687006 2.687006
L 2.687006 0.000000 2.687006
A 5.374012 2.687006 2.687006
D 5.374012 5.374012 5.374012
L 2.687006 2.687006 5.374012
E 0.000000 0.000000 5.374012


-70.920000	33b891900
10

D 0.000000 0.000000 0.000000
L 2.687006 2.687006 0.000000
D 5.374012 5.374012 0.000000
A 5.374012 2.687006 2.687006
L 2.687006 5.374012 2.687006
L 2.687006 2.687006 5.374012
A 2.687006 0.000000 2.687006
D 0.000000 0.000000 5.374012
L 0.000000 2.687006 2.687006
E 0.000000 5.374012 0.000000


-70.920000	548ba7a00
10

D 0.000000 0.000000 0.000000
L 2.687006 2.687006 0.000000
D 5.374012 5.374012 0.000000
A 2.687006 5.374012 -2.687006
L 5.374012 2.687006 -2.687006
L 2.687006 2.687006 -5.374012
A 0.000000 2.687006 -2.687006
D 0.000000 0.000000 -5.374012
L 2.687006 0.000000 -2.687006
E 5.374012 0.000000 -5.374012


-70.920000	98b326900
10

D 0.000000 0.000000 0.000000
L 2.687006 2.687006 0.000000
D 5.374012 5.374012 0.000000
A 5.374012 2.687006 2.687006
L 2.687006 0.000000 2.687006
L 2.687006 2.687006 5.374012
A 2.687006 5.374012 2.687006
D 0.000000 5.374012 5.374012
L 0.000000 2.687006 2.687006
E 0.000000 0.000000 5.374012


-70.920000	ba9546b00
10

D 0.000000 0.000000 0.000000
L 2.687006 2.687006 0.000000
D 5.374012 5.374012 0.000000
A 2.687006 5.374012 2.687006
L 0.000000 2.687006 2.687006
L 2.687006 2.687006 5.374012
A 5.374012 2.687006 2.687006
D 5.374012 0.000000 5.374012
L 2.687006 0.000000 2.687006
E 0.000000 0.000000 5.374012


-70.920000	10b761900
10

D 0.000000 0.000000 0.000000
L 2.687006 2.687006 0.000000
D 5.374012 5.374012 0.000000
A 5.374012 2.687006 2.687006
L 2.687006 5.374012 2.687006
L 0.000000 2.687006 2.687006
A 2.687006 0.000000 2.687006
D 0.000000 0.000000 5.374012
L 2.687006 2.687006 5.374012
E 0.000000 5.374012 5.374012


-70.920000	10a761800
10

D 0.000000 0.000000 0.000000
L 2.687006 2.687006 0.000000
D 5.374012 5.374012 0.000000
A 5.374012 2.687006 -2.687006
L 2.687006 5.374012 -2.687006
L 0.000000 2.687006 -2.687006
A 2.687006 0.000000 -2.687006
D 0.000000 0.000000 -5.374012
L 2.687006 2.687006 -5.374012
E 0.000000 5.374012 -5.374012


-70.920000	32a981800
10

D 0.000000 0.000000 0.000000
L 2.687006 2.687006 0.000000
D 5.374012 5.374012 0.000000
A 5.374012 2.687006 -2.687006
L 2.687006 5.374012 -2.687006
L 2.687006 2.687006 -5.374012
A 2.687006 0.000000 -2.687006
D 0.000000 0.000000 -5.374012
L 0.000000 2.687006 -2.687006
E 0.000000 5.374012 -5.374012


-70.920000	4b0a07810
10

D 0.000000 0.000000 0.000000
L 2.687006 2.687006 0.000000
D 0.000000 5.374012 0.000000
A 0.000000 2.687006 -2.687006
L 2.687006 0.000000 -2.687006
L 5.374012 2.687006 -2.687006
A 2.687006 2.687006 -5.374012
D 5.374012 5.374012 -5.374012
L 2.687006 5.374012 -2.687006
E 5.374012 5.374012 0.000000


-70.920000	4b7a70810
10

D 0.000000 0.000000 0.000000
L 2.687006 2.687006 0.000000
D 0.000000 5.374012 0.000000
A 0.000000 2.687006 -2.687006
L 2.687006 5.374012 -2.687006
L 5.374012 2.687006 -2.687006
A 2.687006 2.687006 -5.374012
D 5.374012 0.000000 -5.374012
L 2.687006 0.000000 -2.687006
E 5.374012 0.000000 0.000000


-70.920000	619076b00
10

D 0.000000 0.000000 0.000000
L 2.687006 2.687006 0.000000
D 5.374012 5.374012 0.000000
A 2.687006 5.374012 2.687006
L 0.000000 2.687006 2.687006
L 2.687006 0.000000 2.687006
A 5.374012 2.687006 2.687006
D 5.374012 0.000000 5.374012
L 2.687006 2.687006 5.374012
E 0.000000 0.000000 5.374012


-70.920000	618076a00
10

D 0.000000 0.000000 0.000000
L 2.687006 2.687006 0.000000
D 5.374012 5.374012 0.000000
A 2.687006 5.374012 -2.687006
L 0.000000 2.687006 -2.687006
L 2.687006 0.000000 -2.687006
A 5.374012 2.687006 -2.687006
D 5.374012 0.000000 -5.374012
L 2.687006 2.687006 -5.374012
E 0.000000 0.000000 -5.374012


-70.540000	5a9546410
10

D 0.000000 0.000000 0.000000
L 2.687006 2.687006 0.000000
D 0.000000 5.374012 0.000000
A 2.687006 5.374012 2.687006
L 0.000000 2.687006 2.687006
L 2.687006 2.687006 5.374012
A 5.374012 2.687006 2.687006
D 5.374012 0.000000 5.374012
L 2.687006 0.000000 2.687006
E 5.374012 0.000000 0.000000


-70.540000	4b8456510
10

D 0.000000 0.000000 0.000000
L 2.687006 2.687006 0.000000
D 0.000000 5.374012 0.000000
A 2.687006 5.374012 -2.687006
L 0.000000 2.687006 -2.687006
L 2.687006 2.687006 -5.374012
A 5.374012 2.687006 -2.687006
D 5.374012 0.000000 -5.374012
L 2.687006 0.000000 -2.687006
E 5.374012 0.000000 0.000000


-70.540000	5a9456510
10

D 0.000000 0.000000 0.000000
L 2.687006 2.687006 0.000000
D 0.000000 5.374012 0.000000
A 2.687006 5.374012 -2.687006
L 0.000000 2.687006 -2.687006
L 2.687006 2.687006 -5.374012
A 5.374012 2.687006 -2.687006
D 5.374012 0.000000 0.000000
L 2.687006 0.000000 -2.687006
E 5.374012 0.000000 -5.374012


-70.540000	227376510
10

D 0.000000 0.000000 0.000000
L 2.687006 2.687006 0.000000
D 0.000000 5.374012 0.000000
A 2.687006 5.374012 -2.687006
L 0.000000 2.687006 -2.687006
L 2.687006 0.000000 -2.687006
A 2.687006 2.687006 -5.374012
D 5.374012 0.000000 -5.374012
L 5.374012 2.687006 -2.687006
E 5.374012 5.374012 0.000000


-70.540000	226367a00
10

D 0.000000 0.000000 0.000000
L 2.687006 2.687006 0.000000
D 5.374012 5.374012 0.000000
A 2.687006 5.374012 -2.687006
L 5.374012 2.687006 -2.687006
L 2.687006 0.000000 -2.687006
A 2.687006 2.687006 -5.374012
D 0.000000 0.000000 -5.374012
L 0.000000 2.687006 -2.687006
E 0.000000 5.374012 0.000000


-70.540000	337276410
10

D 0.000000 0.000000 0.000000
L 2.687006 2.687006 0.000000
D 0.000000 5.374012 0.000000
A 2.687006 5.374012 2.687006
L 0.000000 2.687006 2.687006
L 2.687006 0.000000 2.687006
A 2.687006 2.687006 5.374012
D 5.374012 0.000000 5.374012
L 5.374012 2.687006 2.687006
E 5.374012 5.374012 0.000000


-70.540000	336267b00
10

D 0.000000 0.000000 0.000000
L 2.687006 2.687006 0.000000
D 5.374012 5.374012 0.000000
A 2.687006 5.374012 2.687006
L 5.374012 2.687006 2.687006
L 2.687006 0.000000 2.687006
A 2.687006 2.687006 5.374012
D 0.000000 0.000000 5.374012
L 0.000000 2.687006 2.687006
E 0.000000 5.374012 0.000000


-70.540000	446561800
10

D 0.000000 0.000000 0.000000
L 2.687006 2.687006 0.000000
D 5.374012 5.374012 0.000000
A 5.374012 2.687006 -2.687006
L 2.687006 5.374012 -2.687006
L 0.000000 2.687006 -2.687006
A 2.687006 2.687006 -5.374012
D 0.000000 0.000000 -5.374012
L 2.687006 0.000000 -2.687006
E 5.374012 0.000000 0.000000


-70.540000	556461900
10

D 0.000000 0.000000 0.000000
L 2.687006 2.687006 0.000000
D 5.374012 5.374012 0.000000
A 5.374012 2.687006 2.687006
L 2.687006 5.374012 2.687006
L 0.000000 2.687006 2.687006
A 2.687006 2.687006 5.374012
D 0.000000 0.000000 5.374012
L 2.687006 0.000000 2.687006
E 5.374012 0.000000 0.000000


-70.540000	119076410
10

D 0.000000 0.000000 0.000000
L 2.687006 2.687006 0.000000
D 0.000000 5.374012 0.000000
A 2.687006 5.374012 2.687006
L 0.000000 2.687006 2.687006
L 2.687006 0.000000 2.687006
A 5.374012 2.687006 2.687006
D 5.374012 0.000000 5.374012
L 2.687006 2.687006 5.374012
E 0.000000 5.374012 5.374012


-70.540000	118076510
10

D 0.000000 0.000000 0.000000
L 2.687006 2.687006 0.000000
D 0.000000 5.374012 0.000000
A 2.687006 5.374012 -2.687006
L 0.000000 2.687006 -2.687006
L 2.687006 0.000000 -2.687006
A 5.374012 2.687006 -2.687006
D 5.374012 0.000000 -5.374012
L 2.687006 2.687006 -5.374012
E 0.000000 5.374012 -5.374012


-70.540000	4b8546410
10

D 0.000000 0.000000 0.000000
L 2.687006 2.687006 0.000000
D 0.000000 5.374012 0.000000
A 2.687006 5.374012 2.687006
L 0.000000 2.687006 2.687006
L 2.687006 2.687006 5.374012
A 5.374012 2.687006 2.687006
D 5.374012 0.000000 0.000000
L 2.687006 0.000000 2.687006
E 5.374012 0.000000 5.374012


-70.090000	6b2576410
10

D 0.000000 0.000000 0.000000
L 2.687006 2.687006 0.000000
D 0.000000 5.374012 0.000000
A 2.687006 5.374012 2.687006
L 0.000000 2.687006 2.687006
L 2.687006 0.000000 2.687006
A 5.374012 0.000000 0.000000
D 5.374012 2.687006 2.687006
L 2.687006 2.687006 5.374012
E 0.000000 0.000000 5.374012


-70.090000	a30916900
10

D 0.000000 0.000000 0.000000
L 2.687006 2.687006 0.000000
D 5.374012 5.374012 0.000000
A 5.374012 2.687006 2.687006
L 2.687006 0.000000 2.687006
L 0.000000 2.687006 2.687006
A 0.000000 0.000000 5.374012
D 2.687006 2.687006 5.374012
L 2.687006 5.374012 2.687006
E 0.000000 5.374012 0.000000


-70.090000	6a3476510
10

D 0.000000 0.000000 0.000000
L 2.687006 2.687006 0.000000
D 0.000000 5.374012 0.000000
A 2.687006 5.374012 -2.687006
L 0.000000 2.687006 -2.687006
L 2.687006 0.000000 -2.687006
A 5.374012 0.000000 0.000000
D 5.374012 2.687006 -2.687006
L 2.687006 2.687006 -5.374012
E 0.000000 0.000000 -5.374012


-70.090000	b20816800
10

D 0.000000 0.000000 0.000000
L 2.687006 2.687006 0.000000
D 5.374012 5.374012 0.000000
A 5.374012 2.687006 -2.687006
L 2.687006 0.000000 -2.687006
L 0.000000 2.687006 -2.687006
A 0.000000 0.000000 -5.374012
D 2.687006 2.687006 -5.374012
L 2.687006 5.374012 -2.687006
E 0.000000 5.374012 0.000000


-70.090000	67b01b840
10

D 0.000000 0.000000 0.000000
L 2.687006 2.687006 0.000000
D 5.374012 2.687006 2.687006
A 5.374012 0.000000 0.000000
L 2.687006 0.000000 2.687006
L 0.000000 2.687006 2.687006
A 2.687006 5.374012 2.687006
D 0.000000 5.374012 5.374012
L 2.687006 2.687006 5.374012
E 0.000000 0.000000 5.374012


-70.090000	98b32b840
10

D 0.000000 0.000000 0.000000
L 2.687006 2.687006 0.000000
D 5.374012 2.687006 2.687006
A 5.374012 0.000000 0.000000
L 2.687006 0.000000 2.687006
L 2.687006 2.687006 5.374012
A 2.687006 5.374012 2.687006
D 0.000000 5.374012 5.374012
L 0.000000 2.687006 2.687006
E 0.000000 0.000000 5.374012


-70.090000	850b76b00
10

D 0.000000 0.000000 0.000000
L 2.687006 2.687006 0.000000
D 5.374012 5.374012 0.000000
A 2.687006 5.374012 2.687006
L 0.000000 2.687006 2.687006
L 2.687006 0.000000 2.687006
A 0.000000 0.000000 5.374012
D 2.687006 2.687006 5.374012
L 5.374012 2.687006 2.687006
E 5.374012 0.000000 0.000000


-70.090000	850b76410
10

D 0.000000 0.000000 0.000000
L 2.687006 2.687006 0.000000
D 0.000000 5.374012 0.000000
A 2.687006 5.374012 2.687006
L 0.000000 2.687006 2.687006
L 2.687006 0.000000 2.687006
A 0.000000 0.000000 5.374012
D 2.687006 2.687006 5.374012
L 5.374012 2.687006 2.687006
E 5.374012 0.000000 0.000000


-70.090000	940a76a00
10

D 0.000000 0.000000 0.000000
L 2.687006 2.687006 0.000000
D 5.374012 5.374012 0.000000
A 2.687006 5.374012 -2.687006
L 0.000000 2.687006 -2.687006
L 2.687006 0.000000 -2.687006
A 0.000000 0.000000 -5.374012
D 2.687006 2.687006 -5.374012
L 5.374012 2.687006 -2.687006
E 5.374012 0.000000 0.000000


-70.090000	940a76510
10

D 0.000000 0.000000 0.000000
L 2.687006 2.687006 0.000000
D 0.000000 5.374012 0.000000
A 2.687006 5.374012 -2.687006
L 0.000000 2.687006 -2.687006
L 2.687006 0.000000 -2.687006
A 0.000000 0.000000 -5.374012
D 2.687006 2.687006 -5.374012
L 5.374012 2.687006 -2.687006
E 5.374012 0.000000 0.000000


-70.090000	6b3476410
10

D 0.000000 0.000000 0.000000
L 2.687006 2.687006 0.000000
D 0.000000 5.374012 0.000000
A 2.687006 5.374012 2.687006
L 0.000000 2.687006 2.687006
L 2.687006 0.000000 2.687006
A 5.374012 0.000000 5.374012
D 5.374012 2.687006 2.687006
L 2.687006 2.687006 5.374012
E 0.000000 0.000000 5.374012


-70.090000	a37216900
10

D 0.000000 0.000000 0.000000
L 2.687006 2.687006 0.000000
D 5.374012 5.374012 0.000000
A 5.374012 2.687006 2.687006
L 2.687006 0.000000 2.687006
L 0.000000 2.687006 2.687006
A 0.000000 5.374012 5.374012
D 2.687006 2.687006 5.374012
L 2.687006 5.374012 2.687006
E 0.000000 5.374012 0.000000


-70.090000	6a2576510
10

D 0.000000 0.000000 0.000000
L 2.687006 2.687006 0.000000
D 0.000000 5.374012 0.000000
A 2.687006 5.374012 -2.687006
L 0.000000 2.687006 -2.687006
L 2.687006 0.000000 -2.687006
A 5.374012 0.000000 -5.374012
D 5.374012 2.687006 -2.687006
L 2.687006 2.687006 -5.374012
E 0.000000 0.000000 -5.374012


-70.090000	b27316800
10

D 0.000000 0.000000 0.000000
L 2.687006 2.687006 0.000000
D 5.374012 5.374012 0.000000
A 5.374012 2.687006 -2.687006
L 2.687006 0.000000 -2.687006
L 0.000000 2.687006 -2.687006
A 0.000000 5.374012 -5.374012
D 2.687006 2.687006 -5.374012
L 2.687006 5.374012 -2.687006
E 0.000000 5.374012 0.000000


-70.090000	67b01a940
10

D 0.000000 0.000000 0.000000
L 2.687006 2.687006 0.000000
D 5.374012 2.687006 2.687006
A 5.374012 0.000000 5.374012
L 2.687006 0.000000 2.687006
L 0.000000 2.687006 2.687006
A 2.687006 5.374012 2.687006
D 0.000000 5.374012 5.374012
L 2.687006 2.687006 5.374012
E 0.000000 0.000000 5.374012


-70.090000	99a32b840
10

D 0.000000 0.000000 0.000000
L 2.687006 2.687006 0.000000
D 5.374012 2.687006 2.687006
A 5.374012 0.000000 0.000000
L 2.687006 0.000000 2.687006
L 2.687006 2.687006 5.374012
A 2.687006 5.374012 2.687006
D 0.000000 5.374012 0.000000
L 0.000000 2.687006 2.687006
E 0.000000 0.000000 5.374012


-70.090000	99a32a940
10

D 0.000000 0.000000 0.000000
L 2.687006 2.687006 0.000000
D 5.374012 2.687006 2.687006
A 5.374012 0.000000 5.374012
L 2.687006 0.000000 2.687006
L 2.687006 2.687006 5.374012
A 2.687006 5.374012 2.687006
D 0.000000 5.374012 0.000000
L 0.000000 2.687006 2.687006
E 0.000000 0.000000 5.374012


-70.090000	98b32a940
10

D 0.000000 0.000000 0.000000
L 2.687006 2.687006 0.000000
D 5.374012 2.687006 2.687006
A 5.374012 0.000000 5.374012
L 2.687006 0.000000 2.687006
L 2.687006 2.687006 5.374012
A 2.687006 5.374012 2.687006
D 0.000000 5.374012 5.374012
L 0.000000 2.687006 2.687006
E 0.000000 0.000000 5.374012


-70.090000	851476b00
10

D 0.000000 0.000000 0.000000
L 2.687006 2.687006 0.000000
D 5.374012 5.374012 0.000000
A 2.687006 5.374012 2.687006
L 0.000000 2.687006 2.687006
L 2.687006 0.000000 2.687006
A 5.374012 0.000000 5.374012
D 2.687006 2.687006 5.374012
L 5.374012 2.687006 2.687006
E 5.374012 0.000000 0.000000


-70.090000	851476410
10

D 0.000000 0.000000 0.000000
L 2.687006 2.687006 0.000000
D 0.000000 5.374012 0.000000
A 2.687006 5.374012 2.687006
L 0.000000 2.687006 2.687006
L 2.687006 0.000000 2.687006
A 5.374012 0.000000 5.374012
D 2.687006 2.687006 5.374012
L 5.374012 2.687006 2.687006
E 5.374012 0.000000 0.000000


-70.090000	a62756510
10

D 0.000000 0.000000 0.000000
L 2.687006 2.687006 0.000000
D 0.000000 5.374012 0.000000
A 2.687006 5.374012 -2.687006
L 0.000000 2.687006 -2.687006
L 2.687006 2.687006 -5.374012
A 5.374012 0.000000 -5.374012
D 5.374012 2.687006 -2.687006
L 2.687006 0.000000 -2.687006
E 0.000000 0.000000 -5.374012


-70.090000	941576a00
10

D 0.000000 0.000000 0.000000
L 2.687006 2.687006 0.000000
D 5.374012 5.374012 0.000000
A 2.687006 5.374012 -2.687006
L 0.000000 2.687006 -2.687006
L 2.687006 0.000000 -2.687006
A 5.374012 0.000000 -5.374012
D 2.687006 2.687006 -5.374012
L 5.374012 2.687006 -2.687006
E 5.374012 0.000000 0.000000


-70.090000	941576510
10

D 0.000000 0.000000 0.000000
L 2.687006 2.687006 0.000000
D 0.000000 5.374012 0.000000
A 2.687006 5.374012 -2.687006
L 0.000000 2.687006 -2.687006
L 2.687006 0.000000 -2.687006
A 5.374012 0.000000 -5.374012
D 2.687006 2.687006 -5.374012
L 5.374012 2.687006 -2.687006
E 5.374012 0.000000 0.000000


-70.090000	b63746410
10

D 0.000000 0.000000 0.000000
L 2.687006 2.687006 0.000000
D 0.000000 5.374012 0.000000
A 2.687006 5.374012 2.687006
L 0.000000 2.687006 2.687006
L 2.687006 2.687006 5.374012
A 5.374012 0.000000 5.374012
D 5.374012 2.687006 2.687006
L 2.687006 0.000000 2.687006
E 0.000000 0.000000 5.374012


-70.090000	a5141b840
10

D 0.000000 0.000000 0.000000
L 2.687006 2.687006 0.000000
D 5.374012 2.687006 2.687006
A 5.374012 0.000000 0.000000
L 2.687006 0.000000 2.687006
L 0.000000 2.687006 2.687006
A 2.687006 2.687006 5.374012
D 0.000000 5.374012 5.374012
L 2.687006 5.374012 2.687006
E 0.000000 5.374012 0.000000


-69.410000	3527642a0
10

D 0.000000 0.000000 0.000000
L 2.687006 2.687006 0.000000
D 0.000000 2.687006 -2.687006
A 0.000000 5.374012 0.000000
L 2.687006 5.374012 2.687006
L 0.000000 2.687006 2.687006
A 2.687006 0.000000 2.687006
D 2.687006 2.687006 5.374012
L 5.374012 2.687006 2.687006
E 5.374012 5.374012 0.000000


-69.410000	1b07642a0
10

D 0.000000 0.000000 0.000000
L 2.687006 2.687006 0.000000
D 0.000000 2.687006 -2.687006
A 0.000000 5.374012 0.000000
L 2.687006 5.374012 2.687006
L 0.000000 2.687006 2.687006
A 2.687006 0.000000 2.687006
D 5.374012 2.687006 2.687006
L 2.687006 2.687006 5.374012
E 0.000000 5.374012 5.374012


-69.410000	246a32640
10

D 0.000000 0.000000 0.000000
L 2.687006 2.687006 0.000000
D 5.374012 2.687006 2.687006
A 2.687006 0.000000 2.687006
L 2.687006 2.687006 5.374012
L 2.687006 5.374012 2.687006
A 0.000000 5.374012 0.000000
D -2.687006 2.687006 0.000000
L 0.000000 2.687006 2.687006
E 0.000000 5.374012 5.374012


-69.410000	b108492a0
10

D 0.000000 0.000000 0.000000
L 2.687006 2.687006 0.000000
D 0.000000 2.687006 -2.687006
A 0.000000 5.374012 0.000000
L 0.000000 2.687006 2.687006
L 2.687006 2.687006 5.374012
A 2.687006 0.000000 2.687006
D 5.374012 2.687006 2.687006
L 2.687006 5.374012 2.687006
E 0.000000 5.374012 5.374012


-69.410000	880296800
10

D 0.000000 0.000000 0.000000
L 2.687006 2.687006 0.000000
D 5.374012 5.374012 0.000000
A 5.374012 2.687006 -2.687006
L 2.687006 0.000000 -2.687006
L 2.687006 -2.687006 0.000000
A 2.687006 0.000000 2.687006
D 5.374012 2.687006 2.687006
L 5.374012 0.000000 0.000000
E 5.374012 -2.687006 -2.687006


-69.410000	990386900
10

D 0.000000 0.000000 0.000000
L 2.687006 2.687006 0.000000
D 5.374012 5.374012 0.000000
A 5.374012 2.687006 2.687006
L 2.687006 0.000000 2.687006
L 2.687006 -2.687006 0.000000
A 2.687006 0.000000 -2.687006
D 5.374012 2.687006 -2.687006
L 5.374012 0.000000 0.000000
E 5.374012 -2.687006 2.687006


-69.410000	aa04b6a00
10

D 0.000000 0.000000 0.000000
L 2.687006 2.687006 0.000000
D 5.374012 5.374012 0.000000
A 2.687006 5.374012 -2.687006
L 0.000000 2.687006 -2.687006
L -2.687006 2.687006 0.000000
A 0.000000 2.687006 2.687006
D 2.687006 5.374012 2.687006
L 0.000000 5.374012 0.000000
E -2.687006 5.374012 -2.687006


-69.410000	bb05a6b00
10

D 0.000000 0.000000 0.000000
L 2.687006 2.687006 0.000000
D 5.374012 5.374012 0.000000
A 2.687006 5.374012 2.687006
L 0.000000 2.687006 2.687006
L -2.687006 2.687006 0.000000
A 0.000000 2.687006 -2.687006
D 2.687006 5.374012 -2.687006
L 0.000000 5.374012 0.000000
E -2.687006 5.374012 2.687006


-69.410000	864038640
10

D 0.000000 0.000000 0.000000
L 2.687006 2.687006 0.000000
D 5.374012 2.687006 2.687006
A 2.687006 0.000000 2.687006
L 2.687006 -2.687006 0.000000
L 2.687006 0.000000 -2.687006
A 5.374012 2.687006 -2.687006
D 8.061017 2.687006 0.000000
L 5.374012 0.000000 0.000000
E 5.374012 -2.687006 -2.687006


-69.220000	495618340
10

D 0.000000 0.000000 0.000000
L 2.687006 2.687006 0.000000
D 5.374012 2.687006 2.687006
A 5.374012 5.374012 0.000000
L 5.374012 2.687006 -2.687006
L 2.687006 5.374012 -2.687006
A 0.000000 2.687006 -2.687006
D 2.687006 2.687006 -5.374012
L 2.687006 0.000000 -2.687006
E 5.374012 0.000000 0.000000


-69.220000	425163840
10

D 0.000000 0.000000 0.000000
L 2.687006 2.687006 0.000000
D 5.374012 2.687006 2.687006
A 5.374012 0.000000 0.000000
L 5.374012 2.687006 -2.687006
L 2.687006 0.000000 -2.687006
A 0.000000 2.687006 -2.687006
D 2.687006 2.687006 -5.374012
L 2.687006 5.374012 -2.687006
E 5.374012 5.374012 0.000000


-69.220000	0569092a0
10

D 0.000000 0.000000 0.000000
L 2.687006 2.687006 0.000000
D 0.000000 2.687006 -2.687006
A 0.000000 5.374012 0.000000
L 0.000000 2.687006 2.687006
L 2.687006 5.374012 2.687006
A 2.687006 2.687006 5.374012
D 0.000000 0.000000 5.374012
L 2.687006 0.000000 2.687006
E 5.374012 2.687006 2.687006


-69.220000	0564642a0
10

D 0.000000 0.000000 0.000000
L 2.687006 2.687006 0.000000
D 0.000000 2.687006 -2.687006
A 0.000000 5.374012 0.000000
L 2.687006 5.374012 2.687006
L 0.000000 2.687006 2.687006
A 2.687006 2.687006 5.374012
D 0.000000 0.000000 5.374012
L 2.687006 0.000000 2.687006
E 5.374012 2.687006 2.687006


-69.220000	9b30792a0
10

D 0.000000 0.000000 0.000000
L 2.687006 2.687006 0.000000
D 0.000000 2.687006 -2.687006
A 0.000000 5.374012 0.000000
L 0.000000 2.687006 2.687006
L 2.687006 0.000000 2.687006
A 5.374012 2.687006 2.687006
D 5.374012 5.374012 0.000000
L 2.687006 5.374012 2.687006
E 2.687006 2.687006 5.374012


-69.220000	0158b8900
10

D 0.000000 0.000000 0.000000
L 2.687006 2.687006 0.000000
D 5.374012 5.374012 0.000000
A 5.374012 2.687006 2.687006
L 5.374012 0.000000 0.000000
L 2.687006 0.000000 2.687006
A 2.687006 -2.687006 0.000000
D 5.374012 -2.687006 -2.687006
L 2.687006 0.000000 -2.687006
E 5.374012 2.687006 -2.687006


