-14.290000	37a0
5

G 0.000000 0.000000 0.000000
N 2.687006 2.687006 0.000000
L 0.000000 2.687006 -2.687006
V 2.687006 0.000000 -2.687006
S 2.687006 2.687006 -5.374012


-14.290000	a7a0
5

G 0.000000 0.000000 0.000000
N 2.687006 2.687006 0.000000
L 0.000000 2.687006 -2.687006
V 2.687006 0.000000 -2.687006
S 0.000000 0.000000 -5.374012


-13.280000	26a0
5

G 0.000000 0.000000 0.000000
N 2.687006 2.687006 0.000000
L 0.000000 2.687006 -2.687006
V -2.687006 0.000000 -2.687006
S -2.687006 2.687006 0.000000


-13.280000	8ba0
5

G 0.000000 0.000000 0.000000
N 2.687006 2.687006 0.000000
L 0.000000 2.687006 -2.687006
V -2.687006 2.687006 0.000000
S -2.687006 0.000000 -2.687006


-13.040000	0ba0
5

G 0.000000 0.000000 0.000000
N 2.687006 2.687006 0.000000
L 0.000000 2.687006 -2.687006
V -2.687006 2.687006 0.000000
S 0.000000 5.374012 0.000000


-12.730000	62a0
5

G 0.000000 0.000000 0.000000
N 2.687006 2.687006 0.000000
L 0.000000 2.687006 -2.687006
V 0.000000 5.374012 0.000000
S -2.687006 2.687006 0.000000


-12.490000	b0a0
5

G 0.000000 0.000000 0.000000
N 2.687006 2.687006 0.000000
L 0.000000 2.687006 -2.687006
V 2.687006 5.374012 -2.687006
S 0.000000 5.374012 0.000000


-12.490000	52a0
5

G 0.000000 0.000000 0.000000
N 2.687006 2.687006 0.000000
L 0.000000 2.687006 -2.687006
V 0.000000 5.374012 0.000000
S 2.687006 5.374012 -2.687006


-12.190000	67a0
5

G 0.000000 0.000000 0.000000
N 2.687006 2.687006 0.000000
L 0.000000 2.687006 -2.687006
V 2.687006 0.000000 -2.687006
S 0.000000 -2.687006 -2.687006


-12.190000	97a0
5

G 0.000000 0.000000 0.000000
N 2.687006 2.687006 0.000000
L 0.000000 2.687006 -2.687006
V 2.687006 0.000000 -2.687006
S 2.687006 -2.687006 0.000000


-11.950000	47a0
5

G 0.000000 0.000000 0.000000
N 2.687006 2.687006 0.000000
L 0.000000 2.687006 -2.687006
V 2.687006 0.000000 -2.687006
S 5.374012 0.000000 0.000000


-11.950000	a910
5

G 0.000000 0.000000 0.000000
N 2.687006 2.687006 0.000000
L 0.000000 5.374012 0.000000
V 0.000000 2.687006 2.687006
S -2.687006 2.687006 0.000000


-11.950000	b810
5

G 0.000000 0.000000 0.000000
N 2.687006 2.687006 0.000000
L 0.000000 5.374012 0.000000
V 0.000000 2.687006 -2.687006
S -2.687006 2.687006 0.000000


-11.950000	07a0
5

G 0.000000 0.000000 0.000000
N 2.687006 2.687006 0.000000
L 0.000000 2.687006 -2.687006
V 2.687006 0.000000 -2.687006
S 5.374012 2.687006 -2.687006


-11.710000	5640
5

G 0.000000 0.000000 0.000000
N 2.687006 2.687006 0.000000
L 5.374012 2.687006 2.687006
V 2.687006 0.000000 2.687006
S 5.374012 0.000000 0.000000


-11.710000	0910
5

G 0.000000 0.000000 0.000000
N 2.687006 2.687006 0.000000
L 0.000000 5.374012 0.000000
V 0.000000 2.687006 2.687006
S 2.687006 5.374012 2.687006


-11.710000	0810
5

G 0.000000 0.000000 0.000000
N 2.687006 2.687006 0.000000
L 0.000000 5.374012 0.000000
V 0.000000 2.687006 -2.687006
S 2.687006 5.374012 -2.687006


-11.480000	48a0
5

G 0.000000 0.000000 0.000000
N 2.687006 2.687006 0.000000
L 0.000000 2.687006 -2.687006
V 0.000000 0.000000 -5.374012
S 2.687006 0.000000 -2.687006


-11.480000	95a0
5

G 0.000000 0.000000 0.000000
N 2.687006 2.687006 0.000000
L 0.000000 2.687006 -2.687006
V 2.687006 2.687006 -5.374012
S 2.687006 0.000000 -2.687006


-11.460000	36a0
5

G 0.000000 0.000000 0.000000
N 2.687006 2.687006 0.000000
L 0.000000 2.687006 -2.687006
V -2.687006 0.000000 -2.687006
S -2.687006 2.687006 -5.374012


-11.460000	56a0
5

G 0.000000 0.000000 0.000000
N 2.687006 2.687006 0.000000
L 0.000000 2.687006 -2.687006
V -2.687006 0.000000 -2.687006
S 0.000000 0.000000 -5.374012


-11.460000	3ba0
5

G 0.000000 0.000000 0.000000
N 2.687006 2.687006 0.000000
L 0.000000 2.687006 -2.687006
V -2.687006 2.687006 0.000000
S -2.687006 5.374012 -2.687006


-10.940000	4ba0
5

G 0.000000 0.000000 0.000000
N 2.687006 2.687006 0.000000
L 0.000000 2.687006 -2.687006
V -2.687006 2.687006 0.000000
S 0.000000 2.687006 2.687006


-10.910000	80a0
5

G 0.000000 0.000000 0.000000
N 2.687006 2.687006 0.000000
L 0.000000 2.687006 -2.687006
V 2.687006 5.374012 -2.687006
S 2.687006 2.687006 -5.374012


-10.910000	a2a0
5

G 0.000000 0.000000 0.000000
N 2.687006 2.687006 0.000000
L 0.000000 2.687006 -2.687006
V 0.000000 5.374012 0.000000
S -2.687006 5.374012 -2.687006


-10.910000	a0a0
5

G 0.000000 0.000000 0.000000
N 2.687006 2.687006 0.000000
L 0.000000 2.687006 -2.687006
V 2.687006 5.374012 -2.687006
S 0.000000 5.374012 -5.374012


-10.700000	4610
5

G 0.000000 0.000000 0.000000
N 2.687006 2.687006 0.000000
L 0.000000 5.374012 0.000000
V -2.687006 2.687006 0.000000
S 0.000000 2.687006 2.687006


-10.700000	5610
5

G 0.000000 0.000000 0.000000
N 2.687006 2.687006 0.000000
L 0.000000 5.374012 0.000000
V -2.687006 2.687006 0.000000
S 0.000000 2.687006 -2.687006


-10.390000	92a0
5

G 0.000000 0.000000 0.000000
N 2.687006 2.687006 0.000000
L 0.000000 2.687006 -2.687006
V 0.000000 5.374012 0.000000
S 0.000000 2.687006 2.687006


-10.370000	57a0
5

G 0.000000 0.000000 0.000000
N 2.687006 2.687006 0.000000
L 0.000000 2.687006 -2.687006
V 2.687006 0.000000 -2.687006
S 5.374012 0.000000 -5.374012


-10.370000	77a0
5

G 0.000000 0.000000 0.000000
N 2.687006 2.687006 0.000000
L 0.000000 2.687006 -2.687006
V 2.687006 0.000000 -2.687006
S 5.374012 -2.687006 -2.687006


-10.370000	87a0
5

G 0.000000 0.000000 0.000000
N 2.687006 2.687006 0.000000
L 0.000000 2.687006 -2.687006
V 2.687006 0.000000 -2.687006
S 2.687006 -2.687006 -5.374012


-10.150000	6510
5

G 0.000000 0.000000 0.000000
N 2.687006 2.687006 0.000000
L 0.000000 5.374012 0.000000
V 2.687006 5.374012 -2.687006
S 0.000000 2.687006 -2.687006


-10.150000	6410
5

G 0.000000 0.000000 0.000000
N 2.687006 2.687006 0.000000
L 0.000000 5.374012 0.000000
V 2.687006 5.374012 2.687006
S 0.000000 2.687006 2.687006


-10.150000	b840
5

G 0.000000 0.000000 0.000000
N 2.687006 2.687006 0.000000
L 5.374012 2.687006 2.687006
V 5.374012 0.000000 0.000000
S 2.687006 0.000000 2.687006


-10.130000	2640
5

G 0.000000 0.000000 0.000000
N 2.687006 2.687006 0.000000
L 5.374012 2.687006 2.687006
V 2.687006 0.000000 2.687006
S 2.687006 2.687006 5.374012


-10.130000	4640
5

G 0.000000 0.000000 0.000000
N 2.687006 2.687006 0.000000
L 5.374012 2.687006 2.687006
V 2.687006 0.000000 2.687006
S 5.374012 0.000000 5.374012


-10.130000	1910
5

G 0.000000 0.000000 0.000000
N 2.687006 2.687006 0.000000
L 0.000000 5.374012 0.000000
V 0.000000 2.687006 2.687006
S -2.687006 5.374012 2.687006


-10.130000	1810
5

G 0.000000 0.000000 0.000000
N 2.687006 2.687006 0.000000
L 0.000000 5.374012 0.000000
V 0.000000 2.687006 -2.687006
S -2.687006 5.374012 -2.687006


-9.900000	91a0
5

G 0.000000 0.000000 0.000000
N 2.687006 2.687006 0.000000
L 0.000000 2.687006 -2.687006
V -2.687006 5.374012 -2.687006
S -2.687006 2.687006 0.000000


-9.900000	9aa0
5

G 0.000000 0.000000 0.000000
N 2.687006 2.687006 0.000000
L 0.000000 2.687006 -2.687006
V -2.687006 2.687006 -5.374012
S -2.687006 0.000000 -2.687006


-9.900000	b8a0
5

G 0.000000 0.000000 0.000000
N 2.687006 2.687006 0.000000
L 0.000000 2.687006 -2.687006
V 0.000000 0.000000 -5.374012
S -2.687006 0.000000 -2.687006


-9.660000	25a0
5

G 0.000000 0.000000 0.000000
N 2.687006 2.687006 0.000000
L 0.000000 2.687006 -2.687006
V 2.687006 2.687006 -5.374012
S 2.687006 5.374012 -2.687006


-9.660000	43a0
5

G 0.000000 0.000000 0.000000
N 2.687006 2.687006 0.000000
L 0.000000 2.687006 -2.687006
V 0.000000 5.374012 -5.374012
S 2.687006 5.374012 -2.687006


-9.660000	41a0
5

G 0.000000 0.000000 0.000000
N 2.687006 2.687006 0.000000
L 0.000000 2.687006 -2.687006
V -2.687006 5.374012 -2.687006
S 0.000000 5.374012 0.000000


-9.610000	1640
5

G 0.000000 0.000000 0.000000
N 2.687006 2.687006 0.000000
L 5.374012 2.687006 2.687006
V 2.687006 0.000000 2.687006
S 0.000000 2.687006 2.687006


-9.610000	7910
5

G 0.000000 0.000000 0.000000
N 2.687006 2.687006 0.000000
L 0.000000 5.374012 0.000000
V 0.000000 2.687006 2.687006
S 2.687006 0.000000 2.687006


-9.610000	7810
5

G 0.000000 0.000000 0.000000
N 2.687006 2.687006 0.000000
L 0.000000 5.374012 0.000000
V 0.000000 2.687006 -2.687006
S 2.687006 0.000000 -2.687006


-9.360000	9ba0
5

G 0.000000 0.000000 0.000000
N 2.687006 2.687006 0.000000
L 0.000000 2.687006 -2.687006
V -2.687006 2.687006 0.000000
S -2.687006 0.000000 2.687006


-9.360000	76a0
5

G 0.000000 0.000000 0.000000
N 2.687006 2.687006 0.000000
L 0.000000 2.687006 -2.687006
V -2.687006 0.000000 -2.687006
S 0.000000 -2.687006 -2.687006


-9.360000	96a0
5

G 0.000000 0.000000 0.000000
N 2.687006 2.687006 0.000000
L 0.000000 2.687006 -2.687006
V -2.687006 0.000000 -2.687006
S -2.687006 -2.687006 0.000000


-8.570000	70a0
5

G 0.000000 0.000000 0.000000
N 2.687006 2.687006 0.000000
L 0.000000 2.687006 -2.687006
V 2.687006 5.374012 -2.687006
S 5.374012 2.687006 -2.687006


-8.570000	42a0
5

G 0.000000 0.000000 0.000000
N 2.687006 2.687006 0.000000
L 0.000000 2.687006 -2.687006
V 0.000000 5.374012 0.000000
S 2.687006 5.374012 2.687006


-8.570000	40a0
5

G 0.000000 0.000000 0.000000
N 2.687006 2.687006 0.000000
L 0.000000 2.687006 -2.687006
V 2.687006 5.374012 -2.687006
S 5.374012 5.374012 0.000000


-8.330000	7b00
5

G 0.000000 0.000000 0.000000
N 2.687006 2.687006 0.000000
L 5.374012 5.374012 0.000000
V 2.687006 5.374012 2.687006
S 5.374012 2.687006 2.687006


-8.330000	b340
5

G 0.000000 0.000000 0.000000
N 2.687006 2.687006 0.000000
L 5.374012 2.687006 2.687006
V 5.374012 5.374012 0.000000
S 2.687006 5.374012 2.687006


-8.330000	7a00
5

G 0.000000 0.000000 0.000000
N 2.687006 2.687006 0.000000
L 5.374012 5.374012 0.000000
V 2.687006 5.374012 -2.687006
S 5.374012 2.687006 -2.687006


-8.330000	1900
5

G 0.000000 0.000000 0.000000
N 2.687006 2.687006 0.000000
L 5.374012 5.374012 0.000000
V 5.374012 2.687006 2.687006
S 2.687006 5.374012 2.687006


-8.330000	5140
5

G 0.000000 0.000000 0.000000
N 2.687006 2.687006 0.000000
L 5.374012 2.687006 2.687006
V 2.687006 5.374012 2.687006
S 5.374012 5.374012 0.000000


-8.330000	1800
5

G 0.000000 0.000000 0.000000
N 2.687006 2.687006 0.000000
L 5.374012 5.374012 0.000000
V 5.374012 2.687006 -2.687006
S 2.687006 5.374012 -2.687006


-8.080000	81a0
5

G 0.000000 0.000000 0.000000
N 2.687006 2.687006 0.000000
L 0.000000 2.687006 -2.687006
V -2.687006 5.374012 -2.687006
S -2.687006 2.687006 -5.374012


-8.080000	15a0
5

G 0.000000 0.000000 0.000000
N 2.687006 2.687006 0.000000
L 0.000000 2.687006 -2.687006
V 2.687006 2.687006 -5.374012
S 0.000000 5.374012 -5.374012


-8.080000	b3a0
5

G 0.000000 0.000000 0.000000
N 2.687006 2.687006 0.000000
L 0.000000 2.687006 -2.687006
V 0.000000 5.374012 -5.374012
S -2.687006 5.374012 -2.687006


-8.080000	7aa0
5

G 0.000000 0.000000 0.000000
N 2.687006 2.687006 0.000000
L 0.000000 2.687006 -2.687006
V -2.687006 2.687006 -5.374012
S 0.000000 0.000000 -5.374012


-8.080000	65a0
5

G 0.000000 0.000000 0.000000
N 2.687006 2.687006 0.000000
L 0.000000 2.687006 -2.687006
V 2.687006 2.687006 -5.374012
S 0.000000 0.000000 -5.374012


-8.080000	0aa0
5

G 0.000000 0.000000 0.000000
N 2.687006 2.687006 0.000000
L 0.000000 2.687006 -2.687006
V -2.687006 2.687006 -5.374012
S 0.000000 5.374012 -5.374012


-8.080000	63a0
5

G 0.000000 0.000000 0.000000
N 2.687006 2.687006 0.000000
L 0.000000 2.687006 -2.687006
V 0.000000 5.374012 -5.374012
S -2.687006 2.687006 -5.374012


-8.080000	08a0
5

G 0.000000 0.000000 0.000000
N 2.687006 2.687006 0.000000
L 0.000000 2.687006 -2.687006
V 0.000000 0.000000 -5.374012
S 2.687006 2.687006 -5.374012


-8.080000	2aa0
5

G 0.000000 0.000000 0.000000
N 2.687006 2.687006 0.000000
L 0.000000 2.687006 -2.687006
V -2.687006 2.687006 -5.374012
S -2.687006 5.374012 -2.687006


-8.080000	51a0
5

G 0.000000 0.000000 0.000000
N 2.687006 2.687006 0.000000
L 0.000000 2.687006 -2.687006
V -2.687006 5.374012 -2.687006
S 0.000000 5.374012 -5.374012


-8.080000	73a0
5

G 0.000000 0.000000 0.000000
N 2.687006 2.687006 0.000000
L 0.000000 2.687006 -2.687006
V 0.000000 5.374012 -5.374012
S 2.687006 2.687006 -5.374012


-8.080000	18a0
5

G 0.000000 0.000000 0.000000
N 2.687006 2.687006 0.000000
L 0.000000 2.687006 -2.687006
V 0.000000 0.000000 -5.374012
S -2.687006 2.687006 -5.374012


-8.030000	6910
5

G 0.000000 0.000000 0.000000
N 2.687006 2.687006 0.000000
L 0.000000 5.374012 0.000000
V 0.000000 2.687006 2.687006
S -2.687006 0.000000 2.687006


-8.030000	6810
5

G 0.000000 0.000000 0.000000
N 2.687006 2.687006 0.000000
L 0.000000 5.374012 0.000000
V 0.000000 2.687006 -2.687006
S -2.687006 0.000000 -2.687006


-8.030000	6640
5

G 0.000000 0.000000 0.000000
N 2.687006 2.687006 0.000000
L 5.374012 2.687006 2.687006
V 2.687006 0.000000 2.687006
S 0.000000 -2.687006 2.687006


-8.030000	8640
5

G 0.000000 0.000000 0.000000
N 2.687006 2.687006 0.000000
L 5.374012 2.687006 2.687006
V 2.687006 0.000000 2.687006
S 2.687006 -2.687006 0.000000


-7.540000	16a0
5

G 0.000000 0.000000 0.000000
N 2.687006 2.687006 0.000000
L 0.000000 2.687006 -2.687006
V -2.687006 0.000000 -2.687006
S -5.374012 2.687006 -2.687006


-7.540000	6ba0
5

G 0.000000 0.000000 0.000000
N 2.687006 2.687006 0.000000
L 0.000000 2.687006 -2.687006
V -2.687006 2.687006 0.000000
S -5.374012 0.000000 0.000000


-7.540000	aba0
5

G 0.000000 0.000000 0.000000
N 2.687006 2.687006 0.000000
L 0.000000 2.687006 -2.687006
V -2.687006 2.687006 0.000000
S -5.374012 2.687006 -2.687006


-7.540000	66a0
5

G 0.000000 0.000000 0.000000
N 2.687006 2.687006 0.000000
L 0.000000 2.687006 -2.687006
V -2.687006 0.000000 -2.687006
S -5.374012 -2.687006 -2.687006


-7.540000	bba0
5

G 0.000000 0.000000 0.000000
N 2.687006 2.687006 0.000000
L 0.000000 2.687006 -2.687006
V -2.687006 2.687006 0.000000
S -5.374012 2.687006 2.687006


-7.540000	86a0
5

G 0.000000 0.000000 0.000000
N 2.687006 2.687006 0.000000
L 0.000000 2.687006 -2.687006
V -2.687006 0.000000 -2.687006
S -2.687006 -2.687006 -5.374012


-7.540000	1ba0
5

G 0.000000 0.000000 0.000000
N 2.687006 2.687006 0.000000
L 0.000000 2.687006 -2.687006
V -2.687006 2.687006 0.000000
S -5.374012 5.374012 0.000000


-7.540000	2ba0
5

G 0.000000 0.000000 0.000000
N 2.687006 2.687006 0.000000
L 0.000000 2.687006 -2.687006
V -2.687006 2.687006 0.000000
S -2.687006 5.374012 2.687006


-7.540000	a6a0
5

G 0.000000 0.000000 0.000000
N 2.687006 2.687006 0.000000
L 0.000000 2.687006 -2.687006
V -2.687006 0.000000 -2.687006
S -5.374012 0.000000 -5.374012


-7.540000	b6a0
5

G 0.000000 0.000000 0.000000
N 2.687006 2.687006 0.000000
L 0.000000 2.687006 -2.687006
V -2.687006 0.000000 -2.687006
S -5.374012 0.000000 0.000000


-7.320000	7b10
5

G 0.000000 0.000000 0.000000
N 2.687006 2.687006 0.000000
L 0.000000 5.374012 0.000000
V -2.687006 5.374012 2.687006
S 0.000000 2.687006 2.687006


-7.320000	8b40
5

G 0.000000 0.000000 0.000000
N 2.687006 2.687006 0.000000
L 5.374012 2.687006 2.687006
V 2.687006 2.687006 5.374012
S 2.687006 0.000000 2.687006


-7.320000	7a10
5

G 0.000000 0.000000 0.000000
N 2.687006 2.687006 0.000000
L 0.000000 5.374012 0.000000
V -2.687006 5.374012 -2.687006
S 0.000000 2.687006 -2.687006


-7.320000	a940
5

G 0.000000 0.000000 0.000000
N 2.687006 2.687006 0.000000
L 5.374012 2.687006 2.687006
V 5.374012 0.000000 5.374012
S 2.687006 0.000000 2.687006


-7.300000	2610
5

G 0.000000 0.000000 0.000000
N 2.687006 2.687006 0.000000
L 0.000000 5.374012 0.000000
V -2.687006 2.687006 0.000000
S -2.687006 5.374012 2.687006


-7.300000	3610
5

G 0.000000 0.000000 0.000000
N 2.687006 2.687006 0.000000
L 0.000000 5.374012 0.000000
V -2.687006 2.687006 0.000000
S -2.687006 5.374012 -2.687006


-6.990000	b2a0
5

G 0.000000 0.000000 0.000000
N 2.687006 2.687006 0.000000
L 0.000000 2.687006 -2.687006
V 0.000000 5.374012 0.000000
S -2.687006 5.374012 2.687006


-6.990000	02a0
5

G 0.000000 0.000000 0.000000
N 2.687006 2.687006 0.000000
L 0.000000 2.687006 -2.687006
V 0.000000 5.374012 0.000000
S 2.687006 8.061017 0.000000


-6.990000	12a0
5

G 0.000000 0.000000 0.000000
N 2.687006 2.687006 0.000000
L 0.000000 2.687006 -2.687006
V 0.000000 5.374012 0.000000
S -2.687006 8.061017 0.000000


-6.990000	00a0
5

G 0.000000 0.000000 0.000000
N 2.687006 2.687006 0.000000
L 0.000000 2.687006 -2.687006
V 2.687006 5.374012 -2.687006
S 5.374012 8.061017 -2.687006


-6.990000	22a0
5

G 0.000000 0.000000 0.000000
N 2.687006 2.687006 0.000000
L 0.000000 2.687006 -2.687006
V 0.000000 5.374012 0.000000
S 0.000000 8.061017 2.687006


-6.990000	10a0
5

G 0.000000 0.000000 0.000000
N 2.687006 2.687006 0.000000
L 0.000000 2.687006 -2.687006
V 2.687006 5.374012 -2.687006
S 0.000000 8.061017 -2.687006


-6.990000	32a0
5

G 0.000000 0.000000 0.000000
N 2.687006 2.687006 0.000000
L 0.000000 2.687006 -2.687006
V 0.000000 5.374012 0.000000
S 0.000000 8.061017 -2.687006


-6.990000	20a0
5

G 0.000000 0.000000 0.000000
N 2.687006 2.687006 0.000000
L 0.000000 2.687006 -2.687006
V 2.687006 5.374012 -2.687006
S 2.687006 8.061017 0.000000


