-26.240000	1053410
8

G 0.000000 0.000000 0.000000
C 2.193931 2.193931 -2.193931
V 4.387862 0.000000 -4.387862
L 2.193931 -2.193931 -2.193931
Y 0.000000 -4.387862 -4.387862
P -2.193931 -2.193931 -2.193931
W 0.000000 0.000000 -4.387862
C 2.193931 -2.193931 -6.581793


-26.240000	1056410
8

G 0.000000 0.000000 0.000000
C 2.193931 2.193931 -2.193931
V 4.387862 0.000000 -4.387862
L 2.193931 -2.193931 -2.193931
Y 4.387862 -4.387862 0.000000
P 2.193931 -2.193931 2.193931
W 4.387862 0.000000 0.000000
C 6.581793 -2.193931 -2.193931


-25.900000	5430630
8

G 0.000000 0.000000 0.000000
C 2.193931 2.193931 -2.193931
V 0.000000 0.000000 -4.387862
L 2.193931 -2.193931 -2.193931
Y 4.387862 0.000000 -4.387862
P 2.193931 -2.193931 -6.581793
W 0.000000 -4.387862 -4.387862
C -2.193931 -2.193931 -2.193931


-25.900000	6430530
8

G 0.000000 0.000000 0.000000
C 2.193931 2.193931 -2.193931
V 0.000000 0.000000 -4.387862
L -2.193931 2.193931 -2.193931
Y 0.000000 4.387862 -4.387862
P -2.193931 2.193931 -6.581793
W -4.387862 0.000000 -4.387862
C -2.193931 -2.193931 -2.193931


-25.890000	4506410
8

G 0.000000 0.000000 0.000000
C 2.193931 2.193931 -2.193931
V 4.387862 0.000000 -4.387862
L 2.193931 -2.193931 -2.193931
Y 4.387862 -4.387862 0.000000
P 6.581793 -2.193931 -2.193931
W 4.387862 0.000000 0.000000
C 2.193931 -2.193931 2.193931


-25.890000	4503410
8

G 0.000000 0.000000 0.000000
C 2.193931 2.193931 -2.193931
V 4.387862 0.000000 -4.387862
L 2.193931 -2.193931 -2.193931
Y 0.000000 -4.387862 -4.387862
P 2.193931 -2.193931 -6.581793
W 0.000000 0.000000 -4.387862
C -2.193931 -2.193931 -2.193931


-25.450000	0142410
8

G 0.000000 0.000000 0.000000
C 2.193931 2.193931 -2.193931
V 4.387862 0.000000 -4.387862
L 2.193931 -2.193931 -2.193931
Y 0.000000 0.000000 -4.387862
P -2.193931 -2.193931 -2.193931
W 0.000000 -4.387862 -4.387862
C 2.193931 -2.193931 -6.581793


-25.450000	0147410
8

G 0.000000 0.000000 0.000000
C 2.193931 2.193931 -2.193931
V 4.387862 0.000000 -4.387862
L 2.193931 -2.193931 -2.193931
Y 4.387862 0.000000 0.000000
P 2.193931 -2.193931 2.193931
W 4.387862 -4.387862 0.000000
C 6.581793 -2.193931 -2.193931


-25.240000	6145210
8

G 0.000000 0.000000 0.000000
C 2.193931 2.193931 -2.193931
V 4.387862 0.000000 -4.387862
L 2.193931 2.193931 -6.581793
Y 0.000000 4.387862 -4.387862
P -2.193931 2.193931 -2.193931
W 0.000000 0.000000 -4.387862
C 2.193931 -2.193931 -2.193931


-25.240000	6054310
8

G 0.000000 0.000000 0.000000
C 2.193931 2.193931 -2.193931
V 4.387862 0.000000 -4.387862
L 2.193931 -2.193931 -6.581793
Y 0.000000 -4.387862 -4.387862
P -2.193931 -2.193931 -2.193931
W 0.000000 0.000000 -4.387862
C 2.193931 -2.193931 -2.193931


-25.240000	3145710
8

G 0.000000 0.000000 0.000000
C 2.193931 2.193931 -2.193931
V 4.387862 0.000000 -4.387862
L 6.581793 2.193931 -2.193931
Y 4.387862 4.387862 0.000000
P 2.193931 2.193931 2.193931
W 4.387862 0.000000 0.000000
C 2.193931 -2.193931 -2.193931


-25.240000	3054610
8

G 0.000000 0.000000 0.000000
C 2.193931 2.193931 -2.193931
V 4.387862 0.000000 -4.387862
L 6.581793 -2.193931 -2.193931
Y 4.387862 -4.387862 0.000000
P 2.193931 -2.193931 2.193931
W 4.387862 0.000000 0.000000
C 2.193931 -2.193931 -2.193931


-25.100000	5417410
8

G 0.000000 0.000000 0.000000
C 2.193931 2.193931 -2.193931
V 4.387862 0.000000 -4.387862
L 2.193931 -2.193931 -2.193931
Y 4.387862 0.000000 0.000000
P 6.581793 -2.193931 -2.193931
W 4.387862 -4.387862 0.000000
C 2.193931 -2.193931 2.193931


-25.100000	5412410
8

G 0.000000 0.000000 0.000000
C 2.193931 2.193931 -2.193931
V 4.387862 0.000000 -4.387862
L 2.193931 -2.193931 -2.193931
Y 0.000000 0.000000 -4.387862
P 2.193931 -2.193931 -6.581793
W 0.000000 -4.387862 -4.387862
C -2.193931 -2.193931 -2.193931


-24.710000	4702430
8

G 0.000000 0.000000 0.000000
C 2.193931 2.193931 -2.193931
V 0.000000 0.000000 -4.387862
L -2.193931 -2.193931 -2.193931
Y -4.387862 0.000000 -4.387862
P -2.193931 2.193931 -6.581793
W 0.000000 4.387862 -4.387862
C -2.193931 2.193931 -2.193931


-24.710000	4701430
8

G 0.000000 0.000000 0.000000
C 2.193931 2.193931 -2.193931
V 0.000000 0.000000 -4.387862
L -2.193931 -2.193931 -2.193931
Y 0.000000 -4.387862 -4.387862
P 2.193931 -2.193931 -6.581793
W 4.387862 0.000000 -4.387862
C 2.193931 -2.193931 -2.193931


-24.710000	4610530
8

G 0.000000 0.000000 0.000000
C 2.193931 2.193931 -2.193931
V 0.000000 0.000000 -4.387862
L -2.193931 2.193931 -2.193931
Y 0.000000 4.387862 -4.387862
P 2.193931 2.193931 -6.581793
W 4.387862 0.000000 -4.387862
C 2.193931 -2.193931 -2.193931


-24.710000	4520630
8

G 0.000000 0.000000 0.000000
C 2.193931 2.193931 -2.193931
V 0.000000 0.000000 -4.387862
L 2.193931 -2.193931 -2.193931
Y 4.387862 0.000000 -4.387862
P 2.193931 2.193931 -6.581793
W 0.000000 4.387862 -4.387862
C -2.193931 2.193931 -2.193931


-24.450000	7145310
8

G 0.000000 0.000000 0.000000
C 2.193931 2.193931 -2.193931
V 4.387862 0.000000 -4.387862
L 2.193931 -2.193931 -6.581793
Y 0.000000 0.000000 -4.387862
P -2.193931 -2.193931 -2.193931
W 0.000000 -4.387862 -4.387862
C 2.193931 -2.193931 -2.193931


-24.450000	1347530
8

G 0.000000 0.000000 0.000000
C 2.193931 2.193931 -2.193931
V 0.000000 0.000000 -4.387862
L -2.193931 2.193931 -2.193931
Y 0.000000 4.387862 0.000000
P -2.193931 2.193931 2.193931
W -4.387862 0.000000 0.000000
C -2.193931 -2.193931 -2.193931


-24.450000	2347630
8

G 0.000000 0.000000 0.000000
C 2.193931 2.193931 -2.193931
V 0.000000 0.000000 -4.387862
L 2.193931 -2.193931 -2.193931
Y 4.387862 0.000000 0.000000
P 2.193931 -2.193931 2.193931
W 0.000000 -4.387862 0.000000
C -2.193931 -2.193931 -2.193931


-24.450000	2145610
8

G 0.000000 0.000000 0.000000
C 2.193931 2.193931 -2.193931
V 4.387862 0.000000 -4.387862
L 6.581793 -2.193931 -2.193931
Y 4.387862 0.000000 0.000000
P 2.193931 -2.193931 2.193931
W 4.387862 -4.387862 0.000000
C 2.193931 -2.193931 -2.193931


-24.370000	3602530
8

G 0.000000 0.000000 0.000000
C 2.193931 2.193931 -2.193931
V 0.000000 0.000000 -4.387862
L -2.193931 2.193931 -2.193931
Y -4.387862 4.387862 -4.387862
P -2.193931 6.581793 -6.581793
W 0.000000 4.387862 -4.387862
C -2.193931 2.193931 -6.581793


-24.370000	3501630
8

G 0.000000 0.000000 0.000000
C 2.193931 2.193931 -2.193931
V 0.000000 0.000000 -4.387862
L 2.193931 -2.193931 -2.193931
Y 4.387862 -4.387862 -4.387862
P 6.581793 -2.193931 -6.581793
W 4.387862 0.000000 -4.387862
C 2.193931 -2.193931 -6.581793


-24.370000	1307530
8

G 0.000000 0.000000 0.000000
C 2.193931 2.193931 -2.193931
V 0.000000 0.000000 -4.387862
L -2.193931 2.193931 -2.193931
Y 0.000000 4.387862 0.000000
P 2.193931 6.581793 -2.193931
W 0.000000 4.387862 -4.387862
C 2.193931 2.193931 -6.581793


-24.370000	1127530
8

G 0.000000 0.000000 0.000000
C 2.193931 2.193931 -2.193931
V 0.000000 0.000000 -4.387862
L -2.193931 2.193931 -2.193931
Y 0.000000 4.387862 0.000000
P -2.193931 6.581793 -2.193931
W 0.000000 4.387862 -4.387862
C 2.193931 2.193931 -6.581793


-24.370000	2307630
8

G 0.000000 0.000000 0.000000
C 2.193931 2.193931 -2.193931
V 0.000000 0.000000 -4.387862
L 2.193931 -2.193931 -2.193931
Y 4.387862 0.000000 0.000000
P 6.581793 2.193931 -2.193931
W 4.387862 0.000000 -4.387862
C 2.193931 2.193931 -6.581793


-24.370000	1276410
8

G 0.000000 0.000000 0.000000
C 2.193931 2.193931 -2.193931
V 4.387862 0.000000 -4.387862
L 2.193931 -2.193931 -2.193931
Y 4.387862 -4.387862 0.000000
P 6.581793 -2.193931 2.193931
W 4.387862 0.000000 0.000000
C 6.581793 -2.193931 -2.193931


-24.370000	2217630
8

G 0.000000 0.000000 0.000000
C 2.193931 2.193931 -2.193931
V 0.000000 0.000000 -4.387862
L 2.193931 -2.193931 -2.193931
Y 4.387862 0.000000 0.000000
P 6.581793 -2.193931 -2.193931
W 4.387862 0.000000 -4.387862
C 2.193931 2.193931 -6.581793


-24.370000	3307630
8

G 0.000000 0.000000 0.000000
C 2.193931 2.193931 -2.193931
V 0.000000 0.000000 -4.387862
L 2.193931 -2.193931 -2.193931
Y 4.387862 0.000000 0.000000
P 6.581793 2.193931 -2.193931
W 4.387862 0.000000 -4.387862
C 2.193931 -2.193931 -6.581793


-24.370000	3307530
8

G 0.000000 0.000000 0.000000
C 2.193931 2.193931 -2.193931
V 0.000000 0.000000 -4.387862
L -2.193931 2.193931 -2.193931
Y 0.000000 4.387862 0.000000
P 2.193931 6.581793 -2.193931
W 0.000000 4.387862 -4.387862
C -2.193931 2.193931 -6.581793


-24.370000	1723410
8

G 0.000000 0.000000 0.000000
C 2.193931 2.193931 -2.193931
V 4.387862 0.000000 -4.387862
L 2.193931 -2.193931 -2.193931
Y 0.000000 -4.387862 -4.387862
P -2.193931 -2.193931 -6.581793
W 0.000000 0.000000 -4.387862
C 2.193931 -2.193931 -6.581793


-24.370000	3217630
8

G 0.000000 0.000000 0.000000
C 2.193931 2.193931 -2.193931
V 0.000000 0.000000 -4.387862
L 2.193931 -2.193931 -2.193931
Y 4.387862 0.000000 0.000000
P 6.581793 -2.193931 -2.193931
W 4.387862 0.000000 -4.387862
C 2.193931 -2.193931 -6.581793


-24.370000	3271630
8

G 0.000000 0.000000 0.000000
C 2.193931 2.193931 -2.193931
V 0.000000 0.000000 -4.387862
L 2.193931 -2.193931 -2.193931
Y 4.387862 -4.387862 -4.387862
P 6.581793 -2.193931 -2.193931
W 4.387862 0.000000 -4.387862
C 2.193931 -2.193931 -6.581793


-24.370000	3172530
8

G 0.000000 0.000000 0.000000
C 2.193931 2.193931 -2.193931
V 0.000000 0.000000 -4.387862
L -2.193931 2.193931 -2.193931
Y -4.387862 4.387862 -4.387862
P -2.193931 6.581793 -2.193931
W 0.000000 4.387862 -4.387862
C -2.193931 2.193931 -6.581793


-24.370000	3127530
8

G 0.000000 0.000000 0.000000
C 2.193931 2.193931 -2.193931
V 0.000000 0.000000 -4.387862
L -2.193931 2.193931 -2.193931
Y 0.000000 4.387862 0.000000
P -2.193931 6.581793 -2.193931
W 0.000000 4.387862 -4.387862
C -2.193931 2.193931 -6.581793


-24.260000	1052410
8

G 0.000000 0.000000 0.000000
C 2.193931 2.193931 -2.193931
V 4.387862 0.000000 -4.387862
L 2.193931 -2.193931 -2.193931
Y 0.000000 0.000000 -4.387862
P -2.193931 2.193931 -2.193931
W 0.000000 4.387862 -4.387862
C 2.193931 2.193931 -6.581793


-24.260000	1057410
8

G 0.000000 0.000000 0.000000
C 2.193931 2.193931 -2.193931
V 4.387862 0.000000 -4.387862
L 2.193931 -2.193931 -2.193931
Y 4.387862 0.000000 0.000000
P 2.193931 2.193931 2.193931
W 4.387862 4.387862 0.000000
C 6.581793 2.193931 -2.193931


-23.910000	4507410
8

G 0.000000 0.000000 0.000000
C 2.193931 2.193931 -2.193931
V 4.387862 0.000000 -4.387862
L 2.193931 -2.193931 -2.193931
Y 4.387862 0.000000 0.000000
P 6.581793 2.193931 -2.193931
W 4.387862 4.387862 0.000000
C 2.193931 2.193931 2.193931


-23.910000	4502410
8

G 0.000000 0.000000 0.000000
C 2.193931 2.193931 -2.193931
V 4.387862 0.000000 -4.387862
L 2.193931 -2.193931 -2.193931
Y 0.000000 0.000000 -4.387862
P 2.193931 2.193931 -6.581793
W 0.000000 4.387862 -4.387862
C -2.193931 2.193931 -2.193931


-23.610000	5347130
8

G 0.000000 0.000000 0.000000
C 2.193931 2.193931 -2.193931
V 0.000000 0.000000 -4.387862
L 2.193931 -2.193931 -6.581793
Y 4.387862 0.000000 -4.387862
P 2.193931 -2.193931 -2.193931
W 0.000000 -4.387862 -4.387862
C -2.193931 -2.193931 -2.193931


-23.610000	6347230
8

G 0.000000 0.000000 0.000000
C 2.193931 2.193931 -2.193931
V 0.000000 0.000000 -4.387862
L -2.193931 2.193931 -6.581793
Y 0.000000 4.387862 -4.387862
P -2.193931 2.193931 -2.193931
W -4.387862 0.000000 -4.387862
C -2.193931 -2.193931 -2.193931


-23.600000	4724610
8

G 0.000000 0.000000 0.000000
C 2.193931 2.193931 -2.193931
V 4.387862 0.000000 -4.387862
L 6.581793 -2.193931 -2.193931
Y 4.387862 -4.387862 0.000000
P 2.193931 -2.193931 -2.193931
W 4.387862 0.000000 0.000000
C 2.193931 -2.193931 2.193931


-23.600000	4274310
8

G 0.000000 0.000000 0.000000
C 2.193931 2.193931 -2.193931
V 4.387862 0.000000 -4.387862
L 2.193931 -2.193931 -6.581793
Y 0.000000 -4.387862 -4.387862
P 2.193931 -2.193931 -2.193931
W 0.000000 0.000000 -4.387862
C -2.193931 -2.193931 -2.193931


-23.580000	0367410
8

G 0.000000 0.000000 0.000000
C 2.193931 2.193931 -2.193931
V 4.387862 0.000000 -4.387862
L 2.193931 -2.193931 -2.193931
Y 4.387862 0.000000 0.000000
P 6.581793 -2.193931 2.193931
W 4.387862 -4.387862 0.000000
C 6.581793 -2.193931 -2.193931


-23.580000	1350530
8

G 0.000000 0.000000 0.000000
C 2.193931 2.193931 -2.193931
V 0.000000 0.000000 -4.387862
L -2.193931 2.193931 -2.193931
Y 0.000000 4.387862 -4.387862
P -2.193931 6.581793 -2.193931
W -4.387862 4.387862 -4.387862
C -2.193931 2.193931 -6.581793


-23.580000	2360630
8

G 0.000000 0.000000 0.000000
C 2.193931 2.193931 -2.193931
V 0.000000 0.000000 -4.387862
L 2.193931 -2.193931 -2.193931
Y 4.387862 0.000000 -4.387862
P 6.581793 -2.193931 -2.193931
W 4.387862 -4.387862 -4.387862
C 2.193931 -2.193931 -6.581793


-23.580000	1420530
8

G 0.000000 0.000000 0.000000
C 2.193931 2.193931 -2.193931
V 0.000000 0.000000 -4.387862
L -2.193931 2.193931 -2.193931
Y 0.000000 4.387862 -4.387862
P -2.193931 6.581793 -6.581793
W -4.387862 4.387862 -4.387862
C -2.193931 2.193931 -6.581793


-23.580000	2410630
8

G 0.000000 0.000000 0.000000
C 2.193931 2.193931 -2.193931
V 0.000000 0.000000 -4.387862
L 2.193931 -2.193931 -2.193931
Y 4.387862 0.000000 -4.387862
P 6.581793 -2.193931 -6.581793
W 4.387862 -4.387862 -4.387862
C 2.193931 -2.193931 -6.581793


-23.580000	0632410
8

G 0.000000 0.000000 0.000000
C 2.193931 2.193931 -2.193931
V 4.387862 0.000000 -4.387862
L 2.193931 -2.193931 -2.193931
Y 0.000000 0.000000 -4.387862
P -2.193931 -2.193931 -6.581793
W 0.000000 -4.387862 -4.387862
C 2.193931 -2.193931 -6.581793


