-21.120000	1323213201301	101101110110110100101
14

I 0.000000 0.000000 0.000000
N 2.193931 2.193931 -2.193931
W 4.387862 0.000000 -4.387862
L 6.581793 -2.193931 -2.193931
K 4.387862 -4.387862 0.000000
L 2.193931 -2.193931 2.193931
G 4.387862 0.000000 4.387862
K 6.581793 -2.193931 6.581793
K 4.387862 -4.387862 8.775724
I 2.193931 -6.581793 6.581793
I 0.000000 -4.387862 4.387862
A -2.193931 -6.581793 2.193931
S -4.387862 -4.387862 0.000000
L -2.193931 -2.193931 -2.193931


-21.120000	2303123101301	011100111001111000101
14

I 0.000000 0.000000 0.000000
N 2.193931 2.193931 -2.193931
W 4.387862 0.000000 -4.387862
L 6.581793 -2.193931 -2.193931
K 4.387862 -4.387862 0.000000
L 2.193931 -2.193931 2.193931
G 0.000000 -4.387862 4.387862
K 2.193931 -6.581793 6.581793
K 4.387862 -4.387862 8.775724
I 6.581793 -2.193931 6.581793
I 4.387862 -0.000000 4.387862
A 2.193931 2.193931 6.581793
S 0.000000 4.387862 4.387862
L -2.193931 2.193931 2.193931


-21.120000	1303213201301	101100110110110100101
14

I 0.000000 0.000000 0.000000
N 2.193931 2.193931 -2.193931
W 4.387862 0.000000 -4.387862
L 6.581793 -2.193931 -2.193931
K 4.387862 -4.387862 0.000000
L 2.193931 -2.193931 2.193931
G 4.387862 0.000000 4.387862
K 6.581793 -2.193931 6.581793
K 4.387862 -4.387862 8.775724
I 2.193931 -6.581793 6.581793
I 0.000000 -4.387862 4.387862
A -2.193931 -2.193931 6.581793
S -4.387862 -0.000000 4.387862
L -2.193931 2.193931 2.193931


-21.120000	1320210201301	101101000110000100101
14

I 0.000000 0.000000 0.000000
N 2.193931 2.193931 -2.193931
W 4.387862 0.000000 -4.387862
L 6.581793 -2.193931 -2.193931
K 4.387862 -4.387862 0.000000
L 2.193931 -2.193931 2.193931
G 4.387862 0.000000 4.387862
K 2.193931 2.193931 6.581793
K 0.000000 0.000000 8.775724
I -2.193931 -2.193931 6.581793
I 0.000000 -4.387862 4.387862
A -2.193931 -6.581793 2.193931
S -4.387862 -4.387862 0.000000
L -2.193931 -2.193931 -2.193931


-20.620000	0320230132301	001101000111001011011
14

I 0.000000 0.000000 0.000000
N 2.193931 2.193931 -2.193931
W 4.387862 0.000000 -4.387862
L 6.581793 -2.193931 -2.193931
K 8.775724 0.000000 0.000000
L 10.969655 -2.193931 2.193931
G 8.775724 -4.387862 4.387862
K 6.581793 -2.193931 6.581793
K 4.387862 0.000000 4.387862
I 2.193931 -2.193931 2.193931
I 4.387862 -4.387862 0.000000
A 2.193931 -6.581793 -2.193931
S 0.000000 -4.387862 -4.387862
L -2.193931 -2.193931 -2.193931


-20.620000	3023230201301	110001110111000100101
14

I 0.000000 0.000000 0.000000
N 2.193931 2.193931 -2.193931
W 4.387862 0.000000 -4.387862
L 6.581793 -2.193931 -2.193931
K 4.387862 -4.387862 0.000000
L 2.193931 -2.193931 2.193931
G 4.387862 0.000000 4.387862
K 2.193931 2.193931 6.581793
K 0.000000 4.387862 4.387862
I -2.193931 2.193931 2.193931
I -4.387862 4.387862 0.000000
A -6.581793 2.193931 -2.193931
S -4.387862 0.000000 -4.387862
L -2.193931 -2.193931 -2.193931


-20.620000	3023130101301	110001111011001000101
14

I 0.000000 0.000000 0.000000
N 2.193931 2.193931 -2.193931
W 4.387862 0.000000 -4.387862
L 6.581793 -2.193931 -2.193931
K 4.387862 -4.387862 0.000000
L 2.193931 -2.193931 2.193931
G 0.000000 -4.387862 4.387862
K -2.193931 -2.193931 6.581793
K -4.387862 0.000000 4.387862
I -2.193931 2.193931 2.193931
I -4.387862 4.387862 0.000000
A -6.581793 2.193931 -2.193931
S -4.387862 0.000000 -4.387862
L -2.193931 -2.193931 -2.193931


-20.620000	3203132101301	110100111011011000101
14

I 0.000000 0.000000 0.000000
N 2.193931 2.193931 -2.193931
W 4.387862 0.000000 -4.387862
L 6.581793 -2.193931 -2.193931
K 4.387862 -4.387862 0.000000
L 2.193931 -2.193931 2.193931
G 0.000000 -4.387862 4.387862
K -2.193931 -6.581793 2.193931
K -4.387862 -4.387862 0.000000
I -2.193931 -2.193931 -2.193931
I -4.387862 -0.000000 -4.387862
A -6.581793 2.193931 -2.193931
S -4.387862 4.387862 0.000000
L -2.193931 2.193931 2.193931


-20.620000	1021230201301	100001100111000100101
14

I 0.000000 0.000000 0.000000
N 2.193931 2.193931 -2.193931
W 4.387862 0.000000 -4.387862
L 6.581793 -2.193931 -2.193931
K 4.387862 -4.387862 0.000000
L 2.193931 -2.193931 2.193931
G 4.387862 0.000000 4.387862
K 2.193931 2.193931 6.581793
K 0.000000 4.387862 4.387862
I -2.193931 2.193931 2.193931
I -4.387862 0.000000 4.387862
A -6.581793 -2.193931 2.193931
S -4.387862 -4.387862 0.000000
L -2.193931 -2.193931 -2.193931


-20.220000	2313103201301	011110111000110100101
14

I 0.000000 0.000000 0.000000
N 2.193931 2.193931 -2.193931
W 4.387862 0.000000 -4.387862
L 6.581793 -2.193931 -2.193931
K 4.387862 -4.387862 0.000000
L 2.193931 -2.193931 2.193931
G 4.387862 0.000000 4.387862
K 6.581793 -2.193931 6.581793
K 8.775724 -4.387862 4.387862
I 10.969655 -2.193931 2.193931
I 8.775724 0.000000 0.000000
A 10.969655 2.193931 -2.193931
S 8.775724 4.387862 -4.387862
L 6.581793 2.193931 -6.581793


-19.860000	3103013023101	111000110010110001110
14

I 0.000000 0.000000 0.000000
N 2.193931 2.193931 -2.193931
W 4.387862 0.000000 -4.387862
L 6.581793 2.193931 -6.581793
K 4.387862 4.387862 -8.775724
L 2.193931 2.193931 -10.969655
G 4.387862 0.000000 -13.163586
K 6.581793 -2.193931 -10.969655
K 4.387862 -4.387862 -8.775724
I 2.193931 -2.193931 -6.581793
I 0.000000 0.000000 -8.775724
A -2.193931 2.193931 -6.581793
S -4.387862 0.000000 -4.387862
L -2.193931 -2.193931 -2.193931


-19.860000	2102012032101	011000010010010011010
14

I 0.000000 0.000000 0.000000
N 2.193931 2.193931 -2.193931
W 4.387862 0.000000 -4.387862
L 6.581793 2.193931 -6.581793
K 8.775724 4.387862 -4.387862
L 10.969655 2.193931 -2.193931
G 13.163586 0.000000 -4.387862
K 10.969655 -2.193931 -6.581793
K 8.775724 -4.387862 -4.387862
I 6.581793 -2.193931 -2.193931
I 8.775724 0.000000 -0.000000
A 6.581793 2.193931 2.193931
S 4.387862 0.000000 4.387862
L 2.193931 -2.193931 2.193931


-19.720000	3013132101301	110010111011011000101
14

I 0.000000 0.000000 0.000000
N 2.193931 2.193931 -2.193931
W 4.387862 0.000000 -4.387862
L 6.581793 -2.193931 -2.193931
K 4.387862 -4.387862 0.000000
L 2.193931 -2.193931 2.193931
G 0.000000 -4.387862 4.387862
K -2.193931 -6.581793 2.193931
K -4.387862 -4.387862 0.000000
I -2.193931 -2.193931 -2.193931
I -4.387862 -0.000000 -4.387862
A -2.193931 2.193931 -6.581793
S 0.000000 -0.000000 -8.775724
L 2.193931 -2.193931 -6.581793


-19.720000	1320230132301	101101000111001011011
14

I 0.000000 0.000000 0.000000
N 2.193931 2.193931 -2.193931
W 4.387862 0.000000 -4.387862
L 6.581793 -2.193931 -2.193931
K 8.775724 0.000000 0.000000
L 10.969655 -2.193931 2.193931
G 8.775724 -4.387862 4.387862
K 6.581793 -2.193931 6.581793
K 4.387862 0.000000 4.387862
I 2.193931 -2.193931 2.193931
I 4.387862 -4.387862 0.000000
A 2.193931 -6.581793 -2.193931
S 0.000000 -4.387862 -4.387862
L 2.193931 -2.193931 -6.581793


-18.960000	0320210230101	001101000110000111000
14

I 0.000000 0.000000 0.000000
N 2.193931 2.193931 -2.193931
W 4.387862 0.000000 -4.387862
L 6.581793 2.193931 -6.581793
K 8.775724 0.000000 -8.775724
L 10.969655 -2.193931 -6.581793
G 13.163586 0.000000 -4.387862
K 10.969655 2.193931 -2.193931
K 8.775724 0.000000 -0.000000
I 6.581793 -2.193931 -2.193931
I 8.775724 -4.387862 -4.387862
A 6.581793 -6.581793 -6.581793
S 4.387862 -4.387862 -8.775724
L 2.193931 -2.193931 -6.581793


-18.960000	0210130120301	000110001011001001001
14

I 0.000000 0.000000 0.000000
N 2.193931 2.193931 -2.193931
W 4.387862 0.000000 -4.387862
L 6.581793 -2.193931 -2.193931
K 8.775724 -4.387862 -4.387862
L 6.581793 -6.581793 -6.581793
G 4.387862 -8.775724 -4.387862
K 2.193931 -6.581793 -2.193931
K 0.000000 -4.387862 -4.387862
I 2.193931 -2.193931 -6.581793
I 4.387862 -4.387862 -8.775724
A 6.581793 -2.193931 -10.969655
S 8.775724 -0.000000 -8.775724
L 6.581793 2.193931 -6.581793


-18.960000	0120230210301	001001000111000110001
14

I 0.000000 0.000000 0.000000
N 2.193931 2.193931 -2.193931
W 4.387862 0.000000 -4.387862
L 6.581793 -2.193931 -2.193931
K 8.775724 -4.387862 -4.387862
L 10.969655 -2.193931 -6.581793
G 13.163586 0.000000 -4.387862
K 10.969655 2.193931 -2.193931
K 8.775724 4.387862 -4.387862
I 6.581793 2.193931 -6.581793
I 8.775724 0.000000 -8.775724
A 6.581793 -2.193931 -10.969655
S 4.387862 -4.387862 -8.775724
L 2.193931 -2.193931 -6.581793


-18.960000	0230310320101	000111001110001101000
14

I 0.000000 0.000000 0.000000
N 2.193931 2.193931 -2.193931
W 4.387862 0.000000 -4.387862
L 6.581793 2.193931 -6.581793
K 8.775724 0.000000 -8.775724
L 6.581793 -2.193931 -10.969655
G 4.387862 0.000000 -13.163586
K 2.193931 2.193931 -10.969655
K 0.000000 0.000000 -8.775724
I 2.193931 -2.193931 -6.581793
I 4.387862 -4.387862 -8.775724
A 6.581793 -6.581793 -6.581793
S 8.775724 -4.387862 -4.387862
L 6.581793 -2.193931 -2.193931


-18.240000	1203213201301	100100110110110100101
14

I 0.000000 0.000000 0.000000
N 2.193931 2.193931 -2.193931
W 4.387862 0.000000 -4.387862
L 6.581793 -2.193931 -2.193931
K 4.387862 -4.387862 0.000000
L 2.193931 -2.193931 2.193931
G 4.387862 0.000000 4.387862
K 6.581793 -2.193931 6.581793
K 4.387862 -4.387862 8.775724
I 2.193931 -6.581793 6.581793
I 0.000000 -4.387862 4.387862
A -2.193931 -2.193931 6.581793
S 0.000000 -0.000000 8.775724
L 2.193931 2.193931 6.581793


-18.240000	2103123101301	011000111001111000101
14

I 0.000000 0.000000 0.000000
N 2.193931 2.193931 -2.193931
W 4.387862 0.000000 -4.387862
L 6.581793 -2.193931 -2.193931
K 4.387862 -4.387862 0.000000
L 2.193931 -2.193931 2.193931
G 0.000000 -4.387862 4.387862
K 2.193931 -6.581793 6.581793
K 4.387862 -4.387862 8.775724
I 6.581793 -2.193931 6.581793
I 4.387862 -0.000000 4.387862
A 2.193931 2.193931 6.581793
S 0.000000 -0.000000 8.775724
L -2.193931 -2.193931 6.581793


-18.240000	2130120101301	011011001001001000101
14

I 0.000000 0.000000 0.000000
N 2.193931 2.193931 -2.193931
W 4.387862 0.000000 -4.387862
L 6.581793 -2.193931 -2.193931
K 4.387862 -4.387862 0.000000
L 2.193931 -2.193931 2.193931
G 0.000000 -4.387862 4.387862
K -2.193931 -2.193931 6.581793
K 0.000000 0.000000 8.775724
I 2.193931 2.193931 6.581793
I 4.387862 0.000000 4.387862
A 6.581793 -2.193931 6.581793
S 4.387862 -4.387862 8.775724
L 2.193931 -6.581793 6.581793


-18.240000	1230210201301	100111000110000100101
14

I 0.000000 0.000000 0.000000
N 2.193931 2.193931 -2.193931
W 4.387862 0.000000 -4.387862
L 6.581793 -2.193931 -2.193931
K 4.387862 -4.387862 0.000000
L 2.193931 -2.193931 2.193931
G 4.387862 0.000000 4.387862
K 2.193931 2.193931 6.581793
K 0.000000 0.000000 8.775724
I -2.193931 -2.193931 6.581793
I 0.000000 -4.387862 4.387862
A 2.193931 -6.581793 6.581793
S 4.387862 -4.387862 8.775724
L 6.581793 -2.193931 6.581793


-18.240000	1302312321301	101100011110011101101
14

I 0.000000 0.000000 0.000000
N 2.193931 2.193931 -2.193931
W 4.387862 0.000000 -4.387862
L 6.581793 -2.193931 -2.193931
K 4.387862 -4.387862 0.000000
L 2.193931 -6.581793 -2.193931
G 0.000000 -4.387862 -4.387862
K -2.193931 -6.581793 -6.581793
K -4.387862 -8.775724 -4.387862
I -2.193931 -10.969655 -2.193931
I 0.000000 -8.775724 -0.000000
A -2.193931 -6.581793 2.193931
S -4.387862 -4.387862 -0.000000
L -2.193931 -2.193931 -2.193931


-18.000000	0202012020301	000100010010010001001
14

I 0.000000 0.000000 0.000000
N 2.193931 2.193931 -2.193931
W 4.387862 0.000000 -4.387862
L 6.581793 -2.193931 -2.193931
K 8.775724 -4.387862 -4.387862
L 6.581793 -6.581793 -6.581793
G 8.775724 -8.775724 -8.775724
K 6.581793 -10.969655 -10.969655
K 4.387862 -13.163586 -8.775724
I 2.193931 -10.969655 -6.581793
I 4.387862 -8.775724 -4.387862
A 2.193931 -6.581793 -2.193931
S 4.387862 -4.387862 -0.000000
L 2.193931 -2.193931 2.193931


-18.000000	0302012030301	001100010010010011001
14

I 0.000000 0.000000 0.000000
N 2.193931 2.193931 -2.193931
W 4.387862 0.000000 -4.387862
L 6.581793 -2.193931 -2.193931
K 8.775724 -4.387862 -4.387862
L 10.969655 -6.581793 -2.193931
G 13.163586 -8.775724 -4.387862
K 10.969655 -10.969655 -6.581793
K 8.775724 -13.163586 -4.387862
I 6.581793 -10.969655 -2.193931
I 8.775724 -8.775724 -0.000000
A 6.581793 -6.581793 2.193931
S 4.387862 -4.387862 -0.000000
L 2.193931 -2.193931 2.193931


-18.000000	3010120101301	110010001001001000101
14

I 0.000000 0.000000 0.000000
N 2.193931 2.193931 -2.193931
W 4.387862 0.000000 -4.387862
L 6.581793 -2.193931 -2.193931
K 4.387862 -4.387862 0.000000
L 2.193931 -2.193931 2.193931
G 0.000000 -4.387862 4.387862
K -2.193931 -2.193931 6.581793
K 0.000000 0.000000 8.775724
I 2.193931 2.193931 6.581793
I 4.387862 0.000000 4.387862
A 6.581793 2.193931 2.193931
S 8.775724 0.000000 0.000000
L 10.969655 -2.193931 2.193931


-18.000000	0203013020301	000100110010110001001
14

I 0.000000 0.000000 0.000000
N 2.193931 2.193931 -2.193931
W 4.387862 0.000000 -4.387862
L 6.581793 -2.193931 -2.193931
K 8.775724 -4.387862 -4.387862
L 6.581793 -6.581793 -6.581793
G 8.775724 -8.775724 -8.775724
K 10.969655 -10.969655 -6.581793
K 8.775724 -13.163586 -4.387862
I 6.581793 -10.969655 -2.193931
I 4.387862 -8.775724 -4.387862
A 2.193931 -6.581793 -2.193931
S 4.387862 -4.387862 -0.000000
L 2.193931 -2.193931 2.193931


-18.000000	0320210232301	001101000110000111011
14

I 0.000000 0.000000 0.000000
N 2.193931 2.193931 -2.193931
W 4.387862 0.000000 -4.387862
L 6.581793 -2.193931 -2.193931
K 8.775724 0.000000 0.000000
L 10.969655 -2.193931 2.193931
G 13.163586 0.000000 4.387862
K 10.969655 2.193931 6.581793
K 8.775724 0.000000 8.775724
I 6.581793 -2.193931 6.581793
I 8.775724 -4.387862 4.387862
A 6.581793 -6.581793 2.193931
S 4.387862 -4.387862 0.000000
L 2.193931 -2.193931 2.193931


-18.000000	3013123101301	110010111001111000101
14

I 0.000000 0.000000 0.000000
N 2.193931 2.193931 -2.193931
W 4.387862 0.000000 -4.387862
L 6.581793 -2.193931 -2.193931
K 4.387862 -4.387862 0.000000
L 2.193931 -2.193931 2.193931
G 0.000000 -4.387862 4.387862
K 2.193931 -6.581793 6.581793
K 4.387862 -4.387862 8.775724
I 6.581793 -2.193931 6.581793
I 4.387862 -0.000000 4.387862
A 6.581793 2.193931 2.193931
S 8.775724 -0.000000 0.000000
L 10.969655 -2.193931 2.193931


-18.000000	1013123101301	100010111001111000101
14

I 0.000000 0.000000 0.000000
N 2.193931 2.193931 -2.193931
W 4.387862 0.000000 -4.387862
L 6.581793 -2.193931 -2.193931
K 4.387862 -4.387862 0.000000
L 2.193931 -2.193931 2.193931
G 0.000000 -4.387862 4.387862
K 2.193931 -6.581793 6.581793
K 4.387862 -4.387862 8.775724
I 6.581793 -2.193931 6.581793
I 4.387862 -0.000000 4.387862
A 6.581793 2.193931 2.193931
S 8.775724 -0.000000 0.000000
L 10.969655 2.193931 -2.193931


-18.000000	0202312320301	000100011110011101001
14

I 0.000000 0.000000 0.000000
N 2.193931 2.193931 -2.193931
W 4.387862 0.000000 -4.387862
L 6.581793 -2.193931 -2.193931
K 8.775724 -4.387862 -4.387862
L 6.581793 -6.581793 -6.581793
G 4.387862 -4.387862 -8.775724
K 2.193931 -6.581793 -10.969655
K 0.000000 -8.775724 -8.775724
I 2.193931 -10.969655 -6.581793
I 4.387862 -8.775724 -4.387862
A 2.193931 -6.581793 -2.193931
S 4.387862 -4.387862 -0.000000
L 2.193931 -2.193931 2.193931


-18.000000	0323213232301	001101110110110111011
14

I 0.000000 0.000000 0.000000
N 2.193931 2.193931 -2.193931
W 4.387862 0.000000 -4.387862
L 6.581793 -2.193931 -2.193931
K 8.775724 0.000000 0.000000
L 10.969655 -2.193931 2.193931
G 13.163586 0.000000 4.387862
K 15.357517 -2.193931 6.581793
K 13.163586 -4.387862 8.775724
I 10.969655 -6.581793 6.581793
I 8.775724 -4.387862 4.387862
A 6.581793 -6.581793 2.193931
S 4.387862 -4.387862 0.000000
L 2.193931 -2.193931 2.193931


-18.000000	0323013032301	001101110010110011011
14

I 0.000000 0.000000 0.000000
N 2.193931 2.193931 -2.193931
W 4.387862 0.000000 -4.387862
L 6.581793 -2.193931 -2.193931
K 8.775724 0.000000 0.000000
L 10.969655 -2.193931 2.193931
G 13.163586 -4.387862 0.000000
K 15.357517 -6.581793 2.193931
K 13.163586 -8.775724 4.387862
I 10.969655 -6.581793 6.581793
I 8.775724 -4.387862 4.387862
A 6.581793 -6.581793 2.193931
S 4.387862 -4.387862 0.000000
L 2.193931 -2.193931 2.193931


-18.000000	0303213230301	001100110110110111001
14

I 0.000000 0.000000 0.000000
N 2.193931 2.193931 -2.193931
W 4.387862 0.000000 -4.387862
L 6.581793 -2.193931 -2.193931
K 8.775724 -4.387862 -4.387862
L 10.969655 -6.581793 -2.193931
G 13.163586 -4.387862 0.000000
K 15.357517 -6.581793 2.193931
K 13.163586 -8.775724 4.387862
I 10.969655 -10.969655 2.193931
I 8.775724 -8.775724 0.000000
A 6.581793 -6.581793 2.193931
S 4.387862 -4.387862 0.000000
L 2.193931 -2.193931 2.193931


-18.000000	0303013030301	001100110010110011001
14

I 0.000000 0.000000 0.000000
N 2.193931 2.193931 -2.193931
W 4.387862 0.000000 -4.387862
L 6.581793 -2.193931 -2.193931
K 8.775724 -4.387862 -4.387862
L 10.969655 -6.581793 -2.193931
G 13.163586 -8.775724 -4.387862
K 15.357517 -10.969655 -2.193931
K 13.163586 -13.163586 0.000000
I 10.969655 -10.969655 2.193931
I 8.775724 -8.775724 0.000000
A 6.581793 -6.581793 2.193931
S 4.387862 -4.387862 0.000000
L 2.193931 -2.193931 2.193931


-18.000000	1010120101301	100010001001001000101
14

I 0.000000 0.000000 0.000000
N 2.193931 2.193931 -2.193931
W 4.387862 0.000000 -4.387862
L 6.581793 -2.193931 -2.193931
K 4.387862 -4.387862 0.000000
L 2.193931 -2.193931 2.193931
G 0.000000 -4.387862 4.387862
K -2.193931 -2.193931 6.581793
K 0.000000 0.000000 8.775724
I 2.193931 2.193931 6.581793
I 4.387862 0.000000 4.387862
A 6.581793 2.193931 2.193931
S 8.775724 0.000000 0.000000
L 10.969655 2.193931 -2.193931


-17.970000	1303103201301	101100111000110100101
14

I 0.000000 0.000000 0.000000
N 2.193931 2.193931 -2.193931
W 4.387862 0.000000 -4.387862
L 6.581793 -2.193931 -2.193931
K 4.387862 -4.387862 0.000000
L 2.193931 -2.193931 2.193931
G 4.387862 0.000000 4.387862
K 6.581793 -2.193931 6.581793
K 8.775724 -4.387862 4.387862
I 10.969655 -2.193931 2.193931
I 8.775724 0.000000 0.000000
A 6.581793 2.193931 2.193931
S 4.387862 4.387862 0.000000
L 6.581793 6.581793 -2.193931


-17.970000	0303103201301	001100111000110100101
14

I 0.000000 0.000000 0.000000
N 2.193931 2.193931 -2.193931
W 4.387862 0.000000 -4.387862
L 6.581793 -2.193931 -2.193931
K 4.387862 -4.387862 0.000000
L 2.193931 -2.193931 2.193931
G 4.387862 0.000000 4.387862
K 6.581793 -2.193931 6.581793
K 8.775724 -4.387862 4.387862
I 10.969655 -2.193931 2.193931
I 8.775724 0.000000 0.000000
A 6.581793 2.193931 2.193931
S 4.387862 4.387862 0.000000
L 2.193931 6.581793 2.193931


-17.900000	0132312323101	001011011110011101110
14

I 0.000000 0.000000 0.000000
N 2.193931 2.193931 -2.193931
W 4.387862 0.000000 -4.387862
L 6.581793 2.193931 -6.581793
K 4.387862 4.387862 -8.775724
L 2.193931 2.193931 -10.969655
G 0.000000 4.387862 -13.163586
K -2.193931 2.193931 -15.357517
K -4.387862 0.000000 -13.163586
I -2.193931 -2.193931 -10.969655
I 0.000000 0.000000 -8.775724
A 2.193931 -2.193931 -6.581793
S 0.000000 -4.387862 -4.387862
L -2.193931 -2.193931 -2.193931


-17.900000	0123213232101	001001110110110111010
14

I 0.000000 0.000000 0.000000
N 2.193931 2.193931 -2.193931
W 4.387862 0.000000 -4.387862
L 6.581793 2.193931 -6.581793
K 8.775724 4.387862 -4.387862
L 10.969655 2.193931 -2.193931
G 13.163586 4.387862 -0.000000
K 15.357517 2.193931 2.193931
K 13.163586 0.000000 4.387862
I 10.969655 -2.193931 2.193931
I 8.775724 0.000000 -0.000000
A 6.581793 -2.193931 -2.193931
S 4.387862 -4.387862 -0.000000
L 2.193931 -2.193931 2.193931


-17.900000	0103013030101	001000110010110011000
14

I 0.000000 0.000000 0.000000
N 2.193931 2.193931 -2.193931
W 4.387862 0.000000 -4.387862
L 6.581793 2.193931 -6.581793
K 8.775724 0.000000 -8.775724
L 10.969655 -2.193931 -6.581793
G 13.163586 -4.387862 -8.775724
K 15.357517 -6.581793 -6.581793
K 13.163586 -8.775724 -4.387862
I 10.969655 -6.581793 -2.193931
I 8.775724 -4.387862 -4.387862
A 6.581793 -2.193931 -2.193931
S 4.387862 -4.387862 -0.000000
L 2.193931 -2.193931 2.193931


-17.900000	0102012020101	001000010010010001000
14

I 0.000000 0.000000 0.000000
N 2.193931 2.193931 -2.193931
W 4.387862 0.000000 -4.387862
L 6.581793 2.193931 -6.581793
K 8.775724 0.000000 -8.775724
L 6.581793 -2.193931 -10.969655
G 8.775724 -4.387862 -13.163586
K 6.581793 -6.581793 -15.357517
K 4.387862 -8.775724 -13.163586
I 2.193931 -6.581793 -10.969655
I 4.387862 -4.387862 -8.775724
A 2.193931 -2.193931 -6.581793
S 0.000000 -4.387862 -4.387862
L -2.193931 -2.193931 -2.193931


-17.900000	0101031020301	001000100011100001001
14

I 0.000000 0.000000 0.000000
N 2.193931 2.193931 -2.193931
W 4.387862 0.000000 -4.387862
L 6.581793 -2.193931 -2.193931
K 8.775724 -4.387862 -4.387862
L 6.581793 -6.581793 -6.581793
G 8.775724 -8.775724 -8.775724
K 10.969655 -6.581793 -10.969655
K 8.775724 -4.387862 -13.163586
I 6.581793 -2.193931 -10.969655
I 4.387862 -4.387862 -8.775724
A 2.193931 -2.193931 -6.581793
S 0.000000 -4.387862 -4.387862
L -2.193931 -2.193931 -2.193931


-17.900000	0102012030101	001000010010010011000
14

I 0.000000 0.000000 0.000000
N 2.193931 2.193931 -2.193931
W 4.387862 0.000000 -4.387862
L 6.581793 2.193931 -6.581793
K 8.775724 0.000000 -8.775724
L 10.969655 -2.193931 -6.581793
G 13.163586 -4.387862 -8.775724
K 10.969655 -6.581793 -10.969655
K 8.775724 -8.775724 -8.775724
I 6.581793 -6.581793 -6.581793
I 8.775724 -4.387862 -4.387862
A 6.581793 -2.193931 -2.193931
S 4.387862 -4.387862 -0.000000
L 2.193931 -2.193931 2.193931


-17.900000	0103213230101	001000110110110111000
14

I 0.000000 0.000000 0.000000
N 2.193931 2.193931 -2.193931
W 4.387862 0.000000 -4.387862
L 6.581793 2.193931 -6.581793
K 8.775724 0.000000 -8.775724
L 10.969655 -2.193931 -6.581793
G 13.163586 0.000000 -4.387862
K 15.357517 -2.193931 -2.193931
K 13.163586 -4.387862 -0.000000
I 10.969655 -6.581793 -2.193931
I 8.775724 -4.387862 -4.387862
A 6.581793 -2.193931 -2.193931
S 4.387862 -4.387862 -0.000000
L 2.193931 -2.193931 2.193931


-17.900000	0130310323101	001011001110001101110
14

I 0.000000 0.000000 0.000000
N 2.193931 2.193931 -2.193931
W 4.387862 0.000000 -4.387862
L 6.581793 2.193931 -6.581793
K 4.387862 4.387862 -8.775724
L 2.193931 2.193931 -10.969655
G 0.000000 4.387862 -13.163586
K -2.193931 6.581793 -10.969655
K -4.387862 4.387862 -8.775724
I -2.193931 2.193931 -6.581793
I 0.000000 0.000000 -8.775724
A 2.193931 -2.193931 -6.581793
S 0.000000 -4.387862 -4.387862
L -2.193931 -2.193931 -2.193931


-17.900000	0102312320101	001000011110011101000
14

I 0.000000 0.000000 0.000000
N 2.193931 2.193931 -2.193931
W 4.387862 0.000000 -4.387862
L 6.581793 2.193931 -6.581793
K 8.775724 0.000000 -8.775724
L 6.581793 -2.193931 -10.969655
G 4.387862 0.000000 -13.163586
K 2.193931 -2.193931 -15.357517
K 0.000000 -4.387862 -13.163586
I 2.193931 -6.581793 -10.969655
I 4.387862 -4.387862 -8.775724
A 2.193931 -2.193931 -6.581793
S 0.000000 -4.387862 -4.387862
L -2.193931 -2.193931 -2.193931


-17.900000	0102132120301	001000011011011001001
14

I 0.000000 0.000000 0.000000
N 2.193931 2.193931 -2.193931
W 4.387862 0.000000 -4.387862
L 6.581793 -2.193931 -2.193931
K 8.775724 -4.387862 -4.387862
L 6.581793 -6.581793 -6.581793
G 4.387862 -8.775724 -4.387862
K 2.193931 -10.969655 -6.581793
K 0.000000 -8.775724 -8.775724
I 2.193931 -6.581793 -10.969655
I 4.387862 -4.387862 -8.775724
A 2.193931 -2.193931 -6.581793
S 0.000000 -4.387862 -4.387862
L -2.193931 -2.193931 -2.193931


-17.900000	0102032020301	001000010011010001001
14

I 0.000000 0.000000 0.000000
N 2.193931 2.193931 -2.193931
W 4.387862 0.000000 -4.387862
L 6.581793 -2.193931 -2.193931
K 8.775724 -4.387862 -4.387862
L 6.581793 -6.581793 -6.581793
G 8.775724 -8.775724 -8.775724
K 6.581793 -10.969655 -10.969655
K 4.387862 -8.775724 -13.163586
I 2.193931 -6.581793 -10.969655
I 4.387862 -4.387862 -8.775724
A 2.193931 -2.193931 -6.581793
S 0.000000 -4.387862 -4.387862
L -2.193931 -2.193931 -2.193931


-17.900000	0123013032101	001001110010110011010
14

I 0.000000 0.000000 0.000000
N 2.193931 2.193931 -2.193931
W 4.387862 0.000000 -4.387862
L 6.581793 2.193931 -6.581793
K 8.775724 4.387862 -4.387862
L 10.969655 2.193931 -2.193931
G 13.163586 0.000000 -4.387862
K 15.357517 -2.193931 -2.193931
K 13.163586 -4.387862 -0.000000
I 10.969655 -2.193931 2.193931
I 8.775724 0.000000 -0.000000
A 6.581793 -2.193931 -2.193931
S 4.387862 -4.387862 -0.000000
L 2.193931 -2.193931 2.193931


