-125.409570	141a9763b40
12

V 0.000000 0.000000 0.000000
R 2.687006 2.687006 0.000000
R 5.374012 2.687006 2.687006
F 2.687006 2.687006 5.374012
D 2.687006 5.374012 2.687006
L 0.000000 2.687006 2.687006
L 2.687006 0.000000 2.687006
K 2.687006 -2.687006 5.374012
R 0.000000 -2.687006 2.687006
I -2.687006 0.000000 2.687006
L 0.000000 0.000000 5.374012
K -2.687006 2.687006 5.374012


-125.409570	90781963b40
12

V 0.000000 0.000000 0.000000
R 2.687006 2.687006 0.000000
R 5.374012 2.687006 2.687006
F 2.687006 2.687006 5.374012
D 2.687006 5.374012 2.687006
L 0.000000 2.687006 2.687006
L 0.000000 0.000000 5.374012
K -2.687006 2.687006 5.374012
R -2.687006 0.000000 2.687006
I 0.000000 -2.687006 2.687006
L 2.687006 0.000000 2.687006
K 2.687006 -2.687006 5.374012


-125.388357	a2a64763b40
12

V 0.000000 0.000000 0.000000
R 2.687006 2.687006 0.000000
R 5.374012 2.687006 2.687006
F 2.687006 2.687006 5.374012
D 2.687006 5.374012 2.687006
L 0.000000 2.687006 2.687006
L 2.687006 0.000000 2.687006
K 5.374012 0.000000 5.374012
R 2.687006 -2.687006 5.374012
I 0.000000 -2.687006 2.687006
L 0.000000 0.000000 5.374012
K -2.687006 0.000000 2.687006


-125.247646	b38641642a0
12

V 0.000000 0.000000 0.000000
R 2.687006 2.687006 0.000000
R 0.000000 2.687006 -2.687006
F 0.000000 5.374012 0.000000
D 2.687006 5.374012 2.687006
L 0.000000 2.687006 2.687006
L -2.687006 5.374012 2.687006
K 0.000000 5.374012 5.374012
R -2.687006 2.687006 5.374012
I -2.687006 0.000000 2.687006
L -2.687006 2.687006 0.000000
K -5.374012 2.687006 2.687006


-125.247646	b079a29a2a0
12

V 0.000000 0.000000 0.000000
R 2.687006 2.687006 0.000000
R 0.000000 2.687006 -2.687006
F 0.000000 5.374012 0.000000
D -2.687006 5.374012 -2.687006
L -2.687006 2.687006 0.000000
L -2.687006 5.374012 2.687006
K -5.374012 5.374012 0.000000
R -5.374012 2.687006 2.687006
I -2.687006 0.000000 2.687006
L 0.000000 2.687006 2.687006
K -2.687006 2.687006 5.374012


-124.946641	b079ab43ba0
12

V 0.000000 0.000000 0.000000
R 2.687006 2.687006 0.000000
R 0.000000 2.687006 -2.687006
F -2.687006 2.687006 0.000000
D -2.687006 5.374012 -2.687006
L 0.000000 5.374012 0.000000
L -2.687006 5.374012 2.687006
K -5.374012 5.374012 0.000000
R -5.374012 2.687006 2.687006
I -2.687006 0.000000 2.687006
L 0.000000 2.687006 2.687006
K -2.687006 2.687006 5.374012


-124.873296	63a246a7b40
12

V 0.000000 0.000000 0.000000
R 2.687006 2.687006 0.000000
R 5.374012 2.687006 2.687006
F 2.687006 2.687006 5.374012
D 5.374012 0.000000 5.374012
L 2.687006 0.000000 2.687006
L 0.000000 -2.687006 2.687006
K 2.687006 -2.687006 5.374012
R 2.687006 0.000000 8.061017
I 0.000000 0.000000 5.374012
L 0.000000 2.687006 2.687006
K -2.687006 0.000000 2.687006


-124.838824	65741672610
12

V 0.000000 0.000000 0.000000
R 2.687006 2.687006 0.000000
R 0.000000 5.374012 0.000000
F -2.687006 2.687006 0.000000
D -2.687006 5.374012 2.687006
L 0.000000 2.687006 2.687006
L -2.687006 0.000000 2.687006
K -5.374012 2.687006 2.687006
R -2.687006 2.687006 5.374012
I 0.000000 0.000000 5.374012
L 2.687006 0.000000 2.687006
K 0.000000 -2.687006 2.687006


-124.838824	64751673610
12

V 0.000000 0.000000 0.000000
R 2.687006 2.687006 0.000000
R 0.000000 5.374012 0.000000
F -2.687006 2.687006 0.000000
D -2.687006 5.374012 -2.687006
L 0.000000 2.687006 -2.687006
L -2.687006 0.000000 -2.687006
K -5.374012 2.687006 -2.687006
R -2.687006 2.687006 -5.374012
I 0.000000 0.000000 -5.374012
L 2.687006 0.000000 -2.687006
K 0.000000 -2.687006 -2.687006


-124.799570	b01a7ba7b40
12

V 0.000000 0.000000 0.000000
R 2.687006 2.687006 0.000000
R 5.374012 2.687006 2.687006
F 2.687006 2.687006 5.374012
D 5.374012 0.000000 5.374012
L 2.687006 0.000000 2.687006
L 0.000000 0.000000 5.374012
K 2.687006 -2.687006 5.374012
R 0.000000 -2.687006 2.687006
I -2.687006 0.000000 2.687006
L 0.000000 2.687006 2.687006
K -2.687006 2.687006 5.374012


-124.799570	7278b1a7b40
12

V 0.000000 0.000000 0.000000
R 2.687006 2.687006 0.000000
R 5.374012 2.687006 2.687006
F 2.687006 2.687006 5.374012
D 5.374012 0.000000 5.374012
L 2.687006 0.000000 2.687006
L 0.000000 2.687006 2.687006
K -2.687006 2.687006 5.374012
R -2.687006 0.000000 2.687006
I 0.000000 -2.687006 2.687006
L 0.000000 0.000000 5.374012
K 2.687006 -2.687006 5.374012


-124.723088	18164763b40
12

V 0.000000 0.000000 0.000000
R 2.687006 2.687006 0.000000
R 5.374012 2.687006 2.687006
F 2.687006 2.687006 5.374012
D 2.687006 5.374012 2.687006
L 0.000000 2.687006 2.687006
L 2.687006 0.000000 2.687006
K 5.374012 0.000000 5.374012
R 2.687006 -2.687006 5.374012
I 0.000000 0.000000 5.374012
L 0.000000 -2.687006 2.687006
K -2.687006 0.000000 2.687006


-124.687646	4327ba642a0
12

V 0.000000 0.000000 0.000000
R 2.687006 2.687006 0.000000
R 0.000000 2.687006 -2.687006
F 0.000000 5.374012 0.000000
D 2.687006 5.374012 2.687006
L 0.000000 2.687006 2.687006
L -2.687006 2.687006 0.000000
K -5.374012 2.687006 2.687006
R -2.687006 0.000000 2.687006
I -2.687006 2.687006 5.374012
L -2.687006 5.374012 2.687006
K 0.000000 5.374012 5.374012


-124.687646	a018b49a2a0
12

V 0.000000 0.000000 0.000000
R 2.687006 2.687006 0.000000
R 0.000000 2.687006 -2.687006
F 0.000000 5.374012 0.000000
D -2.687006 5.374012 -2.687006
L -2.687006 2.687006 0.000000
L 0.000000 2.687006 2.687006
K -2.687006 2.687006 5.374012
R -2.687006 0.000000 2.687006
I -5.374012 2.687006 2.687006
L -2.687006 5.374012 2.687006
K -5.374012 5.374012 0.000000


-124.638859	2a2a9763b40
12

V 0.000000 0.000000 0.000000
R 2.687006 2.687006 0.000000
R 5.374012 2.687006 2.687006
F 2.687006 2.687006 5.374012
D 2.687006 5.374012 2.687006
L 0.000000 2.687006 2.687006
L 2.687006 0.000000 2.687006
K 2.687006 -2.687006 5.374012
R 0.000000 -2.687006 2.687006
I 0.000000 0.000000 5.374012
L -2.687006 0.000000 2.687006
K -2.687006 2.687006 5.374012


-124.515392	65741981910
12

V 0.000000 0.000000 0.000000
R 2.687006 2.687006 0.000000
R 0.000000 5.374012 0.000000
F 0.000000 2.687006 2.687006
D -2.687006 5.374012 2.687006
L -2.687006 2.687006 0.000000
L -2.687006 0.000000 2.687006
K -5.374012 2.687006 2.687006
R -2.687006 2.687006 5.374012
I 0.000000 0.000000 5.374012
L 2.687006 0.000000 2.687006
K 0.000000 -2.687006 2.687006


-124.515392	64751891810
12

V 0.000000 0.000000 0.000000
R 2.687006 2.687006 0.000000
R 0.000000 5.374012 0.000000
F 0.000000 2.687006 -2.687006
D -2.687006 5.374012 -2.687006
L -2.687006 2.687006 0.000000
L -2.687006 0.000000 -2.687006
K -5.374012 2.687006 -2.687006
R -2.687006 2.687006 -5.374012
I 0.000000 0.000000 -5.374012
L 2.687006 0.000000 -2.687006
K 0.000000 -2.687006 -2.687006


-124.407646	b01a7614640
12

V 0.000000 0.000000 0.000000
R 2.687006 2.687006 0.000000
R 5.374012 2.687006 2.687006
F 2.687006 0.000000 2.687006
D 5.374012 0.000000 5.374012
L 2.687006 2.687006 5.374012
L 0.000000 0.000000 5.374012
K 2.687006 -2.687006 5.374012
R 0.000000 -2.687006 2.687006
I -2.687006 0.000000 2.687006
L 0.000000 2.687006 2.687006
K -2.687006 2.687006 5.374012


-124.386641	a018b943ba0
12

V 0.000000 0.000000 0.000000
R 2.687006 2.687006 0.000000
R 0.000000 2.687006 -2.687006
F -2.687006 2.687006 0.000000
D -2.687006 5.374012 -2.687006
L 0.000000 5.374012 0.000000
L 0.000000 2.687006 2.687006
K -2.687006 2.687006 5.374012
R -2.687006 0.000000 2.687006
I -5.374012 2.687006 2.687006
L -2.687006 5.374012 2.687006
K -5.374012 5.374012 0.000000


-124.363712	7278ba14640
12

V 0.000000 0.000000 0.000000
R 2.687006 2.687006 0.000000
R 5.374012 2.687006 2.687006
F 2.687006 0.000000 2.687006
D 5.374012 0.000000 5.374012
L 2.687006 2.687006 5.374012
L 0.000000 2.687006 2.687006
K -2.687006 2.687006 5.374012
R -2.687006 0.000000 2.687006
I 0.000000 -2.687006 2.687006
L 0.000000 0.000000 5.374012
K 2.687006 -2.687006 5.374012


-124.272291	414761a7b40
12

V 0.000000 0.000000 0.000000
R 2.687006 2.687006 0.000000
R 5.374012 2.687006 2.687006
F 2.687006 2.687006 5.374012
D 5.374012 0.000000 5.374012
L 2.687006 0.000000 2.687006
L 0.000000 2.687006 2.687006
K -2.687006 0.000000 2.687006
R 0.000000 -2.687006 2.687006
I 2.687006 -2.687006 5.374012
L 0.000000 0.000000 5.374012
K 2.687006 0.000000 8.061017


-124.172793	6a1542a9640
12

V 0.000000 0.000000 0.000000
R 2.687006 2.687006 0.000000
R 5.374012 2.687006 2.687006
F 2.687006 0.000000 2.687006
D 2.687006 -2.687006 5.374012
L 0.000000 -2.687006 2.687006
L 0.000000 0.000000 5.374012
K 2.687006 0.000000 8.061017
R 5.374012 0.000000 5.374012
I 2.687006 2.687006 5.374012
L 0.000000 2.687006 2.687006
K -2.687006 0.000000 2.687006


-124.166727	b8a026642a0
12

V 0.000000 0.000000 0.000000
R 2.687006 2.687006 0.000000
R 0.000000 2.687006 -2.687006
F 0.000000 5.374012 0.000000
D 2.687006 5.374012 2.687006
L 0.000000 2.687006 2.687006
L -2.687006 0.000000 2.687006
K -2.687006 2.687006 5.374012
R 0.000000 5.374012 5.374012
I -2.687006 5.374012 2.687006
L -2.687006 2.687006 0.000000
K -5.374012 2.687006 2.687006


-124.166727	b743199a2a0
12

V 0.000000 0.000000 0.000000
R 2.687006 2.687006 0.000000
R 0.000000 2.687006 -2.687006
F 0.000000 5.374012 0.000000
D -2.687006 5.374012 -2.687006
L -2.687006 2.687006 0.000000
L -2.687006 0.000000 2.687006
K -5.374012 2.687006 2.687006
R -5.374012 5.374012 0.000000
I -2.687006 5.374012 2.687006
L 0.000000 2.687006 2.687006
K -2.687006 2.687006 5.374012


-124.123296	3431649a2a0
12

V 0.000000 0.000000 0.000000
R 2.687006 2.687006 0.000000
R 0.000000 2.687006 -2.687006
F 0.000000 5.374012 0.000000
D -2.687006 5.374012 -2.687006
L -2.687006 2.687006 0.000000
L 0.000000 2.687006 2.687006
K -2.687006 0.000000 2.687006
R -5.374012 2.687006 2.687006
I -5.374012 5.374012 0.000000
L -2.687006 5.374012 2.687006
K -2.687006 8.061017 0.000000


-124.123296	0a029a642a0
12

V 0.000000 0.000000 0.000000
R 2.687006 2.687006 0.000000
R 0.000000 2.687006 -2.687006
F 0.000000 5.374012 0.000000
D 2.687006 5.374012 2.687006
L 0.000000 2.687006 2.687006
L -2.687006 2.687006 0.000000
K -2.687006 0.000000 2.687006
R -2.687006 2.687006 5.374012
I 0.000000 5.374012 5.374012
L -2.687006 5.374012 2.687006
K 0.000000 8.061017 2.687006


-124.107646	a0a2649a2a0
12

V 0.000000 0.000000 0.000000
R 2.687006 2.687006 0.000000
R 0.000000 2.687006 -2.687006
F 0.000000 5.374012 0.000000
D -2.687006 5.374012 -2.687006
L -2.687006 2.687006 0.000000
L 0.000000 2.687006 2.687006
K -2.687006 0.000000 2.687006
R -2.687006 2.687006 5.374012
I -5.374012 2.687006 2.687006
L -2.687006 5.374012 2.687006
K -5.374012 5.374012 0.000000


-124.107646	43419a642a0
12

V 0.000000 0.000000 0.000000
R 2.687006 2.687006 0.000000
R 0.000000 2.687006 -2.687006
F 0.000000 5.374012 0.000000
D 2.687006 5.374012 2.687006
L 0.000000 2.687006 2.687006
L -2.687006 2.687006 0.000000
K -2.687006 0.000000 2.687006
R -5.374012 2.687006 2.687006
I -2.687006 2.687006 5.374012
L -2.687006 5.374012 2.687006
K 0.000000 5.374012 5.374012


-123.994473	48426a84b10
12

V 0.000000 0.000000 0.000000
R 2.687006 2.687006 0.000000
R 0.000000 5.374012 0.000000
F -2.687006 5.374012 2.687006
D 0.000000 5.374012 5.374012
L 0.000000 2.687006 2.687006
L -2.687006 2.687006 0.000000
K -5.374012 0.000000 0.000000
R -5.374012 2.687006 2.687006
I -2.687006 2.687006 5.374012
L -2.687006 0.000000 2.687006
K 0.000000 0.000000 5.374012


-123.994473	59536b95a10
12

V 0.000000 0.000000 0.000000
R 2.687006 2.687006 0.000000
R 0.000000 5.374012 0.000000
F -2.687006 5.374012 -2.687006
D 0.000000 5.374012 -5.374012
L 0.000000 2.687006 -2.687006
L -2.687006 2.687006 0.000000
K -5.374012 0.000000 0.000000
R -5.374012 2.687006 -2.687006
I -2.687006 2.687006 -5.374012
L -2.687006 0.000000 -2.687006
K 0.000000 0.000000 -5.374012


-123.994473	a7a1947ab10
12

V 0.000000 0.000000 0.000000
R 2.687006 2.687006 0.000000
R 0.000000 5.374012 0.000000
F -2.687006 5.374012 2.687006
D -5.374012 5.374012 0.000000
L -2.687006 2.687006 0.000000
L 0.000000 2.687006 2.687006
K 0.000000 0.000000 5.374012
R -2.687006 2.687006 5.374012
I -5.374012 2.687006 2.687006
L -2.687006 0.000000 2.687006
K -5.374012 0.000000 0.000000


-123.994473	b7b1857ba10
12

V 0.000000 0.000000 0.000000
R 2.687006 2.687006 0.000000
R 0.000000 5.374012 0.000000
F -2.687006 5.374012 -2.687006
D -5.374012 5.374012 0.000000
L -2.687006 2.687006 0.000000
L 0.000000 2.687006 -2.687006
K 0.000000 0.000000 -5.374012
R -2.687006 2.687006 -5.374012
I -5.374012 2.687006 -2.687006
L -2.687006 0.000000 -2.687006
K -5.374012 0.000000 0.000000


-123.966641	34316943ba0
12

V 0.000000 0.000000 0.000000
R 2.687006 2.687006 0.000000
R 0.000000 2.687006 -2.687006
F -2.687006 2.687006 0.000000
D -2.687006 5.374012 -2.687006
L 0.000000 5.374012 0.000000
L 0.000000 2.687006 2.687006
K -2.687006 0.000000 2.687006
R -5.374012 2.687006 2.687006
I -5.374012 5.374012 0.000000
L -2.687006 5.374012 2.687006
K -2.687006 8.061017 0.000000


-123.954925	41476a14640
12

V 0.000000 0.000000 0.000000
R 2.687006 2.687006 0.000000
R 5.374012 2.687006 2.687006
F 2.687006 0.000000 2.687006
D 5.374012 0.000000 5.374012
L 2.687006 2.687006 5.374012
L 0.000000 2.687006 2.687006
K -2.687006 0.000000 2.687006
R 0.000000 -2.687006 2.687006
I 2.687006 -2.687006 5.374012
L 0.000000 0.000000 5.374012
K 2.687006 0.000000 8.061017


-123.922793	16a07963b40
12

V 0.000000 0.000000 0.000000
R 2.687006 2.687006 0.000000
R 5.374012 2.687006 2.687006
F 2.687006 2.687006 5.374012
D 2.687006 5.374012 2.687006
L 0.000000 2.687006 2.687006
L 0.000000 0.000000 5.374012
K 2.687006 -2.687006 5.374012
R 5.374012 0.000000 5.374012
I 2.687006 0.000000 2.687006
L 0.000000 -2.687006 2.687006
K -2.687006 0.000000 2.687006


-123.866225	4848b1a7b40
12

V 0.000000 0.000000 0.000000
R 2.687006 2.687006 0.000000
R 5.374012 2.687006 2.687006
F 2.687006 2.687006 5.374012
D 5.374012 0.000000 5.374012
L 2.687006 0.000000 2.687006
L 0.000000 2.687006 2.687006
K -2.687006 2.687006 5.374012
R -2.687006 0.000000 2.687006
I 0.000000 0.000000 5.374012
L 0.000000 -2.687006 2.687006
K 2.687006 -2.687006 5.374012


-123.818357	a0a26943ba0
12

V 0.000000 0.000000 0.000000
R 2.687006 2.687006 0.000000
R 0.000000 2.687006 -2.687006
F -2.687006 2.687006 0.000000
D -2.687006 5.374012 -2.687006
L 0.000000 5.374012 0.000000
L 0.000000 2.687006 2.687006
K -2.687006 0.000000 2.687006
R -2.687006 2.687006 5.374012
I -5.374012 2.687006 2.687006
L -2.687006 5.374012 2.687006
K -5.374012 5.374012 0.000000


-123.813088	1501647b1a0
12

V 0.000000 0.000000 0.000000
R 2.687006 2.687006 0.000000
R 0.000000 2.687006 -2.687006
F -2.687006 5.374012 -2.687006
D -5.374012 5.374012 0.000000
L -2.687006 2.687006 0.000000
L 0.000000 2.687006 2.687006
K -2.687006 0.000000 2.687006
R -5.374012 2.687006 2.687006
I -2.687006 5.374012 2.687006
L 0.000000 5.374012 0.000000
K -2.687006 8.061017 0.000000


-123.747402	a7a19741610
12

V 0.000000 0.000000 0.000000
R 2.687006 2.687006 0.000000
R 0.000000 5.374012 0.000000
F -2.687006 2.687006 0.000000
D -5.374012 5.374012 0.000000
L -2.687006 5.374012 2.687006
L 0.000000 2.687006 2.687006
K 0.000000 0.000000 5.374012
R -2.687006 2.687006 5.374012
I -5.374012 2.687006 2.687006
L -2.687006 0.000000 2.687006
K -5.374012 0.000000 0.000000


-123.747402	b7b18751610
12

V 0.000000 0.000000 0.000000
R 2.687006 2.687006 0.000000
R 0.000000 5.374012 0.000000
F -2.687006 2.687006 0.000000
D -5.374012 5.374012 0.000000
L -2.687006 5.374012 -2.687006
L 0.000000 2.687006 -2.687006
K 0.000000 0.000000 -5.374012
R -2.687006 2.687006 -5.374012
I -5.374012 2.687006 -2.687006
L -2.687006 0.000000 -2.687006
K -5.374012 0.000000 0.000000


-123.732758	484268a2910
12

V 0.000000 0.000000 0.000000
R 2.687006 2.687006 0.000000
R 0.000000 5.374012 0.000000
F 0.000000 2.687006 2.687006
D 0.000000 5.374012 5.374012
L -2.687006 5.374012 2.687006
L -2.687006 2.687006 0.000000
K -5.374012 0.000000 0.000000
R -5.374012 2.687006 2.687006
I -2.687006 2.687006 5.374012
L -2.687006 0.000000 2.687006
K 0.000000 0.000000 5.374012


-123.732758	595369b3810
12

V 0.000000 0.000000 0.000000
R 2.687006 2.687006 0.000000
R 0.000000 5.374012 0.000000
F 0.000000 2.687006 -2.687006
D 0.000000 5.374012 -5.374012
L -2.687006 5.374012 -2.687006
L -2.687006 2.687006 0.000000
K -5.374012 0.000000 0.000000
R -5.374012 2.687006 -2.687006
I -2.687006 2.687006 -5.374012
L -2.687006 0.000000 -2.687006
K 0.000000 0.000000 -5.374012


-123.663590	425a26642a0
12

V 0.000000 0.000000 0.000000
R 2.687006 2.687006 0.000000
R 0.000000 2.687006 -2.687006
F 0.000000 5.374012 0.000000
D 2.687006 5.374012 2.687006
L 0.000000 2.687006 2.687006
L -2.687006 0.000000 2.687006
K -2.687006 2.687006 5.374012
R -5.374012 2.687006 2.687006
I -2.687006 2.687006 0.000000
L -2.687006 5.374012 2.687006
K 0.000000 5.374012 5.374012


-123.663590	a154199a2a0
12

V 0.000000 0.000000 0.000000
R 2.687006 2.687006 0.000000
R 0.000000 2.687006 -2.687006
F 0.000000 5.374012 0.000000
D -2.687006 5.374012 -2.687006
L -2.687006 2.687006 0.000000
L -2.687006 0.000000 2.687006
K -5.374012 2.687006 2.687006
R -2.687006 2.687006 5.374012
I 0.000000 2.687006 2.687006
L -2.687006 5.374012 2.687006
K -5.374012 5.374012 0.000000


-123.659154	a2ba7465a10
12

V 0.000000 0.000000 0.000000
R 2.687006 2.687006 0.000000
R 0.000000 5.374012 0.000000
F -2.687006 5.374012 -2.687006
D 0.000000 5.374012 -5.374012
L -2.687006 2.687006 -5.374012
L 0.000000 2.687006 -2.687006
K 2.687006 0.000000 -2.687006
R 0.000000 0.000000 -5.374012
I -2.687006 0.000000 -2.687006
L -2.687006 2.687006 0.000000
K -5.374012 2.687006 -2.687006


-123.659154	b3ab7564b10
12

V 0.000000 0.000000 0.000000
R 2.687006 2.687006 0.000000
R 0.000000 5.374012 0.000000
F -2.687006 5.374012 2.687006
D 0.000000 5.374012 5.374012
L -2.687006 2.687006 5.374012
L 0.000000 2.687006 2.687006
K 2.687006 0.000000 2.687006
R 0.000000 0.000000 5.374012
I -2.687006 0.000000 2.687006
L -2.687006 2.687006 0.000000
K -5.374012 2.687006 2.687006


-123.571372	1307b84b1a0
12

V 0.000000 0.000000 0.000000
R 2.687006 2.687006 0.000000
R 0.000000 2.687006 -2.687006
F -2.687006 5.374012 -2.687006
D -5.374012 5.374012 0.000000
L -2.687006 5.374012 2.687006
L -2.687006 2.687006 0.000000
K -5.374012 2.687006 2.687006
R -2.687006 0.000000 2.687006
I 0.000000 2.687006 2.687006
L 0.000000 5.374012 0.000000
K -2.687006 8.061017 0.000000


-123.571372	1307627b1a0
12

V 0.000000 0.000000 0.000000
R 2.687006 2.687006 0.000000
R 0.000000 2.687006 -2.687006
F -2.687006 5.374012 -2.687006
D -5.374012 5.374012 0.000000
L -2.687006 2.687006 0.000000
L -2.687006 5.374012 2.687006
K -5.374012 2.687006 2.687006
R -2.687006 0.000000 2.687006
I 0.000000 2.687006 2.687006
L 0.000000 5.374012 0.000000
K -2.687006 8.061017 0.000000


-123.567646	137a91642a0
12

V 0.000000 0.000000 0.000000
R 2.687006 2.687006 0.000000
R 0.000000 2.687006 -2.687006
F 0.000000 5.374012 0.000000
D 2.687006 5.374012 2.687006
L 0.000000 2.687006 2.687006
L -2.687006 5.374012 2.687006
K -2.687006 2.687006 5.374012
R -5.374012 2.687006 2.687006
I -2.687006 0.000000 2.687006
L -2.687006 2.687006 0.000000
K -5.374012 5.374012 0.000000


-123.567646	40a2649a840
12

V 0.000000 0.000000 0.000000
R 2.687006 2.687006 0.000000
R 5.374012 2.687006 2.687006
F 5.374012 0.000000 0.000000
D 2.687006 0.000000 -2.687006
L 2.687006 -2.687006 0.000000
L 5.374012 -2.687006 2.687006
K 2.687006 -5.374012 2.687006
R 2.687006 -2.687006 5.374012
I 0.000000 -2.687006 2.687006
L 2.687006 0.000000 2.687006
K 5.374012 0.000000 5.374012


