-78.099329	712144710
10

D 0.000000 0.000000 0.000000
R 2.193931 2.193931 -2.193931
V 4.387862 0.000000 -4.387862
Y 6.581793 2.193931 -2.193931
I 4.387862 0.000000 0.000000
H 2.193931 -2.193931 2.193931
P 4.387862 -4.387862 0.000000
F 2.193931 -2.193931 -2.193931
H 4.387862 -4.387862 -4.387862
L 6.581793 -2.193931 -2.193931


-78.099329	217144210
10

D 0.000000 0.000000 0.000000
R 2.193931 2.193931 -2.193931
V 4.387862 0.000000 -4.387862
Y 2.193931 2.193931 -6.581793
I 0.000000 0.000000 -4.387862
H -2.193931 -2.193931 -2.193931
P 0.000000 -4.387862 -4.387862
F 2.193931 -2.193931 -2.193931
H 4.387862 -4.387862 -4.387862
L 2.193931 -2.193931 -6.581793


-77.854785	560144210
10

D 0.000000 0.000000 0.000000
R 2.193931 2.193931 -2.193931
V 4.387862 0.000000 -4.387862
Y 2.193931 2.193931 -6.581793
I 0.000000 0.000000 -4.387862
H -2.193931 -2.193931 -2.193931
P 0.000000 -4.387862 -4.387862
F 2.193931 -2.193931 -6.581793
H 4.387862 -4.387862 -4.387862
L 2.193931 -2.193931 -2.193931


-77.854785	530144710
10

D 0.000000 0.000000 0.000000
R 2.193931 2.193931 -2.193931
V 4.387862 0.000000 -4.387862
Y 6.581793 2.193931 -2.193931
I 4.387862 0.000000 0.000000
H 2.193931 -2.193931 2.193931
P 4.387862 -4.387862 0.000000
F 6.581793 -2.193931 -2.193931
H 4.387862 -4.387862 -4.387862
L 2.193931 -2.193931 -2.193931


-76.508086	144705330
10

D 0.000000 0.000000 0.000000
R 2.193931 2.193931 -2.193931
V 0.000000 0.000000 -4.387862
Y -2.193931 -2.193931 -6.581793
I -4.387862 0.000000 -4.387862
H -2.193931 2.193931 -6.581793
P 0.000000 4.387862 -4.387862
F -2.193931 2.193931 -2.193931
H -4.387862 0.000000 -0.000000
L -2.193931 -2.193931 -2.193931


-76.508086	244706330
10

D 0.000000 0.000000 0.000000
R 2.193931 2.193931 -2.193931
V 0.000000 0.000000 -4.387862
Y -2.193931 -2.193931 -6.581793
I 0.000000 -4.387862 -4.387862
H 2.193931 -2.193931 -6.581793
P 4.387862 0.000000 -4.387862
F 2.193931 -2.193931 -2.193931
H 0.000000 -4.387862 -0.000000
L -2.193931 -2.193931 -2.193931


-76.310387	243064710
10

D 0.000000 0.000000 0.000000
R 2.193931 2.193931 -2.193931
V 4.387862 0.000000 -4.387862
Y 6.581793 2.193931 -2.193931
I 4.387862 0.000000 0.000000
H 6.581793 -2.193931 2.193931
P 8.775724 0.000000 0.000000
F 6.581793 -2.193931 -2.193931
H 4.387862 -4.387862 0.000000
L 2.193931 -2.193931 -2.193931


-76.310387	746034210
10

D 0.000000 0.000000 0.000000
R 2.193931 2.193931 -2.193931
V 4.387862 0.000000 -4.387862
Y 2.193931 2.193931 -6.581793
I 0.000000 0.000000 -4.387862
H -2.193931 -2.193931 -6.581793
P 0.000000 0.000000 -8.775724
F 2.193931 -2.193931 -6.581793
H 0.000000 -4.387862 -4.387862
L 2.193931 -2.193931 -2.193931


-75.733970	560634210
10

D 0.000000 0.000000 0.000000
R 2.193931 2.193931 -2.193931
V 4.387862 0.000000 -4.387862
Y 2.193931 2.193931 -6.581793
I 0.000000 0.000000 -4.387862
H -2.193931 -2.193931 -6.581793
P 0.000000 -4.387862 -4.387862
F 2.193931 -2.193931 -6.581793
H 4.387862 -4.387862 -4.387862
L 2.193931 -2.193931 -2.193931


-75.733970	530364710
10

D 0.000000 0.000000 0.000000
R 2.193931 2.193931 -2.193931
V 4.387862 0.000000 -4.387862
Y 6.581793 2.193931 -2.193931
I 4.387862 0.000000 0.000000
H 6.581793 -2.193931 2.193931
P 4.387862 -4.387862 0.000000
F 6.581793 -2.193931 -2.193931
H 4.387862 -4.387862 -4.387862
L 2.193931 -2.193931 -2.193931


-75.712830	564216030
10

D 0.000000 0.000000 0.000000
R 2.193931 2.193931 -2.193931
V 0.000000 0.000000 -4.387862
Y 2.193931 2.193931 -6.581793
I 4.387862 0.000000 -4.387862
H 6.581793 -2.193931 -6.581793
P 4.387862 0.000000 -8.775724
F 2.193931 -2.193931 -6.581793
H 4.387862 -4.387862 -4.387862
L 2.193931 -2.193931 -2.193931


-75.712830	654125030
10

D 0.000000 0.000000 0.000000
R 2.193931 2.193931 -2.193931
V 0.000000 0.000000 -4.387862
Y 2.193931 2.193931 -6.581793
I 0.000000 4.387862 -4.387862
H -2.193931 6.581793 -6.581793
P 0.000000 4.387862 -8.775724
F -2.193931 2.193931 -6.581793
H -4.387862 4.387862 -4.387862
L -2.193931 2.193931 -2.193931


-75.670387	720632410
10

D 0.000000 0.000000 0.000000
R 2.193931 2.193931 -2.193931
V 4.387862 0.000000 -4.387862
Y 2.193931 -2.193931 -2.193931
I 0.000000 0.000000 -4.387862
H -2.193931 -2.193931 -6.581793
P 0.000000 -4.387862 -4.387862
F 2.193931 -2.193931 -6.581793
H 0.000000 0.000000 -8.775724
L 2.193931 2.193931 -6.581793


-75.670387	270367410
10

D 0.000000 0.000000 0.000000
R 2.193931 2.193931 -2.193931
V 4.387862 0.000000 -4.387862
Y 2.193931 -2.193931 -2.193931
I 4.387862 0.000000 0.000000
H 6.581793 -2.193931 2.193931
P 4.387862 -4.387862 0.000000
F 6.581793 -2.193931 -2.193931
H 8.775724 0.000000 0.000000
L 6.581793 2.193931 -2.193931


-75.580144	712364710
10

D 0.000000 0.000000 0.000000
R 2.193931 2.193931 -2.193931
V 4.387862 0.000000 -4.387862
Y 6.581793 2.193931 -2.193931
I 4.387862 0.000000 0.000000
H 6.581793 -2.193931 2.193931
P 4.387862 -4.387862 0.000000
F 2.193931 -2.193931 -2.193931
H 4.387862 -4.387862 -4.387862
L 6.581793 -2.193931 -2.193931


-75.580144	217634210
10

D 0.000000 0.000000 0.000000
R 2.193931 2.193931 -2.193931
V 4.387862 0.000000 -4.387862
Y 2.193931 2.193931 -6.581793
I 0.000000 0.000000 -4.387862
H -2.193931 -2.193931 -6.581793
P 0.000000 -4.387862 -4.387862
F 2.193931 -2.193931 -2.193931
H 4.387862 -4.387862 -4.387862
L 2.193931 -2.193931 -6.581793


-75.420003	123655030
10

D 0.000000 0.000000 0.000000
R 2.193931 2.193931 -2.193931
V 0.000000 0.000000 -4.387862
Y 2.193931 2.193931 -6.581793
I 0.000000 4.387862 -4.387862
H -2.193931 6.581793 -2.193931
P 0.000000 4.387862 -0.000000
F -2.193931 2.193931 -2.193931
H -4.387862 4.387862 -4.387862
L -2.193931 2.193931 -6.581793


-75.420003	213566030
10

D 0.000000 0.000000 0.000000
R 2.193931 2.193931 -2.193931
V 0.000000 0.000000 -4.387862
Y 2.193931 2.193931 -6.581793
I 4.387862 0.000000 -4.387862
H 6.581793 -2.193931 -2.193931
P 4.387862 0.000000 -0.000000
F 2.193931 -2.193931 -2.193931
H 4.387862 -4.387862 -4.387862
L 2.193931 -2.193931 -6.581793


-75.343208	035365610
10

D 0.000000 0.000000 0.000000
R 2.193931 2.193931 -2.193931
V 4.387862 0.000000 -4.387862
Y 6.581793 -2.193931 -2.193931
I 4.387862 0.000000 0.000000
H 6.581793 -2.193931 2.193931
P 4.387862 -4.387862 0.000000
F 2.193931 -2.193931 2.193931
H 0.000000 -4.387862 0.000000
L 2.193931 -2.193931 -2.193931


-75.343208	065635310
10

D 0.000000 0.000000 0.000000
R 2.193931 2.193931 -2.193931
V 4.387862 0.000000 -4.387862
Y 2.193931 -2.193931 -6.581793
I 0.000000 0.000000 -4.387862
H -2.193931 -2.193931 -6.581793
P 0.000000 -4.387862 -4.387862
F -2.193931 -2.193931 -2.193931
H 0.000000 -4.387862 -0.000000
L 2.193931 -2.193931 -2.193931


-75.329862	030644210
10

D 0.000000 0.000000 0.000000
R 2.193931 2.193931 -2.193931
V 4.387862 0.000000 -4.387862
Y 2.193931 2.193931 -6.581793
I 0.000000 0.000000 -4.387862
H -2.193931 -2.193931 -2.193931
P 0.000000 -4.387862 -0.000000
F 2.193931 -2.193931 -2.193931
H 0.000000 -4.387862 -4.387862
L 2.193931 -2.193931 -6.581793


-75.329862	060344710
10

D 0.000000 0.000000 0.000000
R 2.193931 2.193931 -2.193931
V 4.387862 0.000000 -4.387862
Y 6.581793 2.193931 -2.193931
I 4.387862 0.000000 0.000000
H 2.193931 -2.193931 2.193931
P 0.000000 -4.387862 0.000000
F 2.193931 -2.193931 -2.193931
H 4.387862 -4.387862 0.000000
L 6.581793 -2.193931 -2.193931


-75.232438	067424130
10

D 0.000000 0.000000 0.000000
R 2.193931 2.193931 -2.193931
V 0.000000 0.000000 -4.387862
Y 2.193931 -2.193931 -6.581793
I 0.000000 -4.387862 -4.387862
H -2.193931 -2.193931 -6.581793
P -4.387862 -4.387862 -4.387862
F -2.193931 -2.193931 -2.193931
H 0.000000 -4.387862 -0.000000
L 2.193931 -2.193931 -2.193931


-75.232438	057414230
10

D 0.000000 0.000000 0.000000
R 2.193931 2.193931 -2.193931
V 0.000000 0.000000 -4.387862
Y -2.193931 2.193931 -6.581793
I -4.387862 0.000000 -4.387862
H -2.193931 -2.193931 -6.581793
P -4.387862 -4.387862 -4.387862
F -2.193931 -2.193931 -2.193931
H -4.387862 0.000000 -0.000000
L -2.193931 2.193931 -2.193931


-75.189137	146505330
10

D 0.000000 0.000000 0.000000
R 2.193931 2.193931 -2.193931
V 0.000000 0.000000 -4.387862
Y -2.193931 -2.193931 -6.581793
I -4.387862 0.000000 -4.387862
H -2.193931 2.193931 -6.581793
P -4.387862 4.387862 -4.387862
F -2.193931 2.193931 -2.193931
H -4.387862 0.000000 -0.000000
L -2.193931 -2.193931 -2.193931


-75.189137	245606330
10

D 0.000000 0.000000 0.000000
R 2.193931 2.193931 -2.193931
V 0.000000 0.000000 -4.387862
Y -2.193931 -2.193931 -6.581793
I 0.000000 -4.387862 -4.387862
H 2.193931 -2.193931 -6.581793
P 4.387862 -4.387862 -4.387862
F 2.193931 -2.193931 -2.193931
H 0.000000 -4.387862 -0.000000
L -2.193931 -2.193931 -2.193931


-75.181772	036355030
10

D 0.000000 0.000000 0.000000
R 2.193931 2.193931 -2.193931
V 0.000000 0.000000 -4.387862
Y 2.193931 2.193931 -6.581793
I 0.000000 4.387862 -4.387862
H -2.193931 6.581793 -2.193931
P -4.387862 4.387862 -4.387862
F -2.193931 2.193931 -2.193931
H -4.387862 0.000000 -4.387862
L -2.193931 2.193931 -6.581793


-75.181772	035366030
10

D 0.000000 0.000000 0.000000
R 2.193931 2.193931 -2.193931
V 0.000000 0.000000 -4.387862
Y 2.193931 2.193931 -6.581793
I 4.387862 0.000000 -4.387862
H 6.581793 -2.193931 -2.193931
P 4.387862 -4.387862 -4.387862
F 2.193931 -2.193931 -2.193931
H 0.000000 -4.387862 -4.387862
L 2.193931 -2.193931 -6.581793


-75.136413	742416030
10

D 0.000000 0.000000 0.000000
R 2.193931 2.193931 -2.193931
V 0.000000 0.000000 -4.387862
Y 2.193931 2.193931 -6.581793
I 4.387862 0.000000 -4.387862
H 6.581793 -2.193931 -6.581793
P 4.387862 -4.387862 -4.387862
F 2.193931 -2.193931 -6.581793
H 0.000000 -4.387862 -4.387862
L 2.193931 -2.193931 -2.193931


-75.136413	741425030
10

D 0.000000 0.000000 0.000000
R 2.193931 2.193931 -2.193931
V 0.000000 0.000000 -4.387862
Y 2.193931 2.193931 -6.581793
I 0.000000 4.387862 -4.387862
H -2.193931 6.581793 -6.581793
P -4.387862 4.387862 -4.387862
F -2.193931 2.193931 -6.581793
H -4.387862 0.000000 -4.387862
L -2.193931 2.193931 -2.193931


-75.093970	503067410
10

D 0.000000 0.000000 0.000000
R 2.193931 2.193931 -2.193931
V 4.387862 0.000000 -4.387862
Y 2.193931 -2.193931 -2.193931
I 4.387862 0.000000 0.000000
H 6.581793 -2.193931 2.193931
P 8.775724 0.000000 0.000000
F 6.581793 -2.193931 -2.193931
H 8.775724 0.000000 -4.387862
L 6.581793 2.193931 -2.193931


-75.093970	506032410
10

D 0.000000 0.000000 0.000000
R 2.193931 2.193931 -2.193931
V 4.387862 0.000000 -4.387862
Y 2.193931 -2.193931 -2.193931
I 0.000000 0.000000 -4.387862
H -2.193931 -2.193931 -6.581793
P 0.000000 0.000000 -8.775724
F 2.193931 -2.193931 -6.581793
H 4.387862 0.000000 -8.775724
L 2.193931 2.193931 -6.581793


-75.072830	502410630
10

D 0.000000 0.000000 0.000000
R 2.193931 2.193931 -2.193931
V 0.000000 0.000000 -4.387862
Y 2.193931 -2.193931 -2.193931
I 4.387862 0.000000 -4.387862
H 6.581793 -2.193931 -6.581793
P 4.387862 -4.387862 -4.387862
F 2.193931 -2.193931 -6.581793
H 4.387862 0.000000 -8.775724
L 2.193931 2.193931 -6.581793


-75.072830	601420530
10

D 0.000000 0.000000 0.000000
R 2.193931 2.193931 -2.193931
V 0.000000 0.000000 -4.387862
Y -2.193931 2.193931 -2.193931
I 0.000000 4.387862 -4.387862
H -2.193931 6.581793 -6.581793
P -4.387862 4.387862 -4.387862
F -2.193931 2.193931 -6.581793
H 0.000000 4.387862 -8.775724
L 2.193931 2.193931 -6.581793


-75.062438	367427230
10

D 0.000000 0.000000 0.000000
R 2.193931 2.193931 -2.193931
V 0.000000 0.000000 -4.387862
Y -2.193931 2.193931 -6.581793
I 0.000000 4.387862 -4.387862
H -2.193931 6.581793 -6.581793
P -4.387862 4.387862 -4.387862
F -2.193931 6.581793 -2.193931
H 0.000000 4.387862 -0.000000
L -2.193931 2.193931 -2.193931


-75.062438	357417130
10

D 0.000000 0.000000 0.000000
R 2.193931 2.193931 -2.193931
V 0.000000 0.000000 -4.387862
Y 2.193931 -2.193931 -6.581793
I 4.387862 0.000000 -4.387862
H 6.581793 -2.193931 -6.581793
P 4.387862 -4.387862 -4.387862
F 6.581793 -2.193931 -2.193931
H 4.387862 0.000000 -0.000000
L 2.193931 -2.193931 -2.193931


-75.059329	412177410
10

D 0.000000 0.000000 0.000000
R 2.193931 2.193931 -2.193931
V 4.387862 0.000000 -4.387862
Y 2.193931 -2.193931 -2.193931
I 4.387862 0.000000 0.000000
H 6.581793 2.193931 2.193931
P 8.775724 0.000000 0.000000
F 6.581793 2.193931 -2.193931
H 8.775724 0.000000 -4.387862
L 6.581793 -2.193931 -2.193931


-75.059329	417122410
10

D 0.000000 0.000000 0.000000
R 2.193931 2.193931 -2.193931
V 4.387862 0.000000 -4.387862
Y 2.193931 -2.193931 -2.193931
I 0.000000 0.000000 -4.387862
H -2.193931 2.193931 -6.581793
P 0.000000 0.000000 -8.775724
F 2.193931 2.193931 -6.581793
H 4.387862 0.000000 -8.775724
L 2.193931 -2.193931 -6.581793


-74.982586	036425030
10

D 0.000000 0.000000 0.000000
R 2.193931 2.193931 -2.193931
V 0.000000 0.000000 -4.387862
Y 2.193931 2.193931 -6.581793
I 0.000000 4.387862 -4.387862
H -2.193931 6.581793 -6.581793
P -4.387862 4.387862 -4.387862
F -2.193931 2.193931 -2.193931
H -4.387862 0.000000 -4.387862
L -2.193931 2.193931 -6.581793


-74.982586	035416030
10

D 0.000000 0.000000 0.000000
R 2.193931 2.193931 -2.193931
V 0.000000 0.000000 -4.387862
Y 2.193931 2.193931 -6.581793
I 4.387862 0.000000 -4.387862
H 6.581793 -2.193931 -6.581793
P 4.387862 -4.387862 -4.387862
F 2.193931 -2.193931 -2.193931
H 0.000000 -4.387862 -4.387862
L 2.193931 -2.193931 -6.581793


-74.937227	742366030
10

D 0.000000 0.000000 0.000000
R 2.193931 2.193931 -2.193931
V 0.000000 0.000000 -4.387862
Y 2.193931 2.193931 -6.581793
I 4.387862 0.000000 -4.387862
H 6.581793 -2.193931 -2.193931
P 4.387862 -4.387862 -4.387862
F 2.193931 -2.193931 -6.581793
H 0.000000 -4.387862 -4.387862
L 2.193931 -2.193931 -2.193931


-74.937227	741355030
10

D 0.000000 0.000000 0.000000
R 2.193931 2.193931 -2.193931
V 0.000000 0.000000 -4.387862
Y 2.193931 2.193931 -6.581793
I 0.000000 4.387862 -4.387862
H -2.193931 6.581793 -2.193931
P -4.387862 4.387862 -4.387862
F -2.193931 2.193931 -6.581793
H -4.387862 0.000000 -4.387862
L -2.193931 2.193931 -2.193931


-74.926798	300656330
10

D 0.000000 0.000000 0.000000
R 2.193931 2.193931 -2.193931
V 0.000000 0.000000 -4.387862
Y -2.193931 -2.193931 -6.581793
I 0.000000 -4.387862 -4.387862
H -2.193931 -2.193931 -2.193931
P 0.000000 -4.387862 -0.000000
F 2.193931 -2.193931 -2.193931
H 4.387862 0.000000 -4.387862
L 2.193931 -2.193931 -6.581793


-74.926798	300565330
10

D 0.000000 0.000000 0.000000
R 2.193931 2.193931 -2.193931
V 0.000000 0.000000 -4.387862
Y -2.193931 -2.193931 -6.581793
I -4.387862 0.000000 -4.387862
H -2.193931 -2.193931 -2.193931
P -4.387862 0.000000 -0.000000
F -2.193931 2.193931 -2.193931
H 0.000000 4.387862 -4.387862
L -2.193931 2.193931 -6.581793


-74.902060	247635310
10

D 0.000000 0.000000 0.000000
R 2.193931 2.193931 -2.193931
V 4.387862 0.000000 -4.387862
Y 2.193931 -2.193931 -6.581793
I 0.000000 0.000000 -4.387862
H -2.193931 -2.193931 -6.581793
P 0.000000 -4.387862 -4.387862
F 2.193931 -2.193931 -2.193931
H 0.000000 -4.387862 -0.000000
L -2.193931 -2.193931 -2.193931


-74.902060	742365610
10

D 0.000000 0.000000 0.000000
R 2.193931 2.193931 -2.193931
V 4.387862 0.000000 -4.387862
Y 6.581793 -2.193931 -2.193931
I 4.387862 0.000000 0.000000
H 6.581793 -2.193931 2.193931
P 4.387862 -4.387862 0.000000
F 2.193931 -2.193931 -2.193931
H 0.000000 -4.387862 0.000000
L 2.193931 -2.193931 2.193931


-74.894785	503177410
10

D 0.000000 0.000000 0.000000
R 2.193931 2.193931 -2.193931
V 4.387862 0.000000 -4.387862
Y 2.193931 -2.193931 -2.193931
I 4.387862 0.000000 0.000000
H 6.581793 2.193931 2.193931
P 8.775724 0.000000 0.000000
F 6.581793 -2.193931 -2.193931
H 8.775724 0.000000 -4.387862
L 6.581793 2.193931 -2.193931


-74.894785	506122410
10

D 0.000000 0.000000 0.000000
R 2.193931 2.193931 -2.193931
V 4.387862 0.000000 -4.387862
Y 2.193931 -2.193931 -2.193931
I 0.000000 0.000000 -4.387862
H -2.193931 2.193931 -6.581793
P 0.000000 0.000000 -8.775724
F 2.193931 -2.193931 -6.581793
H 4.387862 0.000000 -8.775724
L 2.193931 2.193931 -6.581793


-74.860144	412067410
10

D 0.000000 0.000000 0.000000
R 2.193931 2.193931 -2.193931
V 4.387862 0.000000 -4.387862
Y 2.193931 -2.193931 -2.193931
I 4.387862 0.000000 0.000000
H 6.581793 -2.193931 2.193931
P 8.775724 0.000000 0.000000
F 6.581793 2.193931 -2.193931
H 8.775724 0.000000 -4.387862
L 6.581793 -2.193931 -2.193931


-74.860144	417032410
10

D 0.000000 0.000000 0.000000
R 2.193931 2.193931 -2.193931
V 4.387862 0.000000 -4.387862
Y 2.193931 -2.193931 -2.193931
I 0.000000 0.000000 -4.387862
H -2.193931 -2.193931 -6.581793
P 0.000000 0.000000 -8.775724
F 2.193931 2.193931 -6.581793
H 4.387862 0.000000 -8.775724
L 2.193931 -2.193931 -6.581793


