-37.998206	305430
7

A 0.000000 0.000000 0.000000
P 2.193931 2.193931 -2.193931
R 0.000000 0.000000 -4.387862
L -2.193931 -2.193931 -2.193931
R -4.387862 0.000000 0.000000
F -2.193931 2.193931 -2.193931
Y -4.387862 0.000000 -4.387862


-37.998206	306430
7

A 0.000000 0.000000 0.000000
P 2.193931 2.193931 -2.193931
R 0.000000 0.000000 -4.387862
L -2.193931 -2.193931 -2.193931
R 0.000000 -4.387862 0.000000
F 2.193931 -2.193931 -2.193931
Y 0.000000 -4.387862 -4.387862


-37.954905	214530
7

A 0.000000 0.000000 0.000000
P 2.193931 2.193931 -2.193931
R 0.000000 0.000000 -4.387862
L -2.193931 2.193931 -2.193931
R -4.387862 0.000000 0.000000
F -2.193931 -2.193931 -2.193931
Y -4.387862 0.000000 -4.387862


-37.954905	124630
7

A 0.000000 0.000000 0.000000
P 2.193931 2.193931 -2.193931
R 0.000000 0.000000 -4.387862
L 2.193931 -2.193931 -2.193931
R 0.000000 -4.387862 0.000000
F -2.193931 -2.193931 -2.193931
Y 0.000000 -4.387862 -4.387862


-37.928924	472430
7

A 0.000000 0.000000 0.000000
P 2.193931 2.193931 -2.193931
R 0.000000 0.000000 -4.387862
L -2.193931 -2.193931 -2.193931
R -4.387862 0.000000 -4.387862
F -2.193931 2.193931 -2.193931
Y -4.387862 0.000000 0.000000


-37.928924	471430
7

A 0.000000 0.000000 0.000000
P 2.193931 2.193931 -2.193931
R 0.000000 0.000000 -4.387862
L -2.193931 -2.193931 -2.193931
R 0.000000 -4.387862 -4.387862
F 2.193931 -2.193931 -2.193931
Y 0.000000 -4.387862 0.000000


-37.885623	563530
7

A 0.000000 0.000000 0.000000
P 2.193931 2.193931 -2.193931
R 0.000000 0.000000 -4.387862
L -2.193931 2.193931 -2.193931
R -4.387862 0.000000 -4.387862
F -2.193931 -2.193931 -2.193931
Y -4.387862 0.000000 0.000000


-37.885623	653630
7

A 0.000000 0.000000 0.000000
P 2.193931 2.193931 -2.193931
R 0.000000 0.000000 -4.387862
L 2.193931 -2.193931 -2.193931
R 0.000000 -4.387862 -4.387862
F -2.193931 -2.193931 -2.193931
Y 0.000000 -4.387862 0.000000


-36.905098	056410
7

A 0.000000 0.000000 0.000000
P 2.193931 2.193931 -2.193931
R 4.387862 0.000000 -4.387862
L 2.193931 -2.193931 -2.193931
R 4.387862 -4.387862 0.000000
F 2.193931 -2.193931 2.193931
Y 4.387862 0.000000 0.000000


-36.905098	053410
7

A 0.000000 0.000000 0.000000
P 2.193931 2.193931 -2.193931
R 4.387862 0.000000 -4.387862
L 2.193931 -2.193931 -2.193931
R 0.000000 -4.387862 -4.387862
F -2.193931 -2.193931 -2.193931
Y 0.000000 0.000000 -4.387862


-36.075098	503410
7

A 0.000000 0.000000 0.000000
P 2.193931 2.193931 -2.193931
R 4.387862 0.000000 -4.387862
L 2.193931 -2.193931 -2.193931
R 0.000000 -4.387862 -4.387862
F 2.193931 -2.193931 -6.581793
Y 0.000000 0.000000 -4.387862


-36.075098	506410
7

A 0.000000 0.000000 0.000000
P 2.193931 2.193931 -2.193931
R 4.387862 0.000000 -4.387862
L 2.193931 -2.193931 -2.193931
R 4.387862 -4.387862 0.000000
F 6.581793 -2.193931 -2.193931
Y 4.387862 0.000000 0.000000


-36.018399	724610
7

A 0.000000 0.000000 0.000000
P 2.193931 2.193931 -2.193931
R 4.387862 0.000000 -4.387862
L 6.581793 -2.193931 -2.193931
R 4.387862 -4.387862 0.000000
F 2.193931 -2.193931 -2.193931
Y 4.387862 0.000000 0.000000


-36.018399	274310
7

A 0.000000 0.000000 0.000000
P 2.193931 2.193931 -2.193931
R 4.387862 0.000000 -4.387862
L 2.193931 -2.193931 -6.581793
R 0.000000 -4.387862 -4.387862
F 2.193931 -2.193931 -2.193931
Y 0.000000 0.000000 -4.387862


-35.753284	024410
7

A 0.000000 0.000000 0.000000
P 2.193931 2.193931 -2.193931
R 4.387862 0.000000 -4.387862
L 2.193931 -2.193931 -2.193931
R 0.000000 -4.387862 0.000000
F -2.193931 -2.193931 -2.193931
Y 0.000000 0.000000 -4.387862


-35.753284	074410
7

A 0.000000 0.000000 0.000000
P 2.193931 2.193931 -2.193931
R 4.387862 0.000000 -4.387862
L 2.193931 -2.193931 -2.193931
R 0.000000 -4.387862 0.000000
F 2.193931 -2.193931 2.193931
Y 4.387862 0.000000 0.000000


-35.753284	065530
7

A 0.000000 0.000000 0.000000
P 2.193931 2.193931 -2.193931
R 0.000000 0.000000 -4.387862
L -2.193931 2.193931 -2.193931
R -4.387862 4.387862 0.000000
F -2.193931 2.193931 2.193931
Y 0.000000 4.387862 0.000000


-35.753284	056630
7

A 0.000000 0.000000 0.000000
P 2.193931 2.193931 -2.193931
R 0.000000 0.000000 -4.387862
L 2.193931 -2.193931 -2.193931
R 4.387862 -4.387862 0.000000
F 2.193931 -2.193931 2.193931
Y 4.387862 0.000000 0.000000


-34.750079	721630
7

A 0.000000 0.000000 0.000000
P 2.193931 2.193931 -2.193931
R 0.000000 0.000000 -4.387862
L 2.193931 -2.193931 -2.193931
R 4.387862 -4.387862 -4.387862
F 2.193931 -2.193931 -6.581793
Y 4.387862 0.000000 -4.387862


-34.750079	712530
7

A 0.000000 0.000000 0.000000
P 2.193931 2.193931 -2.193931
R 0.000000 0.000000 -4.387862
L -2.193931 2.193931 -2.193931
R -4.387862 4.387862 -4.387862
F -2.193931 2.193931 -6.581793
Y 0.000000 4.387862 -4.387862


-34.693380	065230
7

A 0.000000 0.000000 0.000000
P 2.193931 2.193931 -2.193931
R 0.000000 0.000000 -4.387862
L -2.193931 2.193931 -6.581793
R -4.387862 4.387862 -4.387862
F -2.193931 2.193931 -2.193931
Y 0.000000 4.387862 -4.387862


-34.693380	056130
7

A 0.000000 0.000000 0.000000
P 2.193931 2.193931 -2.193931
R 0.000000 0.000000 -4.387862
L 2.193931 -2.193931 -6.581793
R 4.387862 -4.387862 -4.387862
F 2.193931 -2.193931 -2.193931
Y 4.387862 0.000000 -4.387862


-34.680797	571410
7

A 0.000000 0.000000 0.000000
P 2.193931 2.193931 -2.193931
R 4.387862 0.000000 -4.387862
L 2.193931 -2.193931 -2.193931
R 4.387862 -4.387862 -4.387862
F 6.581793 -2.193931 -2.193931
Y 4.387862 0.000000 0.000000


-34.680797	521410
7

A 0.000000 0.000000 0.000000
P 2.193931 2.193931 -2.193931
R 4.387862 0.000000 -4.387862
L 2.193931 -2.193931 -2.193931
R 4.387862 -4.387862 -4.387862
F 2.193931 -2.193931 -6.581793
Y 0.000000 0.000000 -4.387862


-34.624098	256310
7

A 0.000000 0.000000 0.000000
P 2.193931 2.193931 -2.193931
R 4.387862 0.000000 -4.387862
L 2.193931 -2.193931 -6.581793
R 4.387862 -4.387862 -4.387862
F 2.193931 -2.193931 -2.193931
Y 0.000000 0.000000 -4.387862


-34.624098	753610
7

A 0.000000 0.000000 0.000000
P 2.193931 2.193931 -2.193931
R 4.387862 0.000000 -4.387862
L 6.581793 -2.193931 -2.193931
R 4.387862 -4.387862 -4.387862
F 2.193931 -2.193931 -2.193931
Y 4.387862 0.000000 0.000000


-34.601470	074630
7

A 0.000000 0.000000 0.000000
P 2.193931 2.193931 -2.193931
R 0.000000 0.000000 -4.387862
L 2.193931 -2.193931 -2.193931
R 0.000000 -4.387862 0.000000
F 2.193931 -2.193931 2.193931
Y 4.387862 0.000000 0.000000


-34.601470	074530
7

A 0.000000 0.000000 0.000000
P 2.193931 2.193931 -2.193931
R 0.000000 0.000000 -4.387862
L -2.193931 2.193931 -2.193931
R -4.387862 0.000000 0.000000
F -2.193931 2.193931 2.193931
Y 0.000000 4.387862 0.000000


-34.054905	127530
7

A 0.000000 0.000000 0.000000
P 2.193931 2.193931 -2.193931
R 0.000000 0.000000 -4.387862
L -2.193931 2.193931 -2.193931
R 0.000000 4.387862 0.000000
F -2.193931 6.581793 -2.193931
Y 0.000000 4.387862 -4.387862


-34.054905	217630
7

A 0.000000 0.000000 0.000000
P 2.193931 2.193931 -2.193931
R 0.000000 0.000000 -4.387862
L 2.193931 -2.193931 -2.193931
R 4.387862 0.000000 0.000000
F 6.581793 -2.193931 -2.193931
Y 4.387862 0.000000 -4.387862


-33.985623	560630
7

A 0.000000 0.000000 0.000000
P 2.193931 2.193931 -2.193931
R 0.000000 0.000000 -4.387862
L 2.193931 -2.193931 -2.193931
R 4.387862 0.000000 -4.387862
F 6.581793 -2.193931 -2.193931
Y 4.387862 0.000000 0.000000


-33.985623	650530
7

A 0.000000 0.000000 0.000000
P 2.193931 2.193931 -2.193931
R 0.000000 0.000000 -4.387862
L -2.193931 2.193931 -2.193931
R 0.000000 4.387862 -4.387862
F -2.193931 6.581793 -2.193931
Y 0.000000 4.387862 0.000000


-33.355778	703530
7

A 0.000000 0.000000 0.000000
P 2.193931 2.193931 -2.193931
R 0.000000 0.000000 -4.387862
L -2.193931 2.193931 -2.193931
R -4.387862 0.000000 -4.387862
F -2.193931 2.193931 -6.581793
Y 0.000000 4.387862 -4.387862


-33.355778	703630
7

A 0.000000 0.000000 0.000000
P 2.193931 2.193931 -2.193931
R 0.000000 0.000000 -4.387862
L 2.193931 -2.193931 -2.193931
R 0.000000 -4.387862 -4.387862
F 2.193931 -2.193931 -6.581793
Y 4.387862 0.000000 -4.387862


-33.299079	074230
7

A 0.000000 0.000000 0.000000
P 2.193931 2.193931 -2.193931
R 0.000000 0.000000 -4.387862
L -2.193931 2.193931 -6.581793
R -4.387862 0.000000 -4.387862
F -2.193931 2.193931 -2.193931
Y 0.000000 4.387862 -4.387862


-33.299079	074130
7

A 0.000000 0.000000 0.000000
P 2.193931 2.193931 -2.193931
R 0.000000 0.000000 -4.387862
L 2.193931 -2.193931 -6.581793
R 0.000000 -4.387862 -4.387862
F 2.193931 -2.193931 -2.193931
Y 4.387862 0.000000 -4.387862


-33.111470	347530
7

A 0.000000 0.000000 0.000000
P 2.193931 2.193931 -2.193931
R 0.000000 0.000000 -4.387862
L -2.193931 2.193931 -2.193931
R 0.000000 4.387862 0.000000
F -2.193931 2.193931 2.193931
Y -4.387862 0.000000 0.000000


-33.111470	347630
7

A 0.000000 0.000000 0.000000
P 2.193931 2.193931 -2.193931
R 0.000000 0.000000 -4.387862
L 2.193931 -2.193931 -2.193931
R 4.387862 0.000000 0.000000
F 2.193931 -2.193931 2.193931
Y 0.000000 -4.387862 0.000000


-32.954771	706430
7

A 0.000000 0.000000 0.000000
P 2.193931 2.193931 -2.193931
R 0.000000 0.000000 -4.387862
L -2.193931 -2.193931 -2.193931
R 0.000000 -4.387862 0.000000
F 2.193931 -2.193931 -2.193931
Y 4.387862 0.000000 0.000000


-32.954771	705430
7

A 0.000000 0.000000 0.000000
P 2.193931 2.193931 -2.193931
R 0.000000 0.000000 -4.387862
L -2.193931 -2.193931 -2.193931
R -4.387862 0.000000 0.000000
F -2.193931 2.193931 -2.193931
Y 0.000000 4.387862 0.000000


-32.938265	147630
7

A 0.000000 0.000000 0.000000
P 2.193931 2.193931 -2.193931
R 0.000000 0.000000 -4.387862
L 2.193931 -2.193931 -2.193931
R 4.387862 0.000000 0.000000
F 2.193931 -2.193931 2.193931
Y 4.387862 -4.387862 0.000000


-32.938265	247530
7

A 0.000000 0.000000 0.000000
P 2.193931 2.193931 -2.193931
R 0.000000 0.000000 -4.387862
L -2.193931 2.193931 -2.193931
R 0.000000 4.387862 0.000000
F -2.193931 2.193931 2.193931
Y -4.387862 4.387862 0.000000


-32.868983	347410
7

A 0.000000 0.000000 0.000000
P 2.193931 2.193931 -2.193931
R 4.387862 0.000000 -4.387862
L 2.193931 -2.193931 -2.193931
R 4.387862 0.000000 0.000000
F 2.193931 -2.193931 2.193931
Y 0.000000 -4.387862 0.000000


-32.868983	642410
7

A 0.000000 0.000000 0.000000
P 2.193931 2.193931 -2.193931
R 4.387862 0.000000 -4.387862
L 2.193931 -2.193931 -2.193931
R 0.000000 0.000000 -4.387862
F -2.193931 -2.193931 -2.193931
Y 0.000000 -4.387862 0.000000


-32.781566	006430
7

A 0.000000 0.000000 0.000000
P 2.193931 2.193931 -2.193931
R 0.000000 0.000000 -4.387862
L -2.193931 -2.193931 -2.193931
R 0.000000 -4.387862 0.000000
F 2.193931 -2.193931 -2.193931
Y 4.387862 0.000000 -4.387862


-32.781566	005430
7

A 0.000000 0.000000 0.000000
P 2.193931 2.193931 -2.193931
R 0.000000 0.000000 -4.387862
L -2.193931 -2.193931 -2.193931
R -4.387862 0.000000 0.000000
F -2.193931 2.193931 -2.193931
Y 0.000000 4.387862 -4.387862


-32.712284	772430
7

A 0.000000 0.000000 0.000000
P 2.193931 2.193931 -2.193931
R 0.000000 0.000000 -4.387862
L -2.193931 -2.193931 -2.193931
R -4.387862 0.000000 -4.387862
F -2.193931 2.193931 -2.193931
Y 0.000000 4.387862 0.000000


-32.712284	771430
7

A 0.000000 0.000000 0.000000
P 2.193931 2.193931 -2.193931
R 0.000000 0.000000 -4.387862
L -2.193931 -2.193931 -2.193931
R 0.000000 -4.387862 -4.387862
F 2.193931 -2.193931 -2.193931
Y 4.387862 0.000000 0.000000


-32.695778	147410
7

A 0.000000 0.000000 0.000000
P 2.193931 2.193931 -2.193931
R 4.387862 0.000000 -4.387862
L 2.193931 -2.193931 -2.193931
R 4.387862 0.000000 0.000000
F 2.193931 -2.193931 2.193931
Y 4.387862 -4.387862 0.000000


-32.695778	142410
7

A 0.000000 0.000000 0.000000
P 2.193931 2.193931 -2.193931
R 4.387862 0.000000 -4.387862
L 2.193931 -2.193931 -2.193931
R 0.000000 0.000000 -4.387862
F -2.193931 -2.193931 -2.193931
Y 0.000000 -4.387862 -4.387862


