-20.790000	1210212130120102101	100110000110011011001001001000010
20					

D 0.000000 0.000000 0.000000
A 2.193931 2.193931 -2.193931
Y 4.387862 0.000000 -4.387862
A 6.581793 2.193931 -6.581793
Q 8.775724 4.387862 -4.387862
W 6.581793 6.581793 -2.193931
L 4.387862 4.387862 -0.000000
K 2.193931 6.581793 2.193931
D 4.387862 8.775724 4.387862
G 6.581793 10.969655 2.193931
G 8.775724 8.775724 -0.000000
P 10.969655 6.581793 2.193931
S 8.775724 4.387862 4.387862
S 6.581793 2.193931 2.193931
G 4.387862 0.000000 4.387862
R 2.193931 -2.193931 2.193931
P 4.387862 -4.387862 -0.000000
P 6.581793 -2.193931 -2.193931
P 8.775724 0.000000 -0.000000
S 10.969655 2.193931 -2.193931


-20.790000	1310313120130103101	101110001110111001001011001000110
20

D 0.000000 0.000000 0.000000
A 2.193931 2.193931 -2.193931
Y 4.387862 0.000000 -4.387862
A 6.581793 2.193931 -6.581793
Q 4.387862 4.387862 -8.775724
W 2.193931 6.581793 -6.581793
L 0.000000 4.387862 -4.387862
K -2.193931 6.581793 -2.193931
D -4.387862 8.775724 -4.387862
G -2.193931 10.969655 -6.581793
G 0.000000 8.775724 -8.775724
P -2.193931 6.581793 -10.969655
S -4.387862 4.387862 -8.775724
S -2.193931 2.193931 -6.581793
G -4.387862 0.000000 -4.387862
R -2.193931 -2.193931 -2.193931
P 0.000000 -4.387862 -4.387862
P 2.193931 -2.193931 -6.581793
P 0.000000 0.000000 -8.775724
S 2.193931 2.193931 -10.969655


-20.130000	1312010123103132101	101110010010001001111000111011010
20

D 0.000000 0.000000 0.000000
A 2.193931 2.193931 -2.193931
Y 4.387862 0.000000 -4.387862
A 6.581793 2.193931 -6.581793
Q 8.775724 4.387862 -4.387862
W 10.969655 2.193931 -2.193931
L 8.775724 0.000000 -0.000000
K 10.969655 -2.193931 2.193931
D 13.163586 -4.387862 -0.000000
G 15.357517 -2.193931 -2.193931
G 13.163586 0.000000 -4.387862
P 10.969655 -2.193931 -6.581793
S 8.775724 -4.387862 -4.387862
S 6.581793 -2.193931 -2.193931
G 4.387862 -4.387862 -0.000000
R 2.193931 -2.193931 2.193931
P 4.387862 0.000000 4.387862
P 6.581793 2.193931 2.193931
P 4.387862 4.387862 -0.000000
S 6.581793 6.581793 -2.193931


-20.130000	1213010132102123101	100110110010001011011000011001110
20

D 0.000000 0.000000 0.000000
A 2.193931 2.193931 -2.193931
Y 4.387862 0.000000 -4.387862
A 6.581793 2.193931 -6.581793
Q 4.387862 4.387862 -8.775724
W 2.193931 2.193931 -10.969655
L 0.000000 0.000000 -8.775724
K -2.193931 -2.193931 -10.969655
D 0.000000 -4.387862 -13.163586
G 2.193931 -2.193931 -15.357517
G 4.387862 0.000000 -13.163586
P 6.581793 -2.193931 -10.969655
S 4.387862 -4.387862 -8.775724
S 2.193931 -2.193931 -6.581793
G 0.000000 -4.387862 -4.387862
R -2.193931 -2.193931 -2.193931
P -4.387862 0.000000 -4.387862
P -2.193931 2.193931 -6.581793
P 0.000000 4.387862 -4.387862
S 2.193931 6.581793 -6.581793


-20.050000	1201212030120102101	100100100110010011001001001000010
20

D 0.000000 0.000000 0.000000
A 2.193931 2.193931 -2.193931
Y 4.387862 0.000000 -4.387862
A 6.581793 2.193931 -6.581793
Q 8.775724 4.387862 -4.387862
W 6.581793 6.581793 -2.193931
L 4.387862 4.387862 -0.000000
K 2.193931 6.581793 2.193931
D 4.387862 8.775724 4.387862
G 6.581793 10.969655 2.193931
G 8.775724 8.775724 -0.000000
P 10.969655 6.581793 2.193931
S 13.163586 4.387862 -0.000000
S 10.969655 2.193931 -2.193931
G 8.775724 0.000000 -0.000000
R 6.581793 -2.193931 -2.193931
P 4.387862 -4.387862 -0.000000
P 2.193931 -2.193931 2.193931
P 4.387862 0.000000 4.387862
S 6.581793 2.193931 2.193931


-20.050000	1301313020130103101	101100101110110001001011001000110
20

D 0.000000 0.000000 0.000000
A 2.193931 2.193931 -2.193931
Y 4.387862 0.000000 -4.387862
A 6.581793 2.193931 -6.581793
Q 4.387862 4.387862 -8.775724
W 2.193931 6.581793 -6.581793
L 0.000000 4.387862 -4.387862
K -2.193931 6.581793 -2.193931
D -4.387862 8.775724 -4.387862
G -2.193931 10.969655 -6.581793
G 0.000000 8.775724 -8.775724
P -2.193931 6.581793 -10.969655
S 0.000000 4.387862 -13.163586
S 2.193931 2.193931 -10.969655
G 0.000000 0.000000 -8.775724
R 2.193931 -2.193931 -6.581793
P 0.000000 -4.387862 -4.387862
P -2.193931 -2.193931 -2.193931
P -4.387862 0.000000 -4.387862
S -2.193931 2.193931 -6.581793


-19.880000	3102031310312103101	111000010011101110001110011000110
20

D 0.000000 0.000000 0.000000
A 2.193931 2.193931 -2.193931
Y 4.387862 0.000000 -4.387862
A 6.581793 2.193931 -6.581793
Q 4.387862 4.387862 -8.775724
W 2.193931 6.581793 -6.581793
L 0.000000 4.387862 -4.387862
K -2.193931 2.193931 -6.581793
D -4.387862 0.000000 -4.387862
G -2.193931 -2.193931 -2.193931
G 0.000000 -4.387862 -4.387862
P 2.193931 -2.193931 -6.581793
S 0.000000 0.000000 -8.775724
S 2.193931 2.193931 -10.969655
G 0.000000 4.387862 -13.163586
R -2.193931 6.581793 -10.969655
P 0.000000 8.775724 -8.775724
P -2.193931 10.969655 -6.581793
P -4.387862 8.775724 -4.387862
S -2.193931 6.581793 -2.193931


-19.880000	2103021210213102101	011000110001100110000110111000010
20

D 0.000000 0.000000 0.000000
A 2.193931 2.193931 -2.193931
Y 4.387862 0.000000 -4.387862
A 6.581793 2.193931 -6.581793
Q 8.775724 4.387862 -4.387862
W 6.581793 6.581793 -2.193931
L 4.387862 4.387862 -0.000000
K 6.581793 2.193931 2.193931
D 4.387862 0.000000 4.387862
G 2.193931 -2.193931 2.193931
G 4.387862 -4.387862 -0.000000
P 6.581793 -2.193931 -2.193931
S 8.775724 0.000000 -0.000000
S 10.969655 2.193931 -2.193931
G 13.163586 4.387862 -0.000000
R 10.969655 6.581793 2.193931
P 8.775724 8.775724 -0.000000
P 6.581793 10.969655 2.193931
P 4.387862 8.775724 4.387862
S 2.193931 6.581793 2.193931


-19.830000	0130123102132103101	001011001001111000011011011000110
20

D 0.000000 0.000000 0.000000
A 2.193931 2.193931 -2.193931
Y 4.387862 0.000000 -4.387862
A 6.581793 2.193931 -6.581793
Q 4.387862 4.387862 -8.775724
W 2.193931 6.581793 -6.581793
L 0.000000 4.387862 -4.387862
K -2.193931 2.193931 -6.581793
D -4.387862 4.387862 -8.775724
G -2.193931 6.581793 -10.969655
G 0.000000 8.775724 -8.775724
P -2.193931 10.969655 -6.581793
S -4.387862 8.775724 -4.387862
S -2.193931 6.581793 -2.193931
G 0.000000 8.775724 -0.000000
R 2.193931 10.969655 -2.193931
P 4.387862 8.775724 -4.387862
P 6.581793 6.581793 -2.193931
P 4.387862 4.387862 -0.000000
S 2.193931 6.581793 2.193931


-19.830000	0120132103123102101	001001001011011000111001111000010
20

D 0.000000 0.000000 0.000000
A 2.193931 2.193931 -2.193931
Y 4.387862 0.000000 -4.387862
A 6.581793 2.193931 -6.581793
Q 8.775724 4.387862 -4.387862
W 6.581793 6.581793 -2.193931
L 4.387862 4.387862 -0.000000
K 6.581793 2.193931 2.193931
D 8.775724 4.387862 4.387862
G 10.969655 6.581793 2.193931
G 8.775724 8.775724 -0.000000
P 6.581793 10.969655 2.193931
S 4.387862 8.775724 4.387862
S 2.193931 6.581793 2.193931
G 0.000000 8.775724 -0.000000
R 2.193931 10.969655 -2.193931
P 4.387862 8.775724 -4.387862
P 2.193931 6.581793 -6.581793
P 0.000000 4.387862 -4.387862
S -2.193931 6.581793 -2.193931


-19.830000	0310323102132103101	001110001101111000011011011000110
20

D 0.000000 0.000000 0.000000
A 2.193931 2.193931 -2.193931
Y 4.387862 0.000000 -4.387862
A 6.581793 2.193931 -6.581793
Q 4.387862 4.387862 -8.775724
W 2.193931 6.581793 -6.581793
L 0.000000 4.387862 -4.387862
K -2.193931 2.193931 -6.581793
D -4.387862 4.387862 -8.775724
G -2.193931 6.581793 -10.969655
G 0.000000 8.775724 -8.775724
P -2.193931 10.969655 -6.581793
S -4.387862 8.775724 -4.387862
S -2.193931 6.581793 -2.193931
G 0.000000 8.775724 -0.000000
R 2.193931 6.581793 2.193931
P 4.387862 4.387862 -0.000000
P 6.581793 6.581793 -2.193931
P 4.387862 8.775724 -4.387862
S 2.193931 10.969655 -2.193931


-19.830000	0210232103123102101	000110000111011000111001111000010
20

D 0.000000 0.000000 0.000000
A 2.193931 2.193931 -2.193931
Y 4.387862 0.000000 -4.387862
A 6.581793 2.193931 -6.581793
Q 8.775724 4.387862 -4.387862
W 6.581793 6.581793 -2.193931
L 4.387862 4.387862 -0.000000
K 6.581793 2.193931 2.193931
D 8.775724 4.387862 4.387862
G 10.969655 6.581793 2.193931
G 8.775724 8.775724 -0.000000
P 6.581793 10.969655 2.193931
S 4.387862 8.775724 4.387862
S 2.193931 6.581793 2.193931
G 0.000000 8.775724 -0.000000
R -2.193931 6.581793 -2.193931
P 0.000000 4.387862 -4.387862
P 2.193931 6.581793 -6.581793
P 4.387862 8.775724 -4.387862
S 2.193931 10.969655 -2.193931


-19.780000	1021012030120102101	100001100010010011001001001000010
20

D 0.000000 0.000000 0.000000
A 2.193931 2.193931 -2.193931
Y 4.387862 0.000000 -4.387862
A 6.581793 2.193931 -6.581793
Q 8.775724 4.387862 -4.387862
W 6.581793 6.581793 -2.193931
L 4.387862 4.387862 -0.000000
K 2.193931 6.581793 2.193931
D 4.387862 8.775724 4.387862
G 6.581793 10.969655 2.193931
G 8.775724 8.775724 -0.000000
P 10.969655 6.581793 2.193931
S 13.163586 4.387862 -0.000000
S 10.969655 2.193931 -2.193931
G 8.775724 0.000000 -0.000000
R 6.581793 2.193931 2.193931
P 4.387862 0.000000 4.387862
P 2.193931 -2.193931 2.193931
P 4.387862 -4.387862 -0.000000
S 6.581793 -2.193931 -2.193931


-19.780000	1031013020130103101	100011100010110001001011001000110
20

D 0.000000 0.000000 0.000000
A 2.193931 2.193931 -2.193931
Y 4.387862 0.000000 -4.387862
A 6.581793 2.193931 -6.581793
Q 4.387862 4.387862 -8.775724
W 2.193931 6.581793 -6.581793
L 0.000000 4.387862 -4.387862
K -2.193931 6.581793 -2.193931
D -4.387862 8.775724 -4.387862
G -2.193931 10.969655 -6.581793
G 0.000000 8.775724 -8.775724
P -2.193931 6.581793 -10.969655
S 0.000000 4.387862 -13.163586
S 2.193931 2.193931 -10.969655
G 0.000000 0.000000 -8.775724
R -2.193931 2.193931 -6.581793
P -4.387862 0.000000 -4.387862
P -2.193931 -2.193931 -2.193931
P 0.000000 -4.387862 -4.387862
S 2.193931 -2.193931 -6.581793


-19.630000	1320203121021302301	101101000100111001100001101100011
20

D 0.000000 0.000000 0.000000
A 2.193931 2.193931 -2.193931
Y 4.387862 0.000000 -4.387862
A 6.581793 -2.193931 -2.193931
Q 8.775724 0.000000 0.000000
W 6.581793 2.193931 2.193931
L 4.387862 4.387862 0.000000
K 6.581793 6.581793 -2.193931
D 8.775724 8.775724 0.000000
G 6.581793 10.969655 2.193931
G 4.387862 8.775724 4.387862
P 2.193931 6.581793 2.193931
S 0.000000 4.387862 4.387862
S 2.193931 2.193931 6.581793
G 4.387862 0.000000 4.387862
R 2.193931 -2.193931 2.193931
P 4.387862 -4.387862 0.000000
P 2.193931 -6.581793 -2.193931
P 0.000000 -4.387862 -4.387862
S 2.193931 -2.193931 -6.581793


-19.630000	1320203131031302301	101101000100111011100011101100011
20

D 0.000000 0.000000 0.000000
A 2.193931 2.193931 -2.193931
Y 4.387862 0.000000 -4.387862
A 6.581793 -2.193931 -2.193931
Q 8.775724 0.000000 0.000000
W 6.581793 2.193931 2.193931
L 4.387862 4.387862 0.000000
K 6.581793 6.581793 -2.193931
D 4.387862 8.775724 -4.387862
G 2.193931 10.969655 -2.193931
G 0.000000 8.775724 0.000000
P 2.193931 6.581793 2.193931
S 0.000000 4.387862 4.387862
S 2.193931 2.193931 6.581793
G 4.387862 0.000000 4.387862
R 2.193931 -2.193931 2.193931
P 4.387862 -4.387862 0.000000
P 2.193931 -6.581793 -2.193931
P 0.000000 -4.387862 -4.387862
S 2.193931 -2.193931 -6.581793


-19.610000	1210212012310102101	100110000110010010011110001000010
20

D 0.000000 0.000000 0.000000
A 2.193931 2.193931 -2.193931
Y 4.387862 0.000000 -4.387862
A 6.581793 2.193931 -6.581793
Q 8.775724 4.387862 -4.387862
W 6.581793 6.581793 -2.193931
L 4.387862 4.387862 -0.000000
K 2.193931 6.581793 2.193931
D 0.000000 4.387862 4.387862
G 2.193931 2.193931 6.581793
G 4.387862 4.387862 8.775724
P 6.581793 6.581793 6.581793
S 8.775724 4.387862 4.387862
S 6.581793 2.193931 2.193931
G 4.387862 0.000000 4.387862
R 2.193931 -2.193931 2.193931
P 4.387862 -4.387862 -0.000000
P 6.581793 -2.193931 -2.193931
P 8.775724 0.000000 -0.000000
S 10.969655 2.193931 -2.193931


-19.610000	1310313013210103101	101110001110110010110110001000110
20

D 0.000000 0.000000 0.000000
A 2.193931 2.193931 -2.193931
Y 4.387862 0.000000 -4.387862
A 6.581793 2.193931 -6.581793
Q 4.387862 4.387862 -8.775724
W 2.193931 6.581793 -6.581793
L 0.000000 4.387862 -4.387862
K -2.193931 6.581793 -2.193931
D -4.387862 4.387862 -0.000000
G -6.581793 2.193931 -2.193931
G -8.775724 4.387862 -4.387862
P -6.581793 6.581793 -6.581793
S -4.387862 4.387862 -8.775724
S -2.193931 2.193931 -6.581793
G -4.387862 0.000000 -4.387862
R -2.193931 -2.193931 -2.193931
P 0.000000 -4.387862 -4.387862
P 2.193931 -2.193931 -6.581793
P 0.000000 0.000000 -8.775724
S 2.193931 2.193931 -10.969655


-19.590000	2103101232012103101	011000111000100111010010011000110
20

D 0.000000 0.000000 0.000000
A 2.193931 2.193931 -2.193931
Y 4.387862 0.000000 -4.387862
A 6.581793 2.193931 -6.581793
Q 4.387862 4.387862 -8.775724
W 2.193931 6.581793 -6.581793
L 0.000000 4.387862 -4.387862
K -2.193931 2.193931 -6.581793
D -4.387862 0.000000 -4.387862
G -6.581793 2.193931 -2.193931
G -4.387862 4.387862 -0.000000
P -2.193931 2.193931 2.193931
S 0.000000 4.387862 4.387862
S 2.193931 6.581793 2.193931
G 4.387862 4.387862 -0.000000
R 6.581793 6.581793 -2.193931
P 4.387862 8.775724 -4.387862
P 2.193931 10.969655 -2.193931
P 0.000000 8.775724 -0.000000
S -2.193931 6.581793 -2.193931


-19.590000	3102101323013102101	111000011000101101110010111000010
20

D 0.000000 0.000000 0.000000
A 2.193931 2.193931 -2.193931
Y 4.387862 0.000000 -4.387862
A 6.581793 2.193931 -6.581793
Q 8.775724 4.387862 -4.387862
W 6.581793 6.581793 -2.193931
L 4.387862 4.387862 -0.000000
K 6.581793 2.193931 2.193931
D 4.387862 0.000000 4.387862
G 2.193931 2.193931 6.581793
G 0.000000 4.387862 4.387862
P -2.193931 2.193931 2.193931
S -4.387862 4.387862 -0.000000
S -2.193931 6.581793 -2.193931
G 0.000000 4.387862 -4.387862
R 2.193931 6.581793 -6.581793
P 4.387862 8.775724 -4.387862
P 2.193931 10.969655 -2.193931
P 0.000000 8.775724 -0.000000
S 2.193931 6.581793 2.193931


-19.580000	3101201313013102101	111000100100101110110010111000010
20

D 0.000000 0.000000 0.000000
A 2.193931 2.193931 -2.193931
Y 4.387862 0.000000 -4.387862
A 6.581793 2.193931 -6.581793
Q 8.775724 4.387862 -4.387862
W 6.581793 6.581793 -2.193931
L 4.387862 4.387862 -0.000000
K 6.581793 2.193931 2.193931
D 4.387862 0.000000 4.387862
G 2.193931 2.193931 6.581793
G 0.000000 4.387862 4.387862
P 2.193931 6.581793 2.193931
S 0.000000 8.775724 -0.000000
S 2.193931 10.969655 -2.193931
G 4.387862 8.775724 -4.387862
R 2.193931 6.581793 -6.581793
P 0.000000 4.387862 -4.387862
P -2.193931 6.581793 -2.193931
P -4.387862 4.387862 -0.000000
S -2.193931 2.193931 2.193931


-19.580000	2101301212012103101	011000101100100110010010011000110
20

D 0.000000 0.000000 0.000000
A 2.193931 2.193931 -2.193931
Y 4.387862 0.000000 -4.387862
A 6.581793 2.193931 -6.581793
Q 4.387862 4.387862 -8.775724
W 2.193931 6.581793 -6.581793
L 0.000000 4.387862 -4.387862
K -2.193931 2.193931 -6.581793
D -4.387862 0.000000 -4.387862
G -6.581793 2.193931 -2.193931
G -4.387862 4.387862 -0.000000
P -2.193931 6.581793 -2.193931
S 0.000000 8.775724 -0.000000
S 2.193931 10.969655 -2.193931
G 4.387862 8.775724 -4.387862
R 6.581793 6.581793 -2.193931
P 4.387862 4.387862 -0.000000
P 2.193931 6.581793 2.193931
P 0.000000 4.387862 4.387862
S -2.193931 2.193931 2.193931


-19.540000	2130321312012132101	011011001101101110010010011011010
20

D 0.000000 0.000000 0.000000
A 2.193931 2.193931 -2.193931
Y 4.387862 0.000000 -4.387862
A 6.581793 2.193931 -6.581793
Q 8.775724 4.387862 -4.387862
W 10.969655 2.193931 -2.193931
L 8.775724 0.000000 -0.000000
K 6.581793 -2.193931 -2.193931
D 4.387862 -4.387862 -0.000000
G 2.193931 -2.193931 2.193931
G 4.387862 0.000000 4.387862
P 6.581793 2.193931 2.193931
S 4.387862 4.387862 -0.000000
S 6.581793 6.581793 -2.193931
G 8.775724 8.775724 -0.000000
R 10.969655 6.581793 2.193931
P 13.163586 4.387862 -0.000000
P 15.357517 2.193931 2.193931
P 13.163586 0.000000 4.387862
S 10.969655 -2.193931 2.193931


-19.540000	3120231213013123101	111001000111100110110010111001110
20

D 0.000000 0.000000 0.000000
A 2.193931 2.193931 -2.193931
Y 4.387862 0.000000 -4.387862
A 6.581793 2.193931 -6.581793
Q 4.387862 4.387862 -8.775724
W 2.193931 2.193931 -10.969655
L 0.000000 0.000000 -8.775724
K 2.193931 -2.193931 -6.581793
D 0.000000 -4.387862 -4.387862
G -2.193931 -2.193931 -2.193931
G -4.387862 0.000000 -4.387862
P -2.193931 2.193931 -6.581793
S 0.000000 4.387862 -4.387862
S 2.193931 6.581793 -6.581793
G 0.000000 8.775724 -8.775724
R -2.193931 6.581793 -10.969655
P 0.000000 4.387862 -13.163586
P -2.193931 2.193931 -15.357517
P -4.387862 0.000000 -13.163586
S -2.193931 -2.193931 -10.969655


-19.490000	2130320210230102101	011011001101000110000111001000010
20

D 0.000000 0.000000 0.000000
A 2.193931 2.193931 -2.193931
Y 4.387862 0.000000 -4.387862
A 6.581793 2.193931 -6.581793
Q 8.775724 4.387862 -4.387862
W 6.581793 6.581793 -2.193931
L 4.387862 4.387862 -0.000000
K 2.193931 6.581793 2.193931
D 0.000000 8.775724 -0.000000
G -2.193931 6.581793 -2.193931
G 0.000000 4.387862 -4.387862
P 2.193931 6.581793 -6.581793
S 4.387862 8.775724 -4.387862
S 2.193931 10.969655 -2.193931
G 4.387862 13.163586 -0.000000
R 6.581793 10.969655 2.193931
P 8.775724 8.775724 -0.000000
P 10.969655 6.581793 2.193931
P 8.775724 4.387862 4.387862
S 6.581793 2.193931 2.193931


-19.490000	3120230310320103101	111001000111001110001101001000110
20

D 0.000000 0.000000 0.000000
A 2.193931 2.193931 -2.193931
Y 4.387862 0.000000 -4.387862
A 6.581793 2.193931 -6.581793
Q 4.387862 4.387862 -8.775724
W 2.193931 6.581793 -6.581793
L 0.000000 4.387862 -4.387862
K -2.193931 6.581793 -2.193931
D 0.000000 8.775724 -0.000000
G 2.193931 6.581793 2.193931
G 4.387862 4.387862 -0.000000
P 6.581793 6.581793 -2.193931
S 4.387862 8.775724 -4.387862
S 2.193931 10.969655 -2.193931
G 0.000000 13.163586 -4.387862
R -2.193931 10.969655 -6.581793
P 0.000000 8.775724 -8.775724
P -2.193931 6.581793 -10.969655
P -4.387862 4.387862 -8.775724
S -2.193931 2.193931 -6.581793


-19.450000	0312301320310321301	001110011100101101001110001101101
20

D 0.000000 0.000000 0.000000
A 2.193931 2.193931 -2.193931
Y 4.387862 0.000000 -4.387862
A 6.581793 -2.193931 -2.193931
Q 4.387862 -4.387862 0.000000
W 2.193931 -6.581793 -2.193931
L 0.000000 -4.387862 -4.387862
K -2.193931 -2.193931 -2.193931
D -4.387862 -4.387862 0.000000
G -2.193931 -6.581793 2.193931
G 0.000000 -8.775724 0.000000
P -2.193931 -10.969655 -2.193931
S -4.387862 -8.775724 -4.387862
S -2.193931 -6.581793 -6.581793
G 0.000000 -8.775724 -8.775724
R 2.193931 -10.969655 -6.581793
P 4.387862 -8.775724 -4.387862
P 6.581793 -6.581793 -6.581793
P 4.387862 -4.387862 -8.775724
S 2.193931 -2.193931 -6.581793


-19.390000	1231210303103201301	100111100110001100111000110100101
20

D 0.000000 0.000000 0.000000
A 2.193931 2.193931 -2.193931
Y 4.387862 0.000000 -4.387862
A 6.581793 -2.193931 -2.193931
Q 4.387862 -4.387862 0.000000
W 2.193931 -2.193931 2.193931
L 4.387862 0.000000 4.387862
K 6.581793 -2.193931 6.581793
D 8.775724 -4.387862 4.387862
G 10.969655 -2.193931 2.193931
G 8.775724 0.000000 0.000000
P 6.581793 2.193931 2.193931
S 4.387862 4.387862 0.000000
S 2.193931 6.581793 2.193931
G 0.000000 4.387862 4.387862
R -2.193931 2.193931 2.193931
P -4.387862 0.000000 4.387862
P -2.193931 -2.193931 6.581793
P 0.000000 0.000000 8.775724
S 2.193931 2.193931 6.581793


-19.350000	0310301321310103101	001110001100101101101110001000110
20

D 0.000000 0.000000 0.000000
A 2.193931 2.193931 -2.193931
Y 4.387862 0.000000 -4.387862
A 6.581793 2.193931 -6.581793
Q 4.387862 4.387862 -8.775724
W 2.193931 6.581793 -6.581793
L 0.000000 4.387862 -4.387862
K -2.193931 6.581793 -2.193931
D -4.387862 4.387862 -0.000000
G -2.193931 2.193931 2.193931
G -4.387862 0.000000 4.387862
P -6.581793 -2.193931 2.193931
S -8.775724 0.000000 -0.000000
S -6.581793 2.193931 -2.193931
G -4.387862 0.000000 -4.387862
R -2.193931 -2.193931 -2.193931
P 0.000000 -4.387862 -4.387862
P 2.193931 -2.193931 -6.581793
P 0.000000 0.000000 -8.775724
S -2.193931 2.193931 -6.581793


-19.350000	0210201231210102101	000110000100100111100110001000010
20

D 0.000000 0.000000 0.000000
A 2.193931 2.193931 -2.193931
Y 4.387862 0.000000 -4.387862
A 6.581793 2.193931 -6.581793
Q 8.775724 4.387862 -4.387862
W 6.581793 6.581793 -2.193931
L 4.387862 4.387862 -0.000000
K 2.193931 6.581793 2.193931
D 0.000000 4.387862 4.387862
G -2.193931 2.193931 2.193931
G -4.387862 0.000000 4.387862
P -2.193931 -2.193931 6.581793
S 0.000000 0.000000 8.775724
S 2.193931 2.193931 6.581793
G 4.387862 0.000000 4.387862
R 2.193931 -2.193931 2.193931
P 4.387862 -4.387862 -0.000000
P 6.581793 -2.193931 -2.193931
P 8.775724 0.000000 -0.000000
S 6.581793 2.193931 2.193931


-19.350000	2020210230120102101	010001000110000111001001001000010
20

D 0.000000 0.000000 0.000000
A 2.193931 2.193931 -2.193931
Y 4.387862 0.000000 -4.387862
A 6.581793 2.193931 -6.581793
Q 8.775724 4.387862 -4.387862
W 6.581793 6.581793 -2.193931
L 4.387862 4.387862 -0.000000
K 2.193931 6.581793 2.193931
D 4.387862 8.775724 4.387862
G 6.581793 10.969655 2.193931
G 8.775724 8.775724 -0.000000
P 10.969655 6.581793 2.193931
S 13.163586 8.775724 4.387862
S 10.969655 10.969655 6.581793
G 8.775724 8.775724 8.775724
R 6.581793 6.581793 6.581793
P 8.775724 4.387862 4.387862
P 6.581793 2.193931 2.193931
P 8.775724 0.000000 -0.000000
S 6.581793 -2.193931 -2.193931


-19.350000	3030310320130103101	110011001110001101001011001000110
20

D 0.000000 0.000000 0.000000
A 2.193931 2.193931 -2.193931
Y 4.387862 0.000000 -4.387862
A 6.581793 2.193931 -6.581793
Q 4.387862 4.387862 -8.775724
W 2.193931 6.581793 -6.581793
L 0.000000 4.387862 -4.387862
K -2.193931 6.581793 -2.193931
D -4.387862 8.775724 -4.387862
G -2.193931 10.969655 -6.581793
G 0.000000 8.775724 -8.775724
P -2.193931 6.581793 -10.969655
S -4.387862 8.775724 -13.163586
S -6.581793 10.969655 -10.969655
G -8.775724 8.775724 -8.775724
R -6.581793 6.581793 -6.581793
P -4.387862 4.387862 -8.775724
P -2.193931 2.193931 -6.581793
P 0.000000 0.000000 -8.775724
S 2.193931 -2.193931 -6.581793


-19.350000	2020230210320302301	010001000111000110001101001100011
20

D 0.000000 0.000000 0.000000
A 2.193931 2.193931 -2.193931
Y 4.387862 0.000000 -4.387862
A 6.581793 -2.193931 -2.193931
Q 8.775724 0.000000 0.000000
W 6.581793 2.193931 2.193931
L 4.387862 4.387862 0.000000
K 2.193931 6.581793 2.193931
D 4.387862 8.775724 4.387862
G 6.581793 6.581793 6.581793
G 8.775724 4.387862 4.387862
P 10.969655 6.581793 2.193931
S 13.163586 8.775724 4.387862
S 10.969655 10.969655 6.581793
G 8.775724 13.163586 4.387862
R 6.581793 10.969655 2.193931
P 8.775724 8.775724 0.000000
P 6.581793 6.581793 -2.193931
P 8.775724 4.387862 -4.387862
S 6.581793 2.193931 -6.581793


-19.340000	3020312301321302301	110001001110011100101101101100011
20

D 0.000000 0.000000 0.000000
A 2.193931 2.193931 -2.193931
Y 4.387862 0.000000 -4.387862
A 6.581793 -2.193931 -2.193931
Q 8.775724 0.000000 0.000000
W 6.581793 2.193931 2.193931
L 4.387862 4.387862 0.000000
K 6.581793 6.581793 -2.193931
D 8.775724 8.775724 0.000000
G 10.969655 6.581793 2.193931
G 8.775724 4.387862 4.387862
P 6.581793 6.581793 6.581793
S 4.387862 8.775724 4.387862
S 2.193931 6.581793 2.193931
G 0.000000 4.387862 4.387862
R 2.193931 2.193931 6.581793
P 4.387862 0.000000 4.387862
P 2.193931 -2.193931 2.193931
P 4.387862 -4.387862 0.000000
S 6.581793 -6.581793 2.193931


-19.340000	2020312301321302301	010001001110011100101101101100011
20

D 0.000000 0.000000 0.000000
A 2.193931 2.193931 -2.193931
Y 4.387862 0.000000 -4.387862
A 6.581793 -2.193931 -2.193931
Q 8.775724 0.000000 0.000000
W 6.581793 2.193931 2.193931
L 4.387862 4.387862 0.000000
K 6.581793 6.581793 -2.193931
D 8.775724 8.775724 0.000000
G 10.969655 6.581793 2.193931
G 8.775724 4.387862 4.387862
P 6.581793 6.581793 6.581793
S 4.387862 8.775724 4.387862
S 2.193931 6.581793 2.193931
G 0.000000 4.387862 4.387862
R 2.193931 2.193931 6.581793
P 4.387862 0.000000 4.387862
P 2.193931 -2.193931 2.193931
P 4.387862 -4.387862 0.000000
S 2.193931 -6.581793 -2.193931


-19.320000	2031320103201302301	010011101101001000110100101100011
20

D 0.000000 0.000000 0.000000
A 2.193931 2.193931 -2.193931
Y 4.387862 0.000000 -4.387862
A 6.581793 -2.193931 -2.193931
Q 8.775724 0.000000 0.000000
W 6.581793 2.193931 2.193931
L 4.387862 4.387862 0.000000
K 6.581793 6.581793 -2.193931
D 8.775724 4.387862 -4.387862
G 6.581793 2.193931 -6.581793
G 4.387862 4.387862 -8.775724
P 2.193931 6.581793 -6.581793
S 0.000000 4.387862 -4.387862
S -2.193931 6.581793 -2.193931
G 0.000000 8.775724 -0.000000
R 2.193931 6.581793 2.193931
P 0.000000 4.387862 4.387862
P 2.193931 2.193931 6.581793
P 4.387862 0.000000 4.387862
S 2.193931 -2.193931 2.193931


-19.300000	0121201210310102101	001001100100100110001110001000010
20

D 0.000000 0.000000 0.000000
A 2.193931 2.193931 -2.193931
Y 4.387862 0.000000 -4.387862
A 6.581793 2.193931 -6.581793
Q 8.775724 4.387862 -4.387862
W 6.581793 6.581793 -2.193931
L 4.387862 4.387862 -0.000000
K 2.193931 6.581793 2.193931
D 0.000000 4.387862 4.387862
G 2.193931 2.193931 6.581793
G 4.387862 0.000000 4.387862
P 6.581793 2.193931 2.193931
S 8.775724 4.387862 4.387862
S 10.969655 6.581793 2.193931
G 13.163586 4.387862 -0.000000
R 10.969655 2.193931 -2.193931
P 8.775724 0.000000 -0.000000
P 6.581793 -2.193931 -2.193931
P 4.387862 -4.387862 -0.000000
S 2.193931 -2.193931 2.193931


-19.300000	2310313120130103101	011110001110111001001011001000110
20

D 0.000000 0.000000 0.000000
A 2.193931 2.193931 -2.193931
Y 4.387862 0.000000 -4.387862
A 6.581793 2.193931 -6.581793
Q 4.387862 4.387862 -8.775724
W 2.193931 6.581793 -6.581793
L 0.000000 4.387862 -4.387862
K -2.193931 6.581793 -2.193931
D -4.387862 8.775724 -4.387862
G -2.193931 10.969655 -6.581793
G 0.000000 8.775724 -8.775724
P -2.193931 6.581793 -10.969655
S -4.387862 4.387862 -8.775724
S -2.193931 2.193931 -6.581793
G -4.387862 0.000000 -4.387862
R -2.193931 -2.193931 -2.193931
P 0.000000 -4.387862 -4.387862
P 2.193931 -2.193931 -6.581793
P 0.000000 0.000000 -8.775724
S -2.193931 -2.193931 -10.969655


-19.300000	3210212130120102101	110110000110011011001001001000010
20

D 0.000000 0.000000 0.000000
A 2.193931 2.193931 -2.193931
Y 4.387862 0.000000 -4.387862
A 6.581793 2.193931 -6.581793
Q 8.775724 4.387862 -4.387862
W 6.581793 6.581793 -2.193931
L 4.387862 4.387862 -0.000000
K 2.193931 6.581793 2.193931
D 4.387862 8.775724 4.387862
G 6.581793 10.969655 2.193931
G 8.775724 8.775724 -0.000000
P 10.969655 6.581793 2.193931
S 8.775724 4.387862 4.387862
S 6.581793 2.193931 2.193931
G 4.387862 0.000000 4.387862
R 2.193931 -2.193931 2.193931
P 4.387862 -4.387862 -0.000000
P 6.581793 -2.193931 -2.193931
P 8.775724 0.000000 -0.000000
S 10.969655 -2.193931 2.193931


-19.300000	0131301310210103101	001011101100101110000110001000110
20

D 0.000000 0.000000 0.000000
A 2.193931 2.193931 -2.193931
Y 4.387862 0.000000 -4.387862
A 6.581793 2.193931 -6.581793
Q 4.387862 4.387862 -8.775724
W 2.193931 6.581793 -6.581793
L 0.000000 4.387862 -4.387862
K -2.193931 6.581793 -2.193931
D -4.387862 4.387862 -0.000000
G -6.581793 2.193931 -2.193931
G -4.387862 0.000000 -4.387862
P -2.193931 2.193931 -6.581793
S -4.387862 4.387862 -8.775724
S -2.193931 6.581793 -10.969655
G 0.000000 4.387862 -13.163586
R 2.193931 2.193931 -10.969655
P 0.000000 0.000000 -8.775724
P 2.193931 -2.193931 -6.581793
P 0.000000 -4.387862 -4.387862
S -2.193931 -2.193931 -2.193931


-19.280000	1031213202132123101	100011100110110100011011011001110
20

D 0.000000 0.000000 0.000000
A 2.193931 2.193931 -2.193931
Y 4.387862 0.000000 -4.387862
A 6.581793 2.193931 -6.581793
Q 4.387862 4.387862 -8.775724
W 2.193931 2.193931 -10.969655
L 0.000000 0.000000 -8.775724
K -2.193931 -2.193931 -10.969655
D -4.387862 0.000000 -13.163586
G -2.193931 2.193931 -15.357517
G 0.000000 4.387862 -13.163586
P -2.193931 6.581793 -10.969655
S 0.000000 8.775724 -8.775724
S 2.193931 6.581793 -6.581793
G 0.000000 4.387862 -4.387862
R -2.193931 2.193931 -6.581793
P -4.387862 0.000000 -4.387862
P -2.193931 -2.193931 -2.193931
P 0.000000 -4.387862 -4.387862
S 2.193931 -2.193931 -6.581793


-19.280000	1021312303123132101	100001101110011100111001111011010
20

D 0.000000 0.000000 0.000000
A 2.193931 2.193931 -2.193931
Y 4.387862 0.000000 -4.387862
A 6.581793 2.193931 -6.581793
Q 8.775724 4.387862 -4.387862
W 10.969655 2.193931 -2.193931
L 8.775724 0.000000 -0.000000
K 10.969655 -2.193931 2.193931
D 13.163586 0.000000 4.387862
G 15.357517 2.193931 2.193931
G 13.163586 4.387862 -0.000000
P 10.969655 6.581793 2.193931
S 8.775724 8.775724 -0.000000
S 6.581793 6.581793 -2.193931
G 4.387862 4.387862 -0.000000
R 6.581793 2.193931 2.193931
P 4.387862 0.000000 4.387862
P 2.193931 -2.193931 2.193931
P 4.387862 -4.387862 -0.000000
S 6.581793 -2.193931 -2.193931


-19.270000	2301303202132103101	011100101100110100011011011000110
20

D 0.000000 0.000000 0.000000
A 2.193931 2.193931 -2.193931
Y 4.387862 0.000000 -4.387862
A 6.581793 2.193931 -6.581793
Q 4.387862 4.387862 -8.775724
W 2.193931 6.581793 -6.581793
L 0.000000 4.387862 -4.387862
K -2.193931 2.193931 -6.581793
D -4.387862 4.387862 -8.775724
G -2.193931 6.581793 -10.969655
G 0.000000 8.775724 -8.775724
P -2.193931 10.969655 -6.581793
S 0.000000 13.163586 -4.387862
S 2.193931 10.969655 -2.193931
G 4.387862 8.775724 -4.387862
R 6.581793 6.581793 -2.193931
P 4.387862 4.387862 -0.000000
P 2.193931 6.581793 2.193931
P 0.000000 8.775724 -0.000000
S -2.193931 6.581793 -2.193931


-19.270000	3201202303123102101	110100100100011100111001111000010
20

D 0.000000 0.000000 0.000000
A 2.193931 2.193931 -2.193931
Y 4.387862 0.000000 -4.387862
A 6.581793 2.193931 -6.581793
Q 8.775724 4.387862 -4.387862
W 6.581793 6.581793 -2.193931
L 4.387862 4.387862 -0.000000
K 6.581793 2.193931 2.193931
D 8.775724 4.387862 4.387862
G 10.969655 6.581793 2.193931
G 8.775724 8.775724 -0.000000
P 6.581793 10.969655 2.193931
S 4.387862 13.163586 -0.000000
S 2.193931 10.969655 -2.193931
G 4.387862 8.775724 -4.387862
R 2.193931 6.581793 -6.581793
P 0.000000 4.387862 -4.387862
P -2.193931 6.581793 -2.193931
P 0.000000 8.775724 -0.000000
S 2.193931 6.581793 2.193931


-19.230000	1231010312102121301	100111100010001110011000011001101
20

D 0.000000 0.000000 0.000000
A 2.193931 2.193931 -2.193931
Y 4.387862 0.000000 -4.387862
A 6.581793 -2.193931 -2.193931
Q 4.387862 -4.387862 0.000000
W 2.193931 -6.581793 -2.193931
L 0.000000 -8.775724 0.000000
K -2.193931 -10.969655 -2.193931
D 0.000000 -13.163586 -4.387862
G 2.193931 -10.969655 -6.581793
G 4.387862 -8.775724 -4.387862
P 6.581793 -6.581793 -6.581793
S 4.387862 -4.387862 -8.775724
S 2.193931 -2.193931 -6.581793
G 0.000000 -4.387862 -4.387862
R -2.193931 -2.193931 -2.193931
P -4.387862 -4.387862 -0.000000
P -2.193931 -6.581793 2.193931
P 0.000000 -4.387862 4.387862
S 2.193931 -2.193931 2.193931


-19.230000	1231010313103121301	100111100010001110111000111001101
20

D 0.000000 0.000000 0.000000
A 2.193931 2.193931 -2.193931
Y 4.387862 0.000000 -4.387862
A 6.581793 -2.193931 -2.193931
Q 4.387862 -4.387862 0.000000
W 2.193931 -6.581793 -2.193931
L 0.000000 -8.775724 0.000000
K 2.193931 -10.969655 2.193931
D 4.387862 -13.163586 0.000000
G 6.581793 -10.969655 -2.193931
G 4.387862 -8.775724 -4.387862
P 6.581793 -6.581793 -6.581793
S 4.387862 -4.387862 -8.775724
S 2.193931 -2.193931 -6.581793
G 0.000000 -4.387862 -4.387862
R -2.193931 -2.193931 -2.193931
P -4.387862 -4.387862 -0.000000
P -2.193931 -6.581793 2.193931
P 0.000000 -4.387862 4.387862
S 2.193931 -2.193931 2.193931


-19.220000	1302310321301321301	101100011110001101101100101101101
20

D 0.000000 0.000000 0.000000
A 2.193931 2.193931 -2.193931
Y 4.387862 0.000000 -4.387862
A 6.581793 -2.193931 -2.193931
Q 4.387862 -4.387862 0.000000
W 2.193931 -6.581793 -2.193931
L 0.000000 -4.387862 -4.387862
K 2.193931 -2.193931 -6.581793
D 4.387862 -4.387862 -8.775724
G 6.581793 -6.581793 -6.581793
G 4.387862 -8.775724 -4.387862
P 2.193931 -10.969655 -6.581793
S 0.000000 -8.775724 -8.775724
S -2.193931 -6.581793 -6.581793
G -4.387862 -8.775724 -4.387862
R -2.193931 -10.969655 -2.193931
P 0.000000 -8.775724 -0.000000
P -2.193931 -6.581793 2.193931
P -4.387862 -4.387862 -0.000000
S -2.193931 -2.193931 -2.193931


-19.200000	0212102120320102101	000110011000011001001101001000010
20

D 0.000000 0.000000 0.000000
A 2.193931 2.193931 -2.193931
Y 4.387862 0.000000 -4.387862
A 6.581793 2.193931 -6.581793
Q 8.775724 4.387862 -4.387862
W 6.581793 6.581793 -2.193931
L 4.387862 4.387862 -0.000000
K 2.193931 6.581793 2.193931
D 4.387862 8.775724 4.387862
G 6.581793 6.581793 6.581793
G 8.775724 4.387862 4.387862
P 6.581793 2.193931 2.193931
S 4.387862 0.000000 4.387862
S 2.193931 -2.193931 2.193931
G 4.387862 -4.387862 -0.000000
R 6.581793 -2.193931 -2.193931
P 8.775724 0.000000 -0.000000
P 10.969655 2.193931 -2.193931
P 13.163586 4.387862 -0.000000
S 10.969655 6.581793 2.193931


-19.200000	0313103130230103101	001110111000111011000111001000110
20

D 0.000000 0.000000 0.000000
A 2.193931 2.193931 -2.193931
Y 4.387862 0.000000 -4.387862
A 6.581793 2.193931 -6.581793
Q 4.387862 4.387862 -8.775724
W 2.193931 6.581793 -6.581793
L 0.000000 4.387862 -4.387862
K -2.193931 6.581793 -2.193931
D -4.387862 8.775724 -4.387862
G -6.581793 6.581793 -6.581793
G -4.387862 4.387862 -8.775724
P -2.193931 2.193931 -6.581793
S -4.387862 0.000000 -4.387862
S -2.193931 -2.193931 -2.193931
G 0.000000 -4.387862 -4.387862
R 2.193931 -2.193931 -6.581793
P 0.000000 0.000000 -8.775724
P 2.193931 2.193931 -10.969655
P 0.000000 4.387862 -13.163586
S -2.193931 6.581793 -10.969655


-19.160000	1201013010210103101	100100100010110010000110001000110
20

D 0.000000 0.000000 0.000000
A 2.193931 2.193931 -2.193931
Y 4.387862 0.000000 -4.387862
A 6.581793 2.193931 -6.581793
Q 4.387862 4.387862 -8.775724
W 2.193931 6.581793 -6.581793
L 0.000000 4.387862 -4.387862
K -2.193931 6.581793 -2.193931
D -4.387862 4.387862 -0.000000
G -6.581793 2.193931 -2.193931
G -4.387862 0.000000 -4.387862
P -2.193931 2.193931 -6.581793
S 0.000000 0.000000 -8.775724
S 2.193931 -2.193931 -6.581793
G 0.000000 -4.387862 -4.387862
R -2.193931 -2.193931 -2.193931
P -4.387862 -4.387862 -0.000000
P -6.581793 -2.193931 2.193931
P -4.387862 0.000000 4.387862
S -2.193931 2.193931 2.193931


