-87.207613	aa9456510
10

D 0.000000 0.000000 0.000000
L 2.687006 2.687006 0.000000
D 0.000000 5.374012 0.000000
A 2.687006 5.374012 -2.687006
L 0.000000 2.687006 -2.687006
L 2.687006 2.687006 -5.374012
A 5.374012 2.687006 -2.687006
D 5.374012 0.000000 0.000000
L 2.687006 0.000000 -2.687006
E 0.000000 0.000000 -5.374012


-87.207613	bb8546410
10

D 0.000000 0.000000 0.000000
L 2.687006 2.687006 0.000000
D 0.000000 5.374012 0.000000
A 2.687006 5.374012 2.687006
L 0.000000 2.687006 2.687006
L 2.687006 2.687006 5.374012
A 5.374012 2.687006 2.687006
D 5.374012 0.000000 0.000000
L 2.687006 0.000000 2.687006
E 0.000000 0.000000 5.374012


-87.073263	927376510
10

D 0.000000 0.000000 0.000000
L 2.687006 2.687006 0.000000
D 0.000000 5.374012 0.000000
A 2.687006 5.374012 -2.687006
L 0.000000 2.687006 -2.687006
L 2.687006 0.000000 -2.687006
A 2.687006 2.687006 -5.374012
D 5.374012 0.000000 -5.374012
L 5.374012 2.687006 -2.687006
E 5.374012 0.000000 0.000000


-87.073263	ab8456510
10

D 0.000000 0.000000 0.000000
L 2.687006 2.687006 0.000000
D 0.000000 5.374012 0.000000
A 2.687006 5.374012 -2.687006
L 0.000000 2.687006 -2.687006
L 2.687006 2.687006 -5.374012
A 5.374012 2.687006 -2.687006
D 5.374012 0.000000 -5.374012
L 2.687006 0.000000 -2.687006
E 0.000000 0.000000 -5.374012


-87.073263	ba9546410
10

D 0.000000 0.000000 0.000000
L 2.687006 2.687006 0.000000
D 0.000000 5.374012 0.000000
A 2.687006 5.374012 2.687006
L 0.000000 2.687006 2.687006
L 2.687006 2.687006 5.374012
A 5.374012 2.687006 2.687006
D 5.374012 0.000000 5.374012
L 2.687006 0.000000 2.687006
E 0.000000 0.000000 5.374012


-87.073263	837276410
10

D 0.000000 0.000000 0.000000
L 2.687006 2.687006 0.000000
D 0.000000 5.374012 0.000000
A 2.687006 5.374012 2.687006
L 0.000000 2.687006 2.687006
L 2.687006 0.000000 2.687006
A 2.687006 2.687006 5.374012
D 5.374012 0.000000 5.374012
L 5.374012 2.687006 2.687006
E 5.374012 0.000000 0.000000


-87.073263	619076410
10

D 0.000000 0.000000 0.000000
L 2.687006 2.687006 0.000000
D 0.000000 5.374012 0.000000
A 2.687006 5.374012 2.687006
L 0.000000 2.687006 2.687006
L 2.687006 0.000000 2.687006
A 5.374012 2.687006 2.687006
D 5.374012 0.000000 5.374012
L 2.687006 2.687006 5.374012
E 0.000000 0.000000 5.374012


-87.073263	618076510
10

D 0.000000 0.000000 0.000000
L 2.687006 2.687006 0.000000
D 0.000000 5.374012 0.000000
A 2.687006 5.374012 -2.687006
L 0.000000 2.687006 -2.687006
L 2.687006 0.000000 -2.687006
A 5.374012 2.687006 -2.687006
D 5.374012 0.000000 -5.374012
L 2.687006 2.687006 -5.374012
E 0.000000 0.000000 -5.374012


-86.938912	927376a00
10

D 0.000000 0.000000 0.000000
L 2.687006 2.687006 0.000000
D 5.374012 5.374012 0.000000
A 2.687006 5.374012 -2.687006
L 0.000000 2.687006 -2.687006
L 2.687006 0.000000 -2.687006
A 2.687006 2.687006 -5.374012
D 5.374012 0.000000 -5.374012
L 5.374012 2.687006 -2.687006
E 5.374012 0.000000 0.000000


-86.938912	b41516800
10

D 0.000000 0.000000 0.000000
L 2.687006 2.687006 0.000000
D 5.374012 5.374012 0.000000
A 5.374012 2.687006 -2.687006
L 2.687006 0.000000 -2.687006
L 0.000000 2.687006 -2.687006
A 2.687006 2.687006 -5.374012
D 0.000000 5.374012 -5.374012
L 2.687006 5.374012 -2.687006
E 0.000000 5.374012 0.000000


-86.938912	837276b00
10

D 0.000000 0.000000 0.000000
L 2.687006 2.687006 0.000000
D 5.374012 5.374012 0.000000
A 2.687006 5.374012 2.687006
L 0.000000 2.687006 2.687006
L 2.687006 0.000000 2.687006
A 2.687006 2.687006 5.374012
D 5.374012 0.000000 5.374012
L 5.374012 2.687006 2.687006
E 5.374012 0.000000 0.000000


-86.938912	a51416900
10

D 0.000000 0.000000 0.000000
L 2.687006 2.687006 0.000000
D 5.374012 5.374012 0.000000
A 5.374012 2.687006 2.687006
L 2.687006 0.000000 2.687006
L 0.000000 2.687006 2.687006
A 2.687006 2.687006 5.374012
D 0.000000 5.374012 5.374012
L 2.687006 5.374012 2.687006
E 0.000000 5.374012 0.000000


-85.507613	88b236800
10

D 0.000000 0.000000 0.000000
L 2.687006 2.687006 0.000000
D 5.374012 5.374012 0.000000
A 5.374012 2.687006 -2.687006
L 2.687006 0.000000 -2.687006
L 2.687006 2.687006 -5.374012
A 2.687006 5.374012 -2.687006
D 0.000000 5.374012 0.000000
L 0.000000 2.687006 -2.687006
E 0.000000 0.000000 -5.374012


-85.507613	99a326900
10

D 0.000000 0.000000 0.000000
L 2.687006 2.687006 0.000000
D 5.374012 5.374012 0.000000
A 5.374012 2.687006 2.687006
L 2.687006 0.000000 2.687006
L 2.687006 2.687006 5.374012
A 2.687006 5.374012 2.687006
D 0.000000 5.374012 0.000000
L 0.000000 2.687006 2.687006
E 0.000000 0.000000 5.374012


-85.507613	aa9456a00
10

D 0.000000 0.000000 0.000000
L 2.687006 2.687006 0.000000
D 5.374012 5.374012 0.000000
A 2.687006 5.374012 -2.687006
L 0.000000 2.687006 -2.687006
L 2.687006 2.687006 -5.374012
A 5.374012 2.687006 -2.687006
D 5.374012 0.000000 0.000000
L 2.687006 0.000000 -2.687006
E 0.000000 0.000000 -5.374012


-85.507613	bb8546b00
10

D 0.000000 0.000000 0.000000
L 2.687006 2.687006 0.000000
D 5.374012 5.374012 0.000000
A 2.687006 5.374012 2.687006
L 0.000000 2.687006 2.687006
L 2.687006 2.687006 5.374012
A 5.374012 2.687006 2.687006
D 5.374012 0.000000 0.000000
L 2.687006 0.000000 2.687006
E 0.000000 0.000000 5.374012


-85.373263	448ba7a00
10

D 0.000000 0.000000 0.000000
L 2.687006 2.687006 0.000000
D 5.374012 5.374012 0.000000
A 2.687006 5.374012 -2.687006
L 5.374012 2.687006 -2.687006
L 2.687006 2.687006 -5.374012
A 0.000000 2.687006 -2.687006
D 0.000000 0.000000 -5.374012
L 2.687006 0.000000 -2.687006
E 5.374012 0.000000 0.000000


-85.373263	559ab7b00
10

D 0.000000 0.000000 0.000000
L 2.687006 2.687006 0.000000
D 5.374012 5.374012 0.000000
A 2.687006 5.374012 2.687006
L 5.374012 2.687006 2.687006
L 2.687006 2.687006 5.374012
A 0.000000 2.687006 2.687006
D 0.000000 0.000000 5.374012
L 2.687006 0.000000 2.687006
E 5.374012 0.000000 0.000000


-85.373263	22a981800
10

D 0.000000 0.000000 0.000000
L 2.687006 2.687006 0.000000
D 5.374012 5.374012 0.000000
A 5.374012 2.687006 -2.687006
L 2.687006 5.374012 -2.687006
L 2.687006 2.687006 -5.374012
A 2.687006 0.000000 -2.687006
D 0.000000 0.000000 -5.374012
L 0.000000 2.687006 -2.687006
E 0.000000 5.374012 0.000000


-85.373263	33b891900
10

D 0.000000 0.000000 0.000000
L 2.687006 2.687006 0.000000
D 5.374012 5.374012 0.000000
A 5.374012 2.687006 2.687006
L 2.687006 5.374012 2.687006
L 2.687006 2.687006 5.374012
A 2.687006 0.000000 2.687006
D 0.000000 0.000000 5.374012
L 0.000000 2.687006 2.687006
E 0.000000 5.374012 0.000000


-85.373263	5a0b07910
10

D 0.000000 0.000000 0.000000
L 2.687006 2.687006 0.000000
D 0.000000 5.374012 0.000000
A 0.000000 2.687006 2.687006
L 2.687006 0.000000 2.687006
L 5.374012 2.687006 2.687006
A 2.687006 2.687006 5.374012
D 5.374012 5.374012 5.374012
L 2.687006 5.374012 2.687006
E 5.374012 5.374012 0.000000


-85.373263	5a7b70910
10

D 0.000000 0.000000 0.000000
L 2.687006 2.687006 0.000000
D 0.000000 5.374012 0.000000
A 0.000000 2.687006 2.687006
L 2.687006 5.374012 2.687006
L 5.374012 2.687006 2.687006
A 2.687006 2.687006 5.374012
D 5.374012 0.000000 5.374012
L 2.687006 0.000000 2.687006
E 5.374012 0.000000 0.000000


-85.373263	880276b00
10

D 0.000000 0.000000 0.000000
L 2.687006 2.687006 0.000000
D 5.374012 5.374012 0.000000
A 2.687006 5.374012 2.687006
L 0.000000 2.687006 2.687006
L 2.687006 0.000000 2.687006
A 2.687006 2.687006 5.374012
D 5.374012 5.374012 5.374012
L 5.374012 2.687006 2.687006
E 5.374012 0.000000 0.000000


-85.373263	990376a00
10

D 0.000000 0.000000 0.000000
L 2.687006 2.687006 0.000000
D 5.374012 5.374012 0.000000
A 2.687006 5.374012 -2.687006
L 0.000000 2.687006 -2.687006
L 2.687006 0.000000 -2.687006
A 2.687006 2.687006 -5.374012
D 5.374012 5.374012 -5.374012
L 5.374012 2.687006 -2.687006
E 5.374012 0.000000 0.000000


-85.373263	aa0416900
10

D 0.000000 0.000000 0.000000
L 2.687006 2.687006 0.000000
D 5.374012 5.374012 0.000000
A 5.374012 2.687006 2.687006
L 2.687006 0.000000 2.687006
L 0.000000 2.687006 2.687006
A 2.687006 2.687006 5.374012
D 5.374012 5.374012 5.374012
L 2.687006 5.374012 2.687006
E 0.000000 5.374012 0.000000


-85.373263	bb0516800
10

D 0.000000 0.000000 0.000000
L 2.687006 2.687006 0.000000
D 5.374012 5.374012 0.000000
A 5.374012 2.687006 -2.687006
L 2.687006 0.000000 -2.687006
L 0.000000 2.687006 -2.687006
A 2.687006 2.687006 -5.374012
D 5.374012 5.374012 -5.374012
L 2.687006 5.374012 -2.687006
E 0.000000 5.374012 0.000000


-85.373263	4b0a07810
10

D 0.000000 0.000000 0.000000
L 2.687006 2.687006 0.000000
D 0.000000 5.374012 0.000000
A 0.000000 2.687006 -2.687006
L 2.687006 0.000000 -2.687006
L 5.374012 2.687006 -2.687006
A 2.687006 2.687006 -5.374012
D 5.374012 5.374012 -5.374012
L 2.687006 5.374012 -2.687006
E 5.374012 5.374012 0.000000


-85.373263	4b7a70810
10

D 0.000000 0.000000 0.000000
L 2.687006 2.687006 0.000000
D 0.000000 5.374012 0.000000
A 0.000000 2.687006 -2.687006
L 2.687006 5.374012 -2.687006
L 5.374012 2.687006 -2.687006
A 2.687006 2.687006 -5.374012
D 5.374012 0.000000 -5.374012
L 2.687006 0.000000 -2.687006
E 5.374012 0.000000 0.000000


-85.314791	154190ba0
10

D 0.000000 0.000000 0.000000
L 2.687006 2.687006 0.000000
D 0.000000 2.687006 -2.687006
A -2.687006 2.687006 0.000000
L 0.000000 5.374012 0.000000
L 0.000000 2.687006 2.687006
A -2.687006 5.374012 2.687006
D 0.000000 5.374012 5.374012
L 2.687006 5.374012 2.687006
E 0.000000 8.061017 2.687006


-85.314791	154b34ba0
10

D 0.000000 0.000000 0.000000
L 2.687006 2.687006 0.000000
D 0.000000 2.687006 -2.687006
A -2.687006 2.687006 0.000000
L 0.000000 2.687006 2.687006
L 0.000000 5.374012 0.000000
A -2.687006 5.374012 2.687006
D 0.000000 5.374012 5.374012
L 2.687006 5.374012 2.687006
E 0.000000 8.061017 2.687006


-85.314791	b70190ba0
10

D 0.000000 0.000000 0.000000
L 2.687006 2.687006 0.000000
D 0.000000 2.687006 -2.687006
A -2.687006 2.687006 0.000000
L 0.000000 5.374012 0.000000
L 0.000000 2.687006 2.687006
A -2.687006 5.374012 2.687006
D 0.000000 8.061017 2.687006
L 2.687006 5.374012 2.687006
E 0.000000 5.374012 5.374012


-85.314791	b70b34ba0
10

D 0.000000 0.000000 0.000000
L 2.687006 2.687006 0.000000
D 0.000000 2.687006 -2.687006
A -2.687006 2.687006 0.000000
L 0.000000 2.687006 2.687006
L 0.000000 5.374012 0.000000
A -2.687006 5.374012 2.687006
D 0.000000 8.061017 2.687006
L 2.687006 5.374012 2.687006
E 0.000000 5.374012 5.374012


-85.250111	9b30792a0
10

D 0.000000 0.000000 0.000000
L 2.687006 2.687006 0.000000
D 0.000000 2.687006 -2.687006
A 0.000000 5.374012 0.000000
L 0.000000 2.687006 2.687006
L 2.687006 0.000000 2.687006
A 5.374012 2.687006 2.687006
D 5.374012 5.374012 0.000000
L 2.687006 5.374012 2.687006
E 2.687006 2.687006 5.374012


-85.250111	880216800
10

D 0.000000 0.000000 0.000000
L 2.687006 2.687006 0.000000
D 5.374012 5.374012 0.000000
A 5.374012 2.687006 -2.687006
L 2.687006 0.000000 -2.687006
L 0.000000 2.687006 -2.687006
A 0.000000 5.374012 0.000000
D 2.687006 8.061017 0.000000
L 2.687006 5.374012 -2.687006
E 2.687006 2.687006 -5.374012


-85.250111	990316900
10

D 0.000000 0.000000 0.000000
L 2.687006 2.687006 0.000000
D 5.374012 5.374012 0.000000
A 5.374012 2.687006 2.687006
L 2.687006 0.000000 2.687006
L 0.000000 2.687006 2.687006
A 0.000000 5.374012 0.000000
D 2.687006 8.061017 0.000000
L 2.687006 5.374012 2.687006
E 2.687006 2.687006 5.374012


-85.250111	aa0476a00
10

D 0.000000 0.000000 0.000000
L 2.687006 2.687006 0.000000
D 5.374012 5.374012 0.000000
A 2.687006 5.374012 -2.687006
L 0.000000 2.687006 -2.687006
L 2.687006 0.000000 -2.687006
A 5.374012 0.000000 0.000000
D 8.061017 2.687006 0.000000
L 5.374012 2.687006 -2.687006
E 2.687006 2.687006 -5.374012


-85.250111	bb0576b00
10

D 0.000000 0.000000 0.000000
L 2.687006 2.687006 0.000000
D 5.374012 5.374012 0.000000
A 2.687006 5.374012 2.687006
L 0.000000 2.687006 2.687006
L 2.687006 0.000000 2.687006
A 5.374012 0.000000 0.000000
D 8.061017 2.687006 0.000000
L 5.374012 2.687006 2.687006
E 2.687006 2.687006 5.374012


-85.250111	7512792a0
10

D 0.000000 0.000000 0.000000
L 2.687006 2.687006 0.000000
D 0.000000 2.687006 -2.687006
A 0.000000 5.374012 0.000000
L 0.000000 2.687006 2.687006
L 2.687006 0.000000 2.687006
A 2.687006 2.687006 5.374012
D 0.000000 5.374012 5.374012
L 2.687006 5.374012 2.687006
E 5.374012 2.687006 2.687006


-85.250111	a8401a840
10

D 0.000000 0.000000 0.000000
L 2.687006 2.687006 0.000000
D 5.374012 2.687006 2.687006
A 5.374012 0.000000 0.000000
L 2.687006 0.000000 -2.687006
L 0.000000 2.687006 -2.687006
A 2.687006 5.374012 -2.687006
D 5.374012 5.374012 0.000000
L 5.374012 2.687006 -2.687006
E 2.687006 2.687006 -5.374012


-85.171410	246a32640
10

D 0.000000 0.000000 0.000000
L 2.687006 2.687006 0.000000
D 5.374012 2.687006 2.687006
A 2.687006 0.000000 2.687006
L 2.687006 2.687006 5.374012
L 2.687006 5.374012 2.687006
A 0.000000 5.374012 0.000000
D -2.687006 2.687006 0.000000
L 0.000000 2.687006 2.687006
E 0.000000 5.374012 5.374012


-85.171410	b108492a0
10

D 0.000000 0.000000 0.000000
L 2.687006 2.687006 0.000000
D 0.000000 2.687006 -2.687006
A 0.000000 5.374012 0.000000
L 0.000000 2.687006 2.687006
L 2.687006 2.687006 5.374012
A 2.687006 0.000000 2.687006
D 5.374012 2.687006 2.687006
L 2.687006 5.374012 2.687006
E 0.000000 5.374012 5.374012


-85.171410	3527642a0
10

D 0.000000 0.000000 0.000000
L 2.687006 2.687006 0.000000
D 0.000000 2.687006 -2.687006
A 0.000000 5.374012 0.000000
L 2.687006 5.374012 2.687006
L 0.000000 2.687006 2.687006
A 2.687006 0.000000 2.687006
D 2.687006 2.687006 5.374012
L 5.374012 2.687006 2.687006
E 5.374012 5.374012 0.000000


-85.171410	864038640
10

D 0.000000 0.000000 0.000000
L 2.687006 2.687006 0.000000
D 5.374012 2.687006 2.687006
A 2.687006 0.000000 2.687006
L 2.687006 -2.687006 0.000000
L 2.687006 0.000000 -2.687006
A 5.374012 2.687006 -2.687006
D 8.061017 2.687006 0.000000
L 5.374012 0.000000 0.000000
E 5.374012 -2.687006 -2.687006


-85.171410	880296800
10

D 0.000000 0.000000 0.000000
L 2.687006 2.687006 0.000000
D 5.374012 5.374012 0.000000
A 5.374012 2.687006 -2.687006
L 2.687006 0.000000 -2.687006
L 2.687006 -2.687006 0.000000
A 2.687006 0.000000 2.687006
D 5.374012 2.687006 2.687006
L 5.374012 0.000000 0.000000
E 5.374012 -2.687006 -2.687006


-85.171410	990386900
10

D 0.000000 0.000000 0.000000
L 2.687006 2.687006 0.000000
D 5.374012 5.374012 0.000000
A 5.374012 2.687006 2.687006
L 2.687006 0.000000 2.687006
L 2.687006 -2.687006 0.000000
A 2.687006 0.000000 -2.687006
D 5.374012 2.687006 -2.687006
L 5.374012 0.000000 0.000000
E 5.374012 -2.687006 2.687006


-85.171410	aa04b6a00
10

D 0.000000 0.000000 0.000000
L 2.687006 2.687006 0.000000
D 5.374012 5.374012 0.000000
A 2.687006 5.374012 -2.687006
L 0.000000 2.687006 -2.687006
L -2.687006 2.687006 0.000000
A 0.000000 2.687006 2.687006
D 2.687006 5.374012 2.687006
L 0.000000 5.374012 0.000000
E -2.687006 5.374012 -2.687006


-85.171410	bb05a6b00
10

D 0.000000 0.000000 0.000000
L 2.687006 2.687006 0.000000
D 5.374012 5.374012 0.000000
A 2.687006 5.374012 2.687006
L 0.000000 2.687006 2.687006
L -2.687006 2.687006 0.000000
A 0.000000 2.687006 -2.687006
D 2.687006 5.374012 -2.687006
L 0.000000 5.374012 0.000000
E -2.687006 5.374012 2.687006


-85.171410	1b07642a0
10

D 0.000000 0.000000 0.000000
L 2.687006 2.687006 0.000000
D 0.000000 2.687006 -2.687006
A 0.000000 5.374012 0.000000
L 2.687006 5.374012 2.687006
L 0.000000 2.687006 2.687006
A 2.687006 0.000000 2.687006
D 5.374012 2.687006 2.687006
L 2.687006 2.687006 5.374012
E 0.000000 5.374012 5.374012


-85.127613	5a9456510
10

D 0.000000 0.000000 0.000000
L 2.687006 2.687006 0.000000
D 0.000000 5.374012 0.000000
A 2.687006 5.374012 -2.687006
L 0.000000 2.687006 -2.687006
L 2.687006 2.687006 -5.374012
A 5.374012 2.687006 -2.687006
D 5.374012 0.000000 0.000000
L 2.687006 0.000000 -2.687006
E 5.374012 0.000000 -5.374012


-85.127613	4b8546410
10

D 0.000000 0.000000 0.000000
L 2.687006 2.687006 0.000000
D 0.000000 5.374012 0.000000
A 2.687006 5.374012 2.687006
L 0.000000 2.687006 2.687006
L 2.687006 2.687006 5.374012
A 5.374012 2.687006 2.687006
D 5.374012 0.000000 0.000000
L 2.687006 0.000000 2.687006
E 5.374012 0.000000 5.374012


