-66.420000	057147145310
13

I 0.000000 0.000000 0.000000
F 2.193931 2.193931 -2.193931
G 4.387862 0.000000 -4.387862
A 2.193931 -2.193931 -6.581793
I 0.000000 0.000000 -4.387862
A -2.193931 -2.193931 -2.193931
G 0.000000 -4.387862 -4.387862
F 2.193931 -2.193931 -2.193931
I 0.000000 -4.387862 -0.000000
K 2.193931 -6.581793 -2.193931
N 4.387862 -4.387862 -0.000000
I 2.193931 -2.193931 2.193931
W 4.387862 -0.000000 -0.000000


-66.420000	052142145610
13

I 0.000000 0.000000 0.000000
F 2.193931 2.193931 -2.193931
G 4.387862 0.000000 -4.387862
A 6.581793 -2.193931 -2.193931
I 4.387862 0.000000 0.000000
A 2.193931 -2.193931 2.193931
G 4.387862 -4.387862 0.000000
F 2.193931 -2.193931 -2.193931
I 0.000000 -4.387862 0.000000
K 2.193931 -6.581793 -2.193931
N 0.000000 -4.387862 -4.387862
I -2.193931 -2.193931 -2.193931
W 0.000000 -0.000000 -4.387862


-66.340000	354177145310
13

I 0.000000 0.000000 0.000000
F 2.193931 2.193931 -2.193931
G 4.387862 0.000000 -4.387862
A 2.193931 -2.193931 -6.581793
I 0.000000 0.000000 -4.387862
A -2.193931 -2.193931 -2.193931
G 0.000000 -4.387862 -4.387862
F 2.193931 -2.193931 -2.193931
I 4.387862 0.000000 -0.000000
K 6.581793 -2.193931 -2.193931
N 4.387862 -4.387862 -0.000000
I 2.193931 -2.193931 2.193931
W 0.000000 -4.387862 -0.000000


-66.340000	654122145610
13

I 0.000000 0.000000 0.000000
F 2.193931 2.193931 -2.193931
G 4.387862 0.000000 -4.387862
A 6.581793 -2.193931 -2.193931
I 4.387862 0.000000 0.000000
A 2.193931 -2.193931 2.193931
G 4.387862 -4.387862 0.000000
F 2.193931 -2.193931 -2.193931
I 0.000000 0.000000 -4.387862
K 2.193931 -2.193931 -6.581793
N 0.000000 -4.387862 -4.387862
I -2.193931 -2.193931 -2.193931
W 0.000000 -4.387862 -0.000000


-66.340000	146074502410
13

I 0.000000 0.000000 0.000000
F 2.193931 2.193931 -2.193931
G 4.387862 0.000000 -4.387862
A 2.193931 -2.193931 -2.193931
I 0.000000 0.000000 -4.387862
A 2.193931 2.193931 -6.581793
G 0.000000 4.387862 -4.387862
F -2.193931 2.193931 -2.193931
I 0.000000 4.387862 -0.000000
K 2.193931 6.581793 -2.193931
N 4.387862 4.387862 -0.000000
I 2.193931 2.193931 2.193931
W 4.387862 0.000000 -0.000000


-66.340000	143024507410
13

I 0.000000 0.000000 0.000000
F 2.193931 2.193931 -2.193931
G 4.387862 0.000000 -4.387862
A 2.193931 -2.193931 -2.193931
I 4.387862 0.000000 0.000000
A 6.581793 2.193931 -2.193931
G 4.387862 4.387862 0.000000
F 2.193931 2.193931 2.193931
I 0.000000 4.387862 0.000000
K 2.193931 6.581793 -2.193931
N 0.000000 4.387862 -4.387862
I -2.193931 2.193931 -2.193931
W 0.000000 0.000000 -4.387862


-65.930000	057630645310
13

I 0.000000 0.000000 0.000000
F 2.193931 2.193931 -2.193931
G 4.387862 0.000000 -4.387862
A 2.193931 -2.193931 -6.581793
I 0.000000 0.000000 -4.387862
A -2.193931 -2.193931 -2.193931
G 0.000000 -4.387862 -0.000000
F 2.193931 -2.193931 -2.193931
I 0.000000 -4.387862 -4.387862
K 2.193931 -6.581793 -2.193931
N 4.387862 -4.387862 -0.000000
I 2.193931 -2.193931 2.193931
W 4.387862 -0.000000 -0.000000


-65.930000	052360345610
13

I 0.000000 0.000000 0.000000
F 2.193931 2.193931 -2.193931
G 4.387862 0.000000 -4.387862
A 6.581793 -2.193931 -2.193931
I 4.387862 0.000000 0.000000
A 2.193931 -2.193931 2.193931
G 0.000000 -4.387862 0.000000
F 2.193931 -2.193931 -2.193931
I 4.387862 -4.387862 0.000000
K 2.193931 -6.581793 -2.193931
N 0.000000 -4.387862 -4.387862
I -2.193931 -2.193931 -2.193931
W 0.000000 -0.000000 -4.387862


-65.890000	032570644210
13

I 0.000000 0.000000 0.000000
F 2.193931 2.193931 -2.193931
G 4.387862 0.000000 -4.387862
A 2.193931 2.193931 -6.581793
I 0.000000 0.000000 -4.387862
A -2.193931 -2.193931 -2.193931
G 0.000000 -4.387862 -0.000000
F 2.193931 -2.193931 -2.193931
I 4.387862 0.000000 -0.000000
K 2.193931 2.193931 2.193931
N 0.000000 4.387862 -0.000000
I -2.193931 2.193931 -2.193931
W 0.000000 4.387862 -4.387862


-65.890000	032577144210
13

I 0.000000 0.000000 0.000000
F 2.193931 2.193931 -2.193931
G 4.387862 0.000000 -4.387862
A 2.193931 2.193931 -6.581793
I 0.000000 0.000000 -4.387862
A -2.193931 -2.193931 -2.193931
G 0.000000 -4.387862 -4.387862
F 2.193931 -2.193931 -2.193931
I 4.387862 0.000000 -0.000000
K 2.193931 2.193931 2.193931
N 0.000000 4.387862 -0.000000
I -2.193931 2.193931 -2.193931
W 0.000000 4.387862 -4.387862


-65.890000	067522144710
13

I 0.000000 0.000000 0.000000
F 2.193931 2.193931 -2.193931
G 4.387862 0.000000 -4.387862
A 6.581793 2.193931 -2.193931
I 4.387862 0.000000 0.000000
A 2.193931 -2.193931 2.193931
G 4.387862 -4.387862 0.000000
F 2.193931 -2.193931 -2.193931
I 0.000000 0.000000 -4.387862
K -2.193931 2.193931 -2.193931
N 0.000000 4.387862 0.000000
I 2.193931 2.193931 2.193931
W 4.387862 4.387862 0.000000


-65.890000	067520344710
13

I 0.000000 0.000000 0.000000
F 2.193931 2.193931 -2.193931
G 4.387862 0.000000 -4.387862
A 6.581793 2.193931 -2.193931
I 4.387862 0.000000 0.000000
A 2.193931 -2.193931 2.193931
G 0.000000 -4.387862 0.000000
F 2.193931 -2.193931 -2.193931
I 0.000000 0.000000 -4.387862
K -2.193931 2.193931 -2.193931
N 0.000000 4.387862 0.000000
I 2.193931 2.193931 2.193931
W 4.387862 4.387862 0.000000


-65.890000	725414177530
13

I 0.000000 0.000000 0.000000
F 2.193931 2.193931 -2.193931
G 0.000000 0.000000 -4.387862
A -2.193931 2.193931 -2.193931
I 0.000000 4.387862 0.000000
A 2.193931 6.581793 2.193931
G 4.387862 4.387862 0.000000
F 2.193931 2.193931 2.193931
I 4.387862 0.000000 0.000000
K 2.193931 -2.193931 2.193931
N 0.000000 0.000000 4.387862
I -2.193931 2.193931 2.193931
W 0.000000 4.387862 4.387862


-65.890000	502413655300
13

I 0.000000 0.000000 0.000000
F 2.193931 2.193931 -2.193931
G 4.387862 4.387862 -4.387862
A 2.193931 2.193931 -6.581793
I 0.000000 4.387862 -4.387862
A -2.193931 6.581793 -2.193931
G 0.000000 4.387862 -0.000000
F -2.193931 2.193931 -2.193931
I 0.000000 0.000000 -4.387862
K -2.193931 -2.193931 -2.193931
N -4.387862 0.000000 -4.387862
I -2.193931 2.193931 -6.581793
W -4.387862 4.387862 -4.387862


-65.890000	502413655210
13

I 0.000000 0.000000 0.000000
F 2.193931 2.193931 -2.193931
G 4.387862 0.000000 -4.387862
A 2.193931 2.193931 -6.581793
I 0.000000 4.387862 -4.387862
A -2.193931 6.581793 -2.193931
G 0.000000 4.387862 -0.000000
F -2.193931 2.193931 -2.193931
I 0.000000 0.000000 -4.387862
K -2.193931 -2.193931 -2.193931
N -4.387862 0.000000 -4.387862
I -2.193931 2.193931 -6.581793
W -4.387862 4.387862 -4.387862


-65.890000	507416355710
13

I 0.000000 0.000000 0.000000
F 2.193931 2.193931 -2.193931
G 4.387862 0.000000 -4.387862
A 6.581793 2.193931 -2.193931
I 4.387862 4.387862 0.000000
A 2.193931 6.581793 2.193931
G 0.000000 4.387862 0.000000
F 2.193931 2.193931 2.193931
I 4.387862 0.000000 0.000000
K 2.193931 -2.193931 2.193931
N 4.387862 0.000000 4.387862
I 6.581793 2.193931 2.193931
W 4.387862 4.387862 4.387862


-65.890000	507416355600
13

I 0.000000 0.000000 0.000000
F 2.193931 2.193931 -2.193931
G 4.387862 4.387862 -4.387862
A 6.581793 2.193931 -2.193931
I 4.387862 4.387862 0.000000
A 2.193931 6.581793 2.193931
G 0.000000 4.387862 0.000000
F 2.193931 2.193931 2.193931
I 4.387862 0.000000 0.000000
K 2.193931 -2.193931 2.193931
N 4.387862 0.000000 4.387862
I 6.581793 2.193931 2.193931
W 4.387862 4.387862 4.387862


-65.890000	601423566300
13

I 0.000000 0.000000 0.000000
F 2.193931 2.193931 -2.193931
G 4.387862 4.387862 -4.387862
A 2.193931 2.193931 -6.581793
I 4.387862 0.000000 -4.387862
A 6.581793 -2.193931 -2.193931
G 4.387862 0.000000 -0.000000
F 2.193931 -2.193931 -2.193931
I 0.000000 0.000000 -4.387862
K -2.193931 -2.193931 -2.193931
N 0.000000 -4.387862 -4.387862
I 2.193931 -2.193931 -6.581793
W 4.387862 -4.387862 -4.387862


-65.890000	607425366500
13

I 0.000000 0.000000 0.000000
F 2.193931 2.193931 -2.193931
G 4.387862 4.387862 -4.387862
A 2.193931 6.581793 -2.193931
I 4.387862 4.387862 0.000000
A 6.581793 2.193931 2.193931
G 4.387862 0.000000 0.000000
F 2.193931 2.193931 2.193931
I 0.000000 4.387862 0.000000
K -2.193931 2.193931 2.193931
N 0.000000 4.387862 4.387862
I 2.193931 6.581793 2.193931
W 4.387862 4.387862 4.387862


-65.890000	716424277630
13

I 0.000000 0.000000 0.000000
F 2.193931 2.193931 -2.193931
G 0.000000 0.000000 -4.387862
A 2.193931 -2.193931 -2.193931
I 4.387862 0.000000 0.000000
A 6.581793 2.193931 2.193931
G 4.387862 4.387862 0.000000
F 2.193931 2.193931 2.193931
I 0.000000 4.387862 0.000000
K -2.193931 2.193931 2.193931
N 0.000000 0.000000 4.387862
I 2.193931 -2.193931 2.193931
W 4.387862 0.000000 4.387862


-65.890000	716424277410
13

I 0.000000 0.000000 0.000000
F 2.193931 2.193931 -2.193931
G 4.387862 0.000000 -4.387862
A 2.193931 -2.193931 -2.193931
I 4.387862 0.000000 0.000000
A 6.581793 2.193931 2.193931
G 4.387862 4.387862 0.000000
F 2.193931 2.193931 2.193931
I 0.000000 4.387862 0.000000
K -2.193931 2.193931 2.193931
N 0.000000 0.000000 4.387862
I 2.193931 -2.193931 2.193931
W 4.387862 0.000000 4.387862


-65.890000	120671455030
13

I 0.000000 0.000000 0.000000
F 2.193931 2.193931 -2.193931
G 0.000000 0.000000 -4.387862
A 2.193931 2.193931 -6.581793
I 0.000000 4.387862 -4.387862
A -2.193931 6.581793 -2.193931
G -4.387862 4.387862 -0.000000
F -2.193931 2.193931 -2.193931
I 0.000000 4.387862 -0.000000
K 2.193931 2.193931 2.193931
N 4.387862 4.387862 -0.000000
I 2.193931 6.581793 -2.193931
W 4.387862 4.387862 -4.387862


-65.890000	120676355030
13

I 0.000000 0.000000 0.000000
F 2.193931 2.193931 -2.193931
G 0.000000 0.000000 -4.387862
A 2.193931 2.193931 -6.581793
I 0.000000 4.387862 -4.387862
A -2.193931 6.581793 -2.193931
G -4.387862 4.387862 -4.387862
F -2.193931 2.193931 -2.193931
I 0.000000 4.387862 -0.000000
K 2.193931 2.193931 2.193931
N 4.387862 4.387862 -0.000000
I 2.193931 6.581793 -2.193931
W 4.387862 4.387862 -4.387862


-65.890000	213474722410
13

I 0.000000 0.000000 0.000000
F 2.193931 2.193931 -2.193931
G 4.387862 0.000000 -4.387862
A 2.193931 -2.193931 -2.193931
I 0.000000 0.000000 -4.387862
A -2.193931 2.193931 -6.581793
G 0.000000 4.387862 -4.387862
F -2.193931 2.193931 -2.193931
I 0.000000 4.387862 -0.000000
K -2.193931 2.193931 2.193931
N -4.387862 0.000000 -0.000000
I -2.193931 -2.193931 -2.193931
W -4.387862 0.000000 -4.387862


-65.890000	210572466030
13

I 0.000000 0.000000 0.000000
F 2.193931 2.193931 -2.193931
G 0.000000 0.000000 -4.387862
A 2.193931 2.193931 -6.581793
I 4.387862 0.000000 -4.387862
A 6.581793 -2.193931 -2.193931
G 4.387862 -4.387862 -0.000000
F 2.193931 -2.193931 -2.193931
I 4.387862 0.000000 -0.000000
K 2.193931 2.193931 2.193931
N 4.387862 4.387862 -0.000000
I 6.581793 2.193931 -2.193931
W 4.387862 4.387862 -4.387862


-65.890000	210575366030
13

I 0.000000 0.000000 0.000000
F 2.193931 2.193931 -2.193931
G 0.000000 0.000000 -4.387862
A 2.193931 2.193931 -6.581793
I 4.387862 0.000000 -4.387862
A 6.581793 -2.193931 -2.193931
G 4.387862 -4.387862 -4.387862
F 2.193931 -2.193931 -2.193931
I 4.387862 0.000000 -0.000000
K 2.193931 2.193931 2.193931
N 4.387862 4.387862 -0.000000
I 6.581793 2.193931 -2.193931
W 4.387862 4.387862 -4.387862


-65.890000	302475633500
13

I 0.000000 0.000000 0.000000
F 2.193931 2.193931 -2.193931
G 4.387862 4.387862 -4.387862
A 2.193931 6.581793 -2.193931
I 0.000000 4.387862 -4.387862
A -2.193931 2.193931 -6.581793
G 0.000000 0.000000 -4.387862
F -2.193931 2.193931 -2.193931
I 0.000000 4.387862 -0.000000
K -2.193931 2.193931 2.193931
N -4.387862 4.387862 -0.000000
I -2.193931 6.581793 -2.193931
W -4.387862 4.387862 -4.387862


-65.890000	301476533600
13

I 0.000000 0.000000 0.000000
F 2.193931 2.193931 -2.193931
G 4.387862 4.387862 -4.387862
A 6.581793 2.193931 -2.193931
I 4.387862 0.000000 -4.387862
A 2.193931 -2.193931 -6.581793
G 0.000000 0.000000 -4.387862
F 2.193931 -2.193931 -2.193931
I 4.387862 0.000000 -0.000000
K 2.193931 -2.193931 2.193931
N 4.387862 -4.387862 -0.000000
I 6.581793 -2.193931 -2.193931
W 4.387862 -4.387862 -4.387862


-65.680000	256310244500
13

I 0.000000 0.000000 0.000000
F 2.193931 2.193931 -2.193931
G 4.387862 4.387862 -4.387862
A 2.193931 6.581793 -2.193931
I 0.000000 4.387862 0.000000
A -2.193931 2.193931 2.193931
G -4.387862 4.387862 0.000000
F -2.193931 6.581793 -2.193931
I 0.000000 4.387862 -4.387862
K -2.193931 2.193931 -6.581793
N 0.000000 0.000000 -4.387862
I -2.193931 2.193931 -2.193931
W -4.387862 4.387862 -4.387862


-65.680000	135670144300
13

I 0.000000 0.000000 0.000000
F 2.193931 2.193931 -2.193931
G 4.387862 4.387862 -4.387862
A 2.193931 2.193931 -6.581793
I 0.000000 0.000000 -4.387862
A -2.193931 -2.193931 -2.193931
G 0.000000 -4.387862 -4.387862
F 2.193931 -2.193931 -6.581793
I 4.387862 0.000000 -4.387862
K 6.581793 -2.193931 -2.193931
N 4.387862 0.000000 -0.000000
I 2.193931 -2.193931 -2.193931
W 4.387862 -4.387862 -4.387862


-65.680000	236570244300
13

I 0.000000 0.000000 0.000000
F 2.193931 2.193931 -2.193931
G 4.387862 4.387862 -4.387862
A 2.193931 2.193931 -6.581793
I 0.000000 0.000000 -4.387862
A -2.193931 -2.193931 -2.193931
G -4.387862 0.000000 -4.387862
F -2.193931 2.193931 -6.581793
I 0.000000 4.387862 -4.387862
K -2.193931 6.581793 -2.193931
N 0.000000 4.387862 -0.000000
I -2.193931 2.193931 -2.193931
W -4.387862 4.387862 -4.387862


-65.680000	236570244210
13

I 0.000000 0.000000 0.000000
F 2.193931 2.193931 -2.193931
G 4.387862 0.000000 -4.387862
A 2.193931 2.193931 -6.581793
I 0.000000 0.000000 -4.387862
A -2.193931 -2.193931 -2.193931
G -4.387862 0.000000 -4.387862
F -2.193931 2.193931 -6.581793
I 0.000000 4.387862 -4.387862
K -2.193931 6.581793 -2.193931
N 0.000000 4.387862 -0.000000
I -2.193931 2.193931 -2.193931
W -4.387862 4.387862 -4.387862


-65.680000	236570242410
13

I 0.000000 0.000000 0.000000
F 2.193931 2.193931 -2.193931
G 4.387862 0.000000 -4.387862
A 2.193931 -2.193931 -2.193931
I 0.000000 0.000000 -4.387862
A -2.193931 -2.193931 -2.193931
G -4.387862 0.000000 -4.387862
F -2.193931 2.193931 -6.581793
I 0.000000 4.387862 -4.387862
K -2.193931 6.581793 -2.193931
N 0.000000 4.387862 -0.000000
I -2.193931 2.193931 -2.193931
W -4.387862 4.387862 -4.387862


-65.680000	763520747630
13

I 0.000000 0.000000 0.000000
F 2.193931 2.193931 -2.193931
G 0.000000 0.000000 -4.387862
A 2.193931 -2.193931 -2.193931
I 4.387862 0.000000 0.000000
A 2.193931 -2.193931 2.193931
G 4.387862 0.000000 4.387862
F 6.581793 2.193931 2.193931
I 4.387862 4.387862 0.000000
K 2.193931 6.581793 2.193931
N 0.000000 4.387862 0.000000
I 2.193931 2.193931 2.193931
W 4.387862 4.387862 4.387862


-65.680000	763520747410
13

I 0.000000 0.000000 0.000000
F 2.193931 2.193931 -2.193931
G 4.387862 0.000000 -4.387862
A 2.193931 -2.193931 -2.193931
I 4.387862 0.000000 0.000000
A 2.193931 -2.193931 2.193931
G 4.387862 0.000000 4.387862
F 6.581793 2.193931 2.193931
I 4.387862 4.387862 0.000000
K 2.193931 6.581793 2.193931
N 0.000000 4.387862 0.000000
I 2.193931 2.193931 2.193931
W 4.387862 4.387862 4.387862


-65.680000	763520744710
13

I 0.000000 0.000000 0.000000
F 2.193931 2.193931 -2.193931
G 4.387862 0.000000 -4.387862
A 6.581793 2.193931 -2.193931
I 4.387862 0.000000 0.000000
A 2.193931 -2.193931 2.193931
G 4.387862 0.000000 4.387862
F 6.581793 2.193931 2.193931
I 4.387862 4.387862 0.000000
K 2.193931 6.581793 2.193931
N 0.000000 4.387862 0.000000
I 2.193931 2.193931 2.193931
W 4.387862 4.387862 4.387862


-65.680000	763520744600
13

I 0.000000 0.000000 0.000000
F 2.193931 2.193931 -2.193931
G 4.387862 4.387862 -4.387862
A 6.581793 2.193931 -2.193931
I 4.387862 0.000000 0.000000
A 2.193931 -2.193931 2.193931
G 4.387862 0.000000 4.387862
F 6.581793 2.193931 2.193931
I 4.387862 4.387862 0.000000
K 2.193931 6.581793 2.193931
N 0.000000 4.387862 0.000000
I 2.193931 2.193931 2.193931
W 4.387862 4.387862 4.387862


-65.680000	541202765430
13

I 0.000000 0.000000 0.000000
F 2.193931 2.193931 -2.193931
G 0.000000 0.000000 -4.387862
A -2.193931 -2.193931 -2.193931
I -4.387862 0.000000 0.000000
A -2.193931 -2.193931 2.193931
G 0.000000 0.000000 4.387862
F -2.193931 2.193931 2.193931
I 0.000000 4.387862 0.000000
K -2.193931 6.581793 -2.193931
N 0.000000 4.387862 -4.387862
I -2.193931 2.193931 -2.193931
W -4.387862 4.387862 0.000000


-65.680000	541200565430
13

I 0.000000 0.000000 0.000000
F 2.193931 2.193931 -2.193931
G 0.000000 0.000000 -4.387862
A -2.193931 -2.193931 -2.193931
I -4.387862 0.000000 0.000000
A -2.193931 -2.193931 2.193931
G -4.387862 0.000000 4.387862
F -2.193931 2.193931 2.193931
I 0.000000 4.387862 0.000000
K -2.193931 6.581793 -2.193931
N 0.000000 4.387862 -4.387862
I -2.193931 2.193931 -2.193931
W -4.387862 4.387862 0.000000


-65.680000	541207542410
13

I 0.000000 0.000000 0.000000
F 2.193931 2.193931 -2.193931
G 4.387862 0.000000 -4.387862
A 2.193931 -2.193931 -2.193931
I 0.000000 0.000000 -4.387862
A -2.193931 -2.193931 -2.193931
G -4.387862 0.000000 0.000000
F -2.193931 2.193931 2.193931
I 0.000000 4.387862 0.000000
K -2.193931 6.581793 -2.193931
N 0.000000 4.387862 -4.387862
I -2.193931 2.193931 -2.193931
W -4.387862 4.387862 0.000000


-65.680000	541702547630
13

I 0.000000 0.000000 0.000000
F 2.193931 2.193931 -2.193931
G 0.000000 0.000000 -4.387862
A 2.193931 -2.193931 -2.193931
I 4.387862 0.000000 0.000000
A 2.193931 -2.193931 2.193931
G 0.000000 0.000000 4.387862
F -2.193931 2.193931 2.193931
I 0.000000 4.387862 0.000000
K 2.193931 6.581793 2.193931
N 4.387862 4.387862 0.000000
I 2.193931 2.193931 2.193931
W 0.000000 4.387862 4.387862


-65.680000	541702547410
13

I 0.000000 0.000000 0.000000
F 2.193931 2.193931 -2.193931
G 4.387862 0.000000 -4.387862
A 2.193931 -2.193931 -2.193931
I 4.387862 0.000000 0.000000
A 2.193931 -2.193931 2.193931
G 0.000000 0.000000 4.387862
F -2.193931 2.193931 2.193931
I 0.000000 4.387862 0.000000
K 2.193931 6.581793 2.193931
N 4.387862 4.387862 0.000000
I 2.193931 2.193931 2.193931
W 0.000000 4.387862 4.387862


-65.680000	753610747530
13

I 0.000000 0.000000 0.000000
F 2.193931 2.193931 -2.193931
G 0.000000 0.000000 -4.387862
A -2.193931 2.193931 -2.193931
I 0.000000 4.387862 0.000000
A -2.193931 2.193931 2.193931
G 0.000000 4.387862 4.387862
F 2.193931 6.581793 2.193931
I 4.387862 4.387862 0.000000
K 6.581793 2.193931 2.193931
N 4.387862 0.000000 0.000000
I 2.193931 2.193931 2.193931
W 4.387862 4.387862 4.387862


-65.680000	753610744500
13

I 0.000000 0.000000 0.000000
F 2.193931 2.193931 -2.193931
G 4.387862 4.387862 -4.387862
A 2.193931 6.581793 -2.193931
I 0.000000 4.387862 0.000000
A -2.193931 2.193931 2.193931
G 0.000000 4.387862 4.387862
F 2.193931 6.581793 2.193931
I 4.387862 4.387862 0.000000
K 6.581793 2.193931 2.193931
N 4.387862 0.000000 0.000000
I 2.193931 2.193931 2.193931
W 4.387862 4.387862 4.387862


-65.680000	642101756430
13

I 0.000000 0.000000 0.000000
F 2.193931 2.193931 -2.193931
G 0.000000 0.000000 -4.387862
A -2.193931 -2.193931 -2.193931
I 0.000000 -4.387862 0.000000
A -2.193931 -2.193931 2.193931
G 0.000000 0.000000 4.387862
F 2.193931 -2.193931 2.193931
I 4.387862 0.000000 0.000000
K 6.581793 -2.193931 -2.193931
N 4.387862 0.000000 -4.387862
I 2.193931 -2.193931 -2.193931
W 4.387862 -4.387862 0.000000


-65.680000	642100656430
13

I 0.000000 0.000000 0.000000
F 2.193931 2.193931 -2.193931
G 0.000000 0.000000 -4.387862
A -2.193931 -2.193931 -2.193931
I 0.000000 -4.387862 0.000000
A -2.193931 -2.193931 2.193931
G 0.000000 -4.387862 4.387862
F 2.193931 -2.193931 2.193931
I 4.387862 0.000000 0.000000
K 6.581793 -2.193931 -2.193931
N 4.387862 0.000000 -4.387862
I 2.193931 -2.193931 -2.193931
W 4.387862 -4.387862 0.000000


-65.680000	642701647530
13

I 0.000000 0.000000 0.000000
F 2.193931 2.193931 -2.193931
G 0.000000 0.000000 -4.387862
A -2.193931 2.193931 -2.193931
I 0.000000 4.387862 0.000000
A -2.193931 2.193931 2.193931
G 0.000000 0.000000 4.387862
F 2.193931 -2.193931 2.193931
I 4.387862 0.000000 0.000000
K 6.581793 2.193931 2.193931
N 4.387862 4.387862 0.000000
I 2.193931 2.193931 2.193931
W 4.387862 0.000000 4.387862


-65.680000	165320144600
13

I 0.000000 0.000000 0.000000
F 2.193931 2.193931 -2.193931
G 4.387862 4.387862 -4.387862
A 6.581793 2.193931 -2.193931
I 4.387862 0.000000 0.000000
A 2.193931 -2.193931 2.193931
G 4.387862 -4.387862 0.000000
F 6.581793 -2.193931 -2.193931
I 4.387862 0.000000 -4.387862
K 2.193931 -2.193931 -6.581793
N 0.000000 0.000000 -4.387862
I 2.193931 -2.193931 -2.193931
W 4.387862 -4.387862 -4.387862


-65.680000	256320144600
13

I 0.000000 0.000000 0.000000
F 2.193931 2.193931 -2.193931
G 4.387862 4.387862 -4.387862
A 6.581793 2.193931 -2.193931
I 4.387862 0.000000 0.000000
A 2.193931 -2.193931 2.193931
G 4.387862 -4.387862 0.000000
F 6.581793 -2.193931 -2.193931
I 4.387862 0.000000 -4.387862
K 2.193931 -2.193931 -6.581793
N 4.387862 -4.387862 -4.387862
I 2.193931 -2.193931 -2.193931
W 0.000000 0.000000 -4.387862


-65.680000	024701647530
13

I 0.000000 0.000000 0.000000
F 2.193931 2.193931 -2.193931
G 0.000000 0.000000 -4.387862
A -2.193931 2.193931 -2.193931
I 0.000000 4.387862 0.000000
A -2.193931 2.193931 2.193931
G 0.000000 0.000000 4.387862
F 2.193931 -2.193931 2.193931
I 4.387862 0.000000 0.000000
K 6.581793 2.193931 2.193931
N 4.387862 0.000000 4.387862
I 2.193931 2.193931 2.193931
W 4.387862 4.387862 0.000000


