-19.830000	013123021320301	0010111001110001101101001
16

W 0.000000 0.000000 0.000000
H 2.193931 2.193931 -2.193931
M 4.387862 0.000000 -4.387862
W 6.581793 -2.193931 -2.193931
N 8.775724 -4.387862 -4.387862
T 6.581793 -6.581793 -6.581793
V 4.387862 -4.387862 -8.775724
P 6.581793 -2.193931 -10.969655
N 8.775724 -0.000000 -8.775724
A 6.581793 2.193931 -6.581793
K 4.387862 4.387862 -8.775724
Q 2.193931 2.193931 -10.969655
V 0.000000 -0.000000 -8.775724
I 2.193931 -2.193931 -6.581793
A 0.000000 -4.387862 -4.387862
A -2.193931 -2.193931 -2.193931


-19.730000	010310213102301	0010001110000110111000011
16

W 0.000000 0.000000 0.000000
H 2.193931 2.193931 -2.193931
M 4.387862 0.000000 -4.387862
W 6.581793 -2.193931 -2.193931
N 8.775724 0.000000 0.000000
T 6.581793 2.193931 2.193931
V 4.387862 0.000000 4.387862
P 6.581793 -2.193931 6.581793
N 4.387862 -4.387862 8.775724
A 2.193931 -6.581793 6.581793
K 4.387862 -8.775724 4.387862
Q 6.581793 -6.581793 2.193931
V 4.387862 -4.387862 0.000000
I 2.193931 -2.193931 2.193931
A 0.000000 -4.387862 4.387862
A -2.193931 -2.193931 6.581793


-19.730000	210310213102301	0110001110000110111000011
16

W 0.000000 0.000000 0.000000
H 2.193931 2.193931 -2.193931
M 4.387862 0.000000 -4.387862
W 6.581793 -2.193931 -2.193931
N 8.775724 0.000000 0.000000
T 6.581793 2.193931 2.193931
V 4.387862 0.000000 4.387862
P 6.581793 -2.193931 6.581793
N 4.387862 -4.387862 8.775724
A 2.193931 -6.581793 6.581793
K 4.387862 -8.775724 4.387862
Q 6.581793 -6.581793 2.193931
V 4.387862 -4.387862 0.000000
I 2.193931 -2.193931 2.193931
A 0.000000 -4.387862 4.387862
A -2.193931 -6.581793 2.193931


-19.470000	201031230102301	0100100011100111001000011
16

W 0.000000 0.000000 0.000000
H 2.193931 2.193931 -2.193931
M 4.387862 0.000000 -4.387862
W 6.581793 -2.193931 -2.193931
N 8.775724 0.000000 0.000000
T 6.581793 2.193931 2.193931
V 4.387862 0.000000 4.387862
P 2.193931 2.193931 6.581793
N 0.000000 4.387862 4.387862
A -2.193931 2.193931 2.193931
K -4.387862 0.000000 4.387862
Q -2.193931 -2.193931 6.581793
V 0.000000 -4.387862 4.387862
I 2.193931 -2.193931 2.193931
A 4.387862 -4.387862 0.000000
A 2.193931 -6.581793 -2.193931


-19.470000	301031230102301	1100100011100111001000011
16

W 0.000000 0.000000 0.000000
H 2.193931 2.193931 -2.193931
M 4.387862 0.000000 -4.387862
W 6.581793 -2.193931 -2.193931
N 8.775724 0.000000 0.000000
T 6.581793 2.193931 2.193931
V 4.387862 0.000000 4.387862
P 2.193931 2.193931 6.581793
N 0.000000 4.387862 4.387862
A -2.193931 2.193931 2.193931
K -4.387862 0.000000 4.387862
Q -2.193931 -2.193931 6.581793
V 0.000000 -4.387862 4.387862
I 2.193931 -2.193931 2.193931
A 4.387862 -4.387862 0.000000
A 6.581793 -6.581793 2.193931


-19.360000	010310202102301	0010001110000100011000011
16

W 0.000000 0.000000 0.000000
H 2.193931 2.193931 -2.193931
M 4.387862 0.000000 -4.387862
W 6.581793 -2.193931 -2.193931
N 8.775724 0.000000 0.000000
T 6.581793 2.193931 2.193931
V 4.387862 0.000000 4.387862
P 2.193931 -2.193931 2.193931
N 4.387862 -4.387862 0.000000
A 2.193931 -6.581793 -2.193931
K 4.387862 -8.775724 -4.387862
Q 6.581793 -6.581793 -6.581793
V 4.387862 -4.387862 -8.775724
I 2.193931 -2.193931 -6.581793
A 0.000000 -4.387862 -4.387862
A -2.193931 -2.193931 -2.193931


-19.240000	101301202102301	1000101100100100011000011
16

W 0.000000 0.000000 0.000000
H 2.193931 2.193931 -2.193931
M 4.387862 0.000000 -4.387862
W 6.581793 -2.193931 -2.193931
N 8.775724 0.000000 0.000000
T 6.581793 2.193931 2.193931
V 4.387862 0.000000 4.387862
P 2.193931 -2.193931 2.193931
N 4.387862 -4.387862 0.000000
A 2.193931 -6.581793 -2.193931
K 0.000000 -8.775724 0.000000
Q -2.193931 -6.581793 2.193931
V -4.387862 -4.387862 0.000000
I -2.193931 -2.193931 -2.193931
A 0.000000 -4.387862 -4.387862
A 2.193931 -2.193931 -6.581793


-19.160000	103021020123101	1000110001100001001001110
16

W 0.000000 0.000000 0.000000
H 2.193931 2.193931 -2.193931
M 4.387862 0.000000 -4.387862
W 6.581793 2.193931 -6.581793
N 4.387862 4.387862 -8.775724
T 2.193931 2.193931 -10.969655
V 0.000000 0.000000 -8.775724
P -2.193931 2.193931 -6.581793
N 0.000000 4.387862 -4.387862
A -2.193931 6.581793 -2.193931
K -4.387862 4.387862 -0.000000
Q -6.581793 2.193931 -2.193931
V -4.387862 0.000000 -4.387862
I -2.193931 -2.193931 -2.193931
A 0.000000 -4.387862 -4.387862
A 2.193931 -2.193931 -6.581793


-19.160000	102031030132101	1000010011100011001011010
16

W 0.000000 0.000000 0.000000
H 2.193931 2.193931 -2.193931
M 4.387862 0.000000 -4.387862
W 6.581793 2.193931 -6.581793
N 8.775724 4.387862 -4.387862
T 10.969655 2.193931 -2.193931
V 8.775724 0.000000 -0.000000
P 6.581793 2.193931 2.193931
N 4.387862 4.387862 -0.000000
A 2.193931 6.581793 2.193931
K 0.000000 4.387862 4.387862
Q 2.193931 2.193931 6.581793
V 4.387862 0.000000 4.387862
I 2.193931 -2.193931 2.193931
A 4.387862 -4.387862 -0.000000
A 6.581793 -2.193931 -2.193931


-19.080000	010210310120101	0010000110001110001001000
16

W 0.000000 0.000000 0.000000
H 2.193931 2.193931 -2.193931
M 4.387862 0.000000 -4.387862
W 6.581793 2.193931 -6.581793
N 8.775724 0.000000 -8.775724
T 6.581793 -2.193931 -10.969655
V 4.387862 -4.387862 -8.775724
P 2.193931 -2.193931 -6.581793
N 0.000000 -4.387862 -4.387862
A 2.193931 -6.581793 -2.193931
K 4.387862 -8.775724 -4.387862
Q 6.581793 -6.581793 -6.581793
V 8.775724 -4.387862 -4.387862
I 6.581793 -2.193931 -2.193931
A 4.387862 -4.387862 -0.000000
A 2.193931 -2.193931 2.193931


-19.080000	010310210130101	0010001110000110001011000
16

W 0.000000 0.000000 0.000000
H 2.193931 2.193931 -2.193931
M 4.387862 0.000000 -4.387862
W 6.581793 2.193931 -6.581793
N 8.775724 0.000000 -8.775724
T 10.969655 -2.193931 -6.581793
V 8.775724 -4.387862 -4.387862
P 6.581793 -2.193931 -2.193931
N 4.387862 -4.387862 -0.000000
A 2.193931 -6.581793 -2.193931
K 4.387862 -8.775724 -4.387862
Q 6.581793 -6.581793 -6.581793
V 4.387862 -4.387862 -8.775724
I 2.193931 -2.193931 -6.581793
A 0.000000 -4.387862 -4.387862
A -2.193931 -2.193931 -2.193931


-18.710000	201231010320301	0100100111100010001101001
16

W 0.000000 0.000000 0.000000
H 2.193931 2.193931 -2.193931
M 4.387862 0.000000 -4.387862
W 6.581793 -2.193931 -2.193931
N 8.775724 -4.387862 -4.387862
T 6.581793 -6.581793 -6.581793
V 4.387862 -4.387862 -8.775724
P 2.193931 -2.193931 -6.581793
N 0.000000 -4.387862 -4.387862
A -2.193931 -2.193931 -2.193931
K -4.387862 -4.387862 -0.000000
Q -2.193931 -6.581793 2.193931
V 0.000000 -4.387862 4.387862
I 2.193931 -2.193931 2.193931
A 4.387862 -4.387862 -0.000000
A 2.193931 -6.581793 -2.193931


-18.670000	302123120132301	1100011001111001001011011
16

W 0.000000 0.000000 0.000000
H 2.193931 2.193931 -2.193931
M 4.387862 0.000000 -4.387862
W 6.581793 -2.193931 -2.193931
N 8.775724 0.000000 0.000000
T 10.969655 -2.193931 2.193931
V 8.775724 -4.387862 4.387862
P 6.581793 -2.193931 6.581793
N 8.775724 0.000000 8.775724
A 10.969655 2.193931 6.581793
K 8.775724 4.387862 4.387862
Q 6.581793 2.193931 2.193931
V 4.387862 0.000000 4.387862
I 2.193931 -2.193931 2.193931
A 4.387862 -4.387862 0.000000
A 6.581793 -6.581793 2.193931


-18.640000	101321020120301	1000101101100001001001001
16

W 0.000000 0.000000 0.000000
H 2.193931 2.193931 -2.193931
M 4.387862 0.000000 -4.387862
W 6.581793 -2.193931 -2.193931
N 8.775724 -4.387862 -4.387862
T 6.581793 -6.581793 -6.581793
V 4.387862 -8.775724 -4.387862
P 2.193931 -6.581793 -2.193931
N 4.387862 -4.387862 -0.000000
A 2.193931 -2.193931 2.193931
K 0.000000 -4.387862 4.387862
Q -2.193931 -6.581793 2.193931
V -4.387862 -4.387862 -0.000000
I -2.193931 -2.193931 -2.193931
A 0.000000 -4.387862 -4.387862
A 2.193931 -2.193931 -6.581793


-18.610000	013213012120101	0010110110110010011001000
16

W 0.000000 0.000000 0.000000
H 2.193931 2.193931 -2.193931
M 4.387862 0.000000 -4.387862
W 6.581793 2.193931 -6.581793
N 8.775724 0.000000 -8.775724
T 6.581793 -2.193931 -10.969655
V 4.387862 -4.387862 -8.775724
P 2.193931 -6.581793 -10.969655
N 0.000000 -8.775724 -8.775724
A -2.193931 -6.581793 -6.581793
K -4.387862 -4.387862 -8.775724
Q -2.193931 -2.193931 -10.969655
V 0.000000 -0.000000 -8.775724
I 2.193931 -2.193931 -6.581793
A 0.000000 -4.387862 -4.387862
A -2.193931 -2.193931 -2.193931


-18.610000	012312013130101	0010011110010010111011000
16

W 0.000000 0.000000 0.000000
H 2.193931 2.193931 -2.193931
M 4.387862 0.000000 -4.387862
W 6.581793 2.193931 -6.581793
N 8.775724 0.000000 -8.775724
T 10.969655 -2.193931 -6.581793
V 8.775724 -4.387862 -4.387862
P 10.969655 -6.581793 -2.193931
N 8.775724 -8.775724 -0.000000
A 6.581793 -6.581793 2.193931
K 8.775724 -4.387862 4.387862
Q 10.969655 -2.193931 2.193931
V 8.775724 -0.000000 -0.000000
I 6.581793 -2.193931 -2.193931
A 4.387862 -4.387862 -0.000000
A 2.193931 -2.193931 2.193931


-18.610000	010210312123101	0010000110001110011001110
16

W 0.000000 0.000000 0.000000
H 2.193931 2.193931 -2.193931
M 4.387862 0.000000 -4.387862
W 6.581793 2.193931 -6.581793
N 4.387862 4.387862 -8.775724
T 2.193931 2.193931 -10.969655
V 0.000000 0.000000 -8.775724
P -2.193931 -2.193931 -10.969655
N -4.387862 -4.387862 -8.775724
A -2.193931 -6.581793 -6.581793
K 0.000000 -8.775724 -8.775724
Q 2.193931 -6.581793 -10.969655
V 4.387862 -4.387862 -8.775724
I 2.193931 -2.193931 -6.581793
A 0.000000 -4.387862 -4.387862
A -2.193931 -2.193931 -2.193931


-18.610000	013213012320301	0010110110110010011101001
16

W 0.000000 0.000000 0.000000
H 2.193931 2.193931 -2.193931
M 4.387862 0.000000 -4.387862
W 6.581793 -2.193931 -2.193931
N 8.775724 -4.387862 -4.387862
T 6.581793 -6.581793 -6.581793
V 4.387862 -4.387862 -8.775724
P 2.193931 -6.581793 -10.969655
N 0.000000 -8.775724 -8.775724
A -2.193931 -6.581793 -6.581793
K -4.387862 -4.387862 -8.775724
Q -2.193931 -2.193931 -10.969655
V 0.000000 -0.000000 -8.775724
I 2.193931 -2.193931 -6.581793
A 0.000000 -4.387862 -4.387862
A -2.193931 -2.193931 -2.193931


-18.610000	010310213132101	0010001110000110111011010
16

W 0.000000 0.000000 0.000000
H 2.193931 2.193931 -2.193931
M 4.387862 0.000000 -4.387862
W 6.581793 2.193931 -6.581793
N 8.775724 4.387862 -4.387862
T 10.969655 2.193931 -2.193931
V 8.775724 0.000000 -0.000000
P 10.969655 -2.193931 2.193931
N 8.775724 -4.387862 4.387862
A 6.581793 -6.581793 2.193931
K 8.775724 -8.775724 -0.000000
Q 10.969655 -6.581793 -2.193931
V 8.775724 -4.387862 -4.387862
I 6.581793 -2.193931 -2.193931
A 4.387862 -4.387862 -0.000000
A 2.193931 -2.193931 2.193931


-18.580000	012310313102101	0010011110001110111000010
16

W 0.000000 0.000000 0.000000
H 2.193931 2.193931 -2.193931
M 4.387862 0.000000 -4.387862
W 6.581793 2.193931 -6.581793
N 8.775724 4.387862 -4.387862
T 6.581793 6.581793 -2.193931
V 4.387862 4.387862 -0.000000
P 6.581793 2.193931 2.193931
N 4.387862 0.000000 4.387862
A 6.581793 -2.193931 6.581793
K 8.775724 -4.387862 4.387862
Q 10.969655 -2.193931 2.193931
V 8.775724 0.000000 -0.000000
I 6.581793 -2.193931 -2.193931
A 4.387862 -4.387862 -0.000000
A 2.193931 -2.193931 2.193931


-18.580000	013210212103101	0010110110000110011000110
16

W 0.000000 0.000000 0.000000
H 2.193931 2.193931 -2.193931
M 4.387862 0.000000 -4.387862
W 6.581793 2.193931 -6.581793
N 4.387862 4.387862 -8.775724
T 2.193931 6.581793 -6.581793
V 0.000000 4.387862 -4.387862
P -2.193931 2.193931 -6.581793
N -4.387862 0.000000 -4.387862
A -6.581793 -2.193931 -6.581793
K -4.387862 -4.387862 -8.775724
Q -2.193931 -2.193931 -10.969655
V 0.000000 0.000000 -8.775724
I 2.193931 -2.193931 -6.581793
A 0.000000 -4.387862 -4.387862
A -2.193931 -2.193931 -2.193931


-18.550000	010123121021301	0010001001111001100001101
16

W 0.000000 0.000000 0.000000
H 2.193931 2.193931 -2.193931
M 4.387862 0.000000 -4.387862
W 6.581793 -2.193931 -2.193931
N 4.387862 -4.387862 0.000000
T 2.193931 -6.581793 -2.193931
V 4.387862 -8.775724 -4.387862
P 6.581793 -6.581793 -6.581793
N 8.775724 -4.387862 -4.387862
A 10.969655 -2.193931 -6.581793
K 8.775724 -0.000000 -8.775724
Q 6.581793 -2.193931 -10.969655
V 4.387862 -4.387862 -8.775724
I 2.193931 -2.193931 -6.581793
A 0.000000 -4.387862 -4.387862
A -2.193931 -2.193931 -2.193931


-18.530000	302012030321301	1100010010010011001101101
16

W 0.000000 0.000000 0.000000
H 2.193931 2.193931 -2.193931
M 4.387862 0.000000 -4.387862
W 6.581793 -2.193931 -2.193931
N 4.387862 -4.387862 0.000000
T 2.193931 -6.581793 -2.193931
V 0.000000 -4.387862 -4.387862
P -2.193931 -2.193931 -2.193931
N -4.387862 -0.000000 -4.387862
A -6.581793 2.193931 -2.193931
K -4.387862 4.387862 0.000000
Q -2.193931 6.581793 -2.193931
V 0.000000 4.387862 -4.387862
I -2.193931 2.193931 -6.581793
A 0.000000 -0.000000 -8.775724
A 2.193931 -2.193931 -6.581793


-18.500000	010130102103101	0010001011001000011000110
16

W 0.000000 0.000000 0.000000
H 2.193931 2.193931 -2.193931
M 4.387862 0.000000 -4.387862
W 6.581793 2.193931 -6.581793
N 4.387862 4.387862 -8.775724
T 2.193931 6.581793 -6.581793
V 0.000000 4.387862 -4.387862
P -2.193931 2.193931 -6.581793
N 0.000000 0.000000 -8.775724
A 2.193931 2.193931 -10.969655
K 4.387862 0.000000 -13.163586
Q 6.581793 -2.193931 -10.969655
V 4.387862 -4.387862 -8.775724
I 2.193931 -2.193931 -6.581793
A 0.000000 -4.387862 -4.387862
A -2.193931 -2.193931 -2.193931


-18.500000	010120103102101	0010001001001000111000010
16

W 0.000000 0.000000 0.000000
H 2.193931 2.193931 -2.193931
M 4.387862 0.000000 -4.387862
W 6.581793 2.193931 -6.581793
N 8.775724 4.387862 -4.387862
T 6.581793 6.581793 -2.193931
V 4.387862 4.387862 -0.000000
P 6.581793 2.193931 2.193931
N 8.775724 0.000000 -0.000000
A 10.969655 2.193931 -2.193931
K 13.163586 0.000000 -4.387862
Q 10.969655 -2.193931 -6.581793
V 8.775724 -4.387862 -4.387862
I 6.581793 -2.193931 -2.193931
A 4.387862 -4.387862 -0.000000
A 2.193931 -2.193931 2.193931


-18.460000	103201202103101	1000110100100100011000110
16

W 0.000000 0.000000 0.000000
H 2.193931 2.193931 -2.193931
M 4.387862 0.000000 -4.387862
W 6.581793 2.193931 -6.581793
N 4.387862 4.387862 -8.775724
T 2.193931 6.581793 -6.581793
V 0.000000 4.387862 -4.387862
P -2.193931 2.193931 -6.581793
N 0.000000 0.000000 -8.775724
A -2.193931 -2.193931 -10.969655
K -4.387862 -4.387862 -8.775724
Q -6.581793 -2.193931 -6.581793
V -4.387862 0.000000 -4.387862
I -2.193931 -2.193931 -2.193931
A 0.000000 -4.387862 -4.387862
A 2.193931 -2.193931 -6.581793


-18.460000	102301303102101	1000011100101100111000010
16

W 0.000000 0.000000 0.000000
H 2.193931 2.193931 -2.193931
M 4.387862 0.000000 -4.387862
W 6.581793 2.193931 -6.581793
N 8.775724 4.387862 -4.387862
T 6.581793 6.581793 -2.193931
V 4.387862 4.387862 -0.000000
P 6.581793 2.193931 2.193931
N 8.775724 0.000000 -0.000000
A 10.969655 -2.193931 2.193931
K 8.775724 -4.387862 4.387862
Q 6.581793 -2.193931 6.581793
V 4.387862 0.000000 4.387862
I 2.193931 -2.193931 2.193931
A 4.387862 -4.387862 -0.000000
A 6.581793 -2.193931 -2.193931


-18.450000	013130132103101	0010111011001011011000110
16

W 0.000000 0.000000 0.000000
H 2.193931 2.193931 -2.193931
M 4.387862 0.000000 -4.387862
W 6.581793 2.193931 -6.581793
N 4.387862 4.387862 -8.775724
T 2.193931 6.581793 -6.581793
V 0.000000 4.387862 -4.387862
P -2.193931 2.193931 -6.581793
N -4.387862 4.387862 -8.775724
A -2.193931 6.581793 -10.969655
K 0.000000 4.387862 -13.163586
Q 2.193931 2.193931 -10.969655
V 0.000000 0.000000 -8.775724
I 2.193931 -2.193931 -6.581793
A 0.000000 -4.387862 -4.387862
A -2.193931 -2.193931 -2.193931


-18.450000	012120123102101	0010011001001001111000010
16

W 0.000000 0.000000 0.000000
H 2.193931 2.193931 -2.193931
M 4.387862 0.000000 -4.387862
W 6.581793 2.193931 -6.581793
N 8.775724 4.387862 -4.387862
T 6.581793 6.581793 -2.193931
V 4.387862 4.387862 -0.000000
P 6.581793 2.193931 2.193931
N 8.775724 4.387862 4.387862
A 10.969655 6.581793 2.193931
K 13.163586 4.387862 -0.000000
Q 10.969655 2.193931 -2.193931
V 8.775724 0.000000 -0.000000
I 6.581793 -2.193931 -2.193931
A 4.387862 -4.387862 -0.000000
A 2.193931 -2.193931 2.193931


-18.370000	201301203102301	0100101100100100111000011
16

W 0.000000 0.000000 0.000000
H 2.193931 2.193931 -2.193931
M 4.387862 0.000000 -4.387862
W 6.581793 -2.193931 -2.193931
N 8.775724 0.000000 0.000000
T 6.581793 2.193931 2.193931
V 4.387862 0.000000 4.387862
P 6.581793 -2.193931 6.581793
N 8.775724 -4.387862 4.387862
A 6.581793 -6.581793 2.193931
K 4.387862 -8.775724 4.387862
Q 2.193931 -6.581793 6.581793
V 0.000000 -4.387862 4.387862
I 2.193931 -2.193931 2.193931
A 4.387862 -4.387862 0.000000
A 2.193931 -6.581793 -2.193931


-18.320000	320203202132301	1101000100110100011011011
16

W 0.000000 0.000000 0.000000
H 2.193931 2.193931 -2.193931
M 4.387862 0.000000 -4.387862
W 6.581793 -2.193931 -2.193931
N 8.775724 0.000000 0.000000
T 10.969655 -2.193931 2.193931
V 8.775724 -4.387862 4.387862
P 6.581793 -6.581793 2.193931
N 8.775724 -8.775724 0.000000
A 6.581793 -10.969655 -2.193931
K 4.387862 -8.775724 -4.387862
Q 2.193931 -6.581793 -2.193931
V 4.387862 -4.387862 0.000000
I 2.193931 -2.193931 2.193931
A 4.387862 -0.000000 4.387862
A 6.581793 -2.193931 6.581793


-18.320000	320213212132301	1101000110110110011011011
16

W 0.000000 0.000000 0.000000
H 2.193931 2.193931 -2.193931
M 4.387862 0.000000 -4.387862
W 6.581793 -2.193931 -2.193931
N 8.775724 0.000000 0.000000
T 10.969655 -2.193931 2.193931
V 8.775724 -4.387862 4.387862
P 6.581793 -6.581793 2.193931
N 4.387862 -8.775724 4.387862
A 2.193931 -10.969655 2.193931
K 0.000000 -8.775724 0.000000
Q 2.193931 -6.581793 -2.193931
V 4.387862 -4.387862 0.000000
I 2.193931 -2.193931 2.193931
A 4.387862 -0.000000 4.387862
A 6.581793 -2.193931 6.581793


-18.300000	023102132120301	0001111000011011011001001
16

W 0.000000 0.000000 0.000000
H 2.193931 2.193931 -2.193931
M 4.387862 0.000000 -4.387862
W 6.581793 -2.193931 -2.193931
N 8.775724 -4.387862 -4.387862
T 6.581793 -6.581793 -6.581793
V 4.387862 -8.775724 -4.387862
P 2.193931 -10.969655 -6.581793
N 0.000000 -8.775724 -8.775724
A 2.193931 -6.581793 -10.969655
K 4.387862 -4.387862 -8.775724
Q 2.193931 -2.193931 -6.581793
V 0.000000 -4.387862 -4.387862
I 2.193931 -6.581793 -2.193931
A 4.387862 -4.387862 -0.000000
A 2.193931 -2.193931 2.193931


-18.150000	021031010320301	0001100011100010001101001
16

W 0.000000 0.000000 0.000000
H 2.193931 2.193931 -2.193931
M 4.387862 0.000000 -4.387862
W 6.581793 -2.193931 -2.193931
N 8.775724 -4.387862 -4.387862
T 6.581793 -6.581793 -6.581793
V 4.387862 -4.387862 -8.775724
P 2.193931 -2.193931 -6.581793
N 0.000000 -4.387862 -4.387862
A -2.193931 -2.193931 -2.193931
K -4.387862 -4.387862 -0.000000
Q -2.193931 -6.581793 2.193931
V 0.000000 -8.775724 -0.000000
I 2.193931 -6.581793 -2.193931
A 4.387862 -4.387862 -0.000000
A 2.193931 -2.193931 2.193931


-18.130000	312102131321301	1110011000011011101101101
16

W 0.000000 0.000000 0.000000
H 2.193931 2.193931 -2.193931
M 4.387862 0.000000 -4.387862
W 6.581793 -2.193931 -2.193931
N 4.387862 -4.387862 0.000000
T 2.193931 -6.581793 -2.193931
V 0.000000 -4.387862 -4.387862
P 2.193931 -2.193931 -6.581793
N 0.000000 -0.000000 -8.775724
A 2.193931 2.193931 -10.969655
K 4.387862 4.387862 -8.775724
Q 2.193931 6.581793 -6.581793
V 0.000000 4.387862 -4.387862
I -2.193931 2.193931 -6.581793
A -4.387862 -0.000000 -4.387862
A -2.193931 -2.193931 -2.193931


-18.070000	320303203132301	1101001100110100111011011
16

W 0.000000 0.000000 0.000000
H 2.193931 2.193931 -2.193931
M 4.387862 0.000000 -4.387862
W 6.581793 -2.193931 -2.193931
N 8.775724 0.000000 0.000000
T 10.969655 -2.193931 2.193931
V 8.775724 -4.387862 4.387862
P 10.969655 -6.581793 6.581793
N 13.163586 -8.775724 4.387862
A 10.969655 -10.969655 2.193931
K 8.775724 -8.775724 0.000000
Q 6.581793 -6.581793 2.193931
V 4.387862 -4.387862 0.000000
I 2.193931 -2.193931 2.193931
A 4.387862 -0.000000 4.387862
A 6.581793 -2.193931 6.581793


-18.070000	320313213132301	1101001110110110111011011
16

W 0.000000 0.000000 0.000000
H 2.193931 2.193931 -2.193931
M 4.387862 0.000000 -4.387862
W 6.581793 -2.193931 -2.193931
N 8.775724 0.000000 0.000000
T 10.969655 -2.193931 2.193931
V 8.775724 -4.387862 4.387862
P 10.969655 -6.581793 6.581793
N 8.775724 -8.775724 8.775724
A 6.581793 -10.969655 6.581793
K 4.387862 -8.775724 4.387862
Q 6.581793 -6.581793 2.193931
V 4.387862 -4.387862 0.000000
I 2.193931 -2.193931 2.193931
A 4.387862 -0.000000 4.387862
A 6.581793 -2.193931 6.581793


-18.060000	021020310102101	0001100001001110001000010
16

W 0.000000 0.000000 0.000000
H 2.193931 2.193931 -2.193931
M 4.387862 0.000000 -4.387862
W 6.581793 2.193931 -6.581793
N 8.775724 4.387862 -4.387862
T 6.581793 6.581793 -2.193931
V 4.387862 4.387862 -0.000000
P 2.193931 6.581793 2.193931
N 0.000000 4.387862 4.387862
A 2.193931 2.193931 6.581793
K 4.387862 0.000000 4.387862
Q 2.193931 -2.193931 2.193931
V 4.387862 -4.387862 -0.000000
I 6.581793 -2.193931 -2.193931
A 8.775724 0.000000 -0.000000
A 6.581793 2.193931 2.193931


-18.060000	031030210103101	0011100011000110001000110
16

W 0.000000 0.000000 0.000000
H 2.193931 2.193931 -2.193931
M 4.387862 0.000000 -4.387862
W 6.581793 2.193931 -6.581793
N 4.387862 4.387862 -8.775724
T 2.193931 6.581793 -6.581793
V 0.000000 4.387862 -4.387862
P -2.193931 6.581793 -2.193931
N -4.387862 4.387862 -0.000000
A -6.581793 2.193931 -2.193931
K -4.387862 0.000000 -4.387862
Q -2.193931 -2.193931 -2.193931
V 0.000000 -4.387862 -4.387862
I 2.193931 -2.193931 -6.581793
A 0.000000 0.000000 -8.775724
A -2.193931 2.193931 -6.581793


-17.990000	130201203102101	1011000100100100111000010
16

W 0.000000 0.000000 0.000000
H 2.193931 2.193931 -2.193931
M 4.387862 0.000000 -4.387862
W 6.581793 2.193931 -6.581793
N 8.775724 4.387862 -4.387862
T 6.581793 6.581793 -2.193931
V 4.387862 4.387862 -0.000000
P 6.581793 2.193931 2.193931
N 8.775724 0.000000 -0.000000
A 6.581793 -2.193931 -2.193931
K 4.387862 -4.387862 -0.000000
Q 2.193931 -2.193931 2.193931
V 4.387862 0.000000 4.387862
I 2.193931 2.193931 6.581793
A 0.000000 4.387862 4.387862
A 2.193931 6.581793 2.193931


-17.990000	120301302103101	1001001100101100011000110
16

W 0.000000 0.000000 0.000000
H 2.193931 2.193931 -2.193931
M 4.387862 0.000000 -4.387862
W 6.581793 2.193931 -6.581793
N 4.387862 4.387862 -8.775724
T 2.193931 6.581793 -6.581793
V 0.000000 4.387862 -4.387862
P -2.193931 2.193931 -6.581793
N 0.000000 0.000000 -8.775724
A 2.193931 -2.193931 -6.581793
K 0.000000 -4.387862 -4.387862
Q -2.193931 -2.193931 -2.193931
V -4.387862 0.000000 -4.387862
I -6.581793 2.193931 -2.193931
A -4.387862 4.387862 -0.000000
A -2.193931 6.581793 -2.193931


-17.920000	010323123021301	0010001101111001110001101
16

W 0.000000 0.000000 0.000000
H 2.193931 2.193931 -2.193931
M 4.387862 0.000000 -4.387862
W 6.581793 -2.193931 -2.193931
N 4.387862 -4.387862 0.000000
T 2.193931 -6.581793 -2.193931
V 4.387862 -8.775724 -4.387862
P 6.581793 -10.969655 -2.193931
N 8.775724 -8.775724 0.000000
A 10.969655 -6.581793 -2.193931
K 8.775724 -4.387862 -4.387862
Q 6.581793 -6.581793 -6.581793
V 4.387862 -4.387862 -8.775724
I 2.193931 -2.193931 -6.581793
A 0.000000 -4.387862 -4.387862
A -2.193931 -2.193931 -2.193931


-17.900000	120310210132301	1001001110000110001011011
16

W 0.000000 0.000000 0.000000
H 2.193931 2.193931 -2.193931
M 4.387862 0.000000 -4.387862
W 6.581793 -2.193931 -2.193931
N 8.775724 0.000000 0.000000
T 10.969655 -2.193931 2.193931
V 8.775724 -4.387862 4.387862
P 6.581793 -2.193931 6.581793
N 4.387862 -4.387862 8.775724
A 2.193931 -6.581793 6.581793
K 4.387862 -8.775724 4.387862
Q 6.581793 -6.581793 2.193931
V 4.387862 -4.387862 0.000000
I 2.193931 -2.193931 2.193931
A 4.387862 -0.000000 4.387862
A 6.581793 2.193931 2.193931


-17.890000	232132031201301	0111011011010011100100101
16

W 0.000000 0.000000 0.000000
H 2.193931 2.193931 -2.193931
M 4.387862 0.000000 -4.387862
W 6.581793 -2.193931 -2.193931
N 4.387862 -4.387862 0.000000
T 2.193931 -2.193931 2.193931
V 4.387862 0.000000 4.387862
P 6.581793 2.193931 2.193931
N 4.387862 4.387862 0.000000
A 2.193931 6.581793 2.193931
K 4.387862 8.775724 4.387862
Q 6.581793 6.581793 6.581793
V 4.387862 4.387862 8.775724
I 2.193931 2.193931 6.581793
A 0.000000 4.387862 4.387862
A -2.193931 2.193931 2.193931


-17.840000	013130131201301	0010111011001011100100101
16

W 0.000000 0.000000 0.000000
H 2.193931 2.193931 -2.193931
M 4.387862 0.000000 -4.387862
W 6.581793 -2.193931 -2.193931
N 4.387862 -4.387862 0.000000
T 2.193931 -2.193931 2.193931
V 4.387862 0.000000 4.387862
P 6.581793 2.193931 2.193931
N 4.387862 4.387862 0.000000
A 6.581793 6.581793 -2.193931
K 8.775724 4.387862 -4.387862
Q 10.969655 2.193931 -2.193931
V 8.775724 0.000000 0.000000
I 10.969655 -2.193931 2.193931
A 8.775724 -4.387862 4.387862
A 6.581793 -2.193931 6.581793


-17.840000	323123031201301	1101111001110011100100101
16

W 0.000000 0.000000 0.000000
H 2.193931 2.193931 -2.193931
M 4.387862 0.000000 -4.387862
W 6.581793 -2.193931 -2.193931
N 4.387862 -4.387862 0.000000
T 2.193931 -2.193931 2.193931
V 4.387862 0.000000 4.387862
P 6.581793 2.193931 2.193931
N 4.387862 4.387862 0.000000
A 2.193931 6.581793 2.193931
K 0.000000 8.775724 0.000000
Q -2.193931 6.581793 -2.193931
V -4.387862 4.387862 0.000000
I -2.193931 2.193931 2.193931
A 0.000000 4.387862 4.387862
A 2.193931 2.193931 6.581793


-17.800000	012010310102101	0010010010001110001000010
16

W 0.000000 0.000000 0.000000
H 2.193931 2.193931 -2.193931
M 4.387862 0.000000 -4.387862
W 6.581793 2.193931 -6.581793
N 8.775724 4.387862 -4.387862
T 6.581793 6.581793 -2.193931
V 4.387862 4.387862 -0.000000
P 2.193931 6.581793 2.193931
N 0.000000 4.387862 4.387862
A 2.193931 2.193931 6.581793
K 4.387862 0.000000 4.387862
Q 6.581793 2.193931 2.193931
V 8.775724 0.000000 -0.000000
I 6.581793 -2.193931 -2.193931
A 4.387862 -4.387862 -0.000000
A 2.193931 -2.193931 2.193931


-17.800000	013010210103101	0010110010000110001000110
16

W 0.000000 0.000000 0.000000
H 2.193931 2.193931 -2.193931
M 4.387862 0.000000 -4.387862
W 6.581793 2.193931 -6.581793
N 4.387862 4.387862 -8.775724
T 2.193931 6.581793 -6.581793
V 0.000000 4.387862 -4.387862
P -2.193931 6.581793 -2.193931
N -4.387862 4.387862 -0.000000
A -6.581793 2.193931 -2.193931
K -4.387862 0.000000 -4.387862
Q -2.193931 2.193931 -6.581793
V 0.000000 0.000000 -8.775724
I 2.193931 -2.193931 -6.581793
A 0.000000 -4.387862 -4.387862
A -2.193931 -2.193931 -2.193931


-17.790000	020230210320301	0001000111000110001101001
16

W 0.000000 0.000000 0.000000
H 2.193931 2.193931 -2.193931
M 4.387862 0.000000 -4.387862
W 6.581793 -2.193931 -2.193931
N 8.775724 -4.387862 -4.387862
T 6.581793 -6.581793 -6.581793
V 4.387862 -4.387862 -8.775724
P 2.193931 -2.193931 -6.581793
N 0.000000 -4.387862 -4.387862
A -2.193931 -6.581793 -6.581793
K 0.000000 -8.775724 -8.775724
Q 2.193931 -10.969655 -6.581793
V 4.387862 -8.775724 -4.387862
I 2.193931 -6.581793 -2.193931
A 4.387862 -4.387862 -0.000000
A 2.193931 -2.193931 2.193931


-17.770000	230201203102101	0111000100100100111000010
16

W 0.000000 0.000000 0.000000
H 2.193931 2.193931 -2.193931
M 4.387862 0.000000 -4.387862
W 6.581793 2.193931 -6.581793
N 8.775724 4.387862 -4.387862
T 6.581793 6.581793 -2.193931
V 4.387862 4.387862 -0.000000
P 6.581793 2.193931 2.193931
N 8.775724 0.000000 -0.000000
A 6.581793 -2.193931 -2.193931
K 4.387862 -4.387862 -0.000000
Q 2.193931 -2.193931 2.193931
V 4.387862 0.000000 4.387862
I 2.193931 2.193931 6.581793
A 0.000000 4.387862 4.387862
A -2.193931 2.193931 2.193931


