-8.200000	202102301	0100011000011
10

Q 0.000000 0.000000 0.000000
Y 2.193931 2.193931 -2.193931
Q 4.387862 0.000000 -4.387862
F 6.581793 -2.193931 -2.193931
W 8.775724 0.000000 0.000000
K 6.581793 2.193931 2.193931
N 4.387862 0.000000 4.387862
F 2.193931 -2.193931 2.193931
Q 4.387862 -4.387862 0.000000
T 2.193931 -6.581793 -2.193931


-8.200000	302102301	1100011000011
10

Q 0.000000 0.000000 0.000000
Y 2.193931 2.193931 -2.193931
Q 4.387862 0.000000 -4.387862
F 6.581793 -2.193931 -2.193931
W 8.775724 0.000000 0.000000
K 6.581793 2.193931 2.193931
N 4.387862 0.000000 4.387862
F 2.193931 -2.193931 2.193931
Q 4.387862 -4.387862 0.000000
T 6.581793 -6.581793 2.193931


-6.190000	120123101	1001001001110
10

Q 0.000000 0.000000 0.000000
Y 2.193931 2.193931 -2.193931
Q 4.387862 0.000000 -4.387862
F 6.581793 2.193931 -6.581793
W 4.387862 4.387862 -8.775724
K 2.193931 2.193931 -10.969655
N 0.000000 0.000000 -8.775724
F -2.193931 2.193931 -6.581793
Q 0.000000 4.387862 -4.387862
T 2.193931 6.581793 -6.581793


-6.190000	130132101	1011001011010
10

Q 0.000000 0.000000 0.000000
Y 2.193931 2.193931 -2.193931
Q 4.387862 0.000000 -4.387862
F 6.581793 2.193931 -6.581793
W 8.775724 4.387862 -4.387862
K 10.969655 2.193931 -2.193931
N 8.775724 0.000000 -0.000000
F 6.581793 2.193931 2.193931
Q 4.387862 4.387862 -0.000000
T 6.581793 6.581793 -2.193931


-6.190000	310312301	1110001110011
10

Q 0.000000 0.000000 0.000000
Y 2.193931 2.193931 -2.193931
Q 4.387862 0.000000 -4.387862
F 6.581793 -2.193931 -2.193931
W 8.775724 0.000000 0.000000
K 10.969655 2.193931 -2.193931
N 8.775724 4.387862 -4.387862
F 6.581793 6.581793 -2.193931
Q 4.387862 4.387862 0.000000
T 6.581793 2.193931 2.193931


-6.000000	030130301	0011001011001
10

Q 0.000000 0.000000 0.000000
Y 2.193931 2.193931 -2.193931
Q 4.387862 0.000000 -4.387862
F 6.581793 -2.193931 -2.193931
W 8.775724 -4.387862 -4.387862
K 10.969655 -6.581793 -2.193931
N 8.775724 -8.775724 0.000000
F 6.581793 -6.581793 2.193931
Q 4.387862 -4.387862 0.000000
T 2.193931 -2.193931 2.193931


-6.000000	013123101	0010111001110
10

Q 0.000000 0.000000 0.000000
Y 2.193931 2.193931 -2.193931
Q 4.387862 0.000000 -4.387862
F 6.581793 2.193931 -6.581793
W 4.387862 4.387862 -8.775724
K 2.193931 2.193931 -10.969655
N 0.000000 0.000000 -8.775724
F 2.193931 -2.193931 -6.581793
Q 0.000000 -4.387862 -4.387862
T -2.193931 -2.193931 -2.193931


-6.000000	012132101	0010011011010
10

Q 0.000000 0.000000 0.000000
Y 2.193931 2.193931 -2.193931
Q 4.387862 0.000000 -4.387862
F 6.581793 2.193931 -6.581793
W 8.775724 4.387862 -4.387862
K 10.969655 2.193931 -2.193931
N 8.775724 0.000000 -0.000000
F 6.581793 -2.193931 -2.193931
Q 4.387862 -4.387862 -0.000000
T 2.193931 -2.193931 2.193931


-6.000000	032132301	0011011011011
10

Q 0.000000 0.000000 0.000000
Y 2.193931 2.193931 -2.193931
Q 4.387862 0.000000 -4.387862
F 6.581793 -2.193931 -2.193931
W 8.775724 0.000000 0.000000
K 10.969655 -2.193931 2.193931
N 8.775724 -4.387862 4.387862
F 6.581793 -6.581793 2.193931
Q 4.387862 -4.387862 0.000000
T 2.193931 -2.193931 2.193931


-6.000000	010320301	0010001101001
10

Q 0.000000 0.000000 0.000000
Y 2.193931 2.193931 -2.193931
Q 4.387862 0.000000 -4.387862
F 6.581793 -2.193931 -2.193931
W 8.775724 -4.387862 -4.387862
K 6.581793 -6.581793 -6.581793
N 4.387862 -4.387862 -8.775724
F 2.193931 -2.193931 -6.581793
Q 0.000000 -4.387862 -4.387862
T -2.193931 -2.193931 -2.193931


-6.000000	010130101	0010001011000
10

Q 0.000000 0.000000 0.000000
Y 2.193931 2.193931 -2.193931
Q 4.387862 0.000000 -4.387862
F 6.581793 2.193931 -6.581793
W 8.775724 0.000000 -8.775724
K 10.969655 -2.193931 -6.581793
N 8.775724 -4.387862 -4.387862
F 6.581793 -2.193931 -2.193931
Q 4.387862 -4.387862 -0.000000
T 2.193931 -2.193931 2.193931


-6.000000	010120101	0010001001000
10

Q 0.000000 0.000000 0.000000
Y 2.193931 2.193931 -2.193931
Q 4.387862 0.000000 -4.387862
F 6.581793 2.193931 -6.581793
W 8.775724 0.000000 -8.775724
K 6.581793 -2.193931 -10.969655
N 4.387862 -4.387862 -8.775724
F 2.193931 -2.193931 -6.581793
Q 0.000000 -4.387862 -4.387862
T -2.193931 -2.193931 -2.193931


-6.000000	020120301	0001001001001
10

Q 0.000000 0.000000 0.000000
Y 2.193931 2.193931 -2.193931
Q 4.387862 0.000000 -4.387862
F 6.581793 -2.193931 -2.193931
W 8.775724 -4.387862 -4.387862
K 6.581793 -6.581793 -6.581793
N 4.387862 -8.775724 -4.387862
F 2.193931 -6.581793 -2.193931
Q 4.387862 -4.387862 -0.000000
T 2.193931 -2.193931 2.193931


-5.980000	103102101	1000111000010
10

Q 0.000000 0.000000 0.000000
Y 2.193931 2.193931 -2.193931
Q 4.387862 0.000000 -4.387862
F 6.581793 2.193931 -6.581793
W 8.775724 4.387862 -4.387862
K 6.581793 6.581793 -2.193931
N 4.387862 4.387862 -0.000000
F 6.581793 2.193931 2.193931
Q 8.775724 0.000000 -0.000000
T 10.969655 2.193931 -2.193931


-5.980000	102103101	1000011000110
10

Q 0.000000 0.000000 0.000000
Y 2.193931 2.193931 -2.193931
Q 4.387862 0.000000 -4.387862
F 6.581793 2.193931 -6.581793
W 4.387862 4.387862 -8.775724
K 2.193931 6.581793 -6.581793
N 0.000000 4.387862 -4.387862
F -2.193931 2.193931 -6.581793
Q 0.000000 0.000000 -8.775724
T 2.193931 2.193931 -10.969655


-5.980000	301302301	1100101100011
10

Q 0.000000 0.000000 0.000000
Y 2.193931 2.193931 -2.193931
Q 4.387862 0.000000 -4.387862
F 6.581793 -2.193931 -2.193931
W 8.775724 0.000000 0.000000
K 6.581793 2.193931 2.193931
N 4.387862 4.387862 0.000000
F 6.581793 6.581793 -2.193931
Q 8.775724 4.387862 -4.387862
T 10.969655 2.193931 -2.193931


-5.390000	101201301	1000100100101
10

Q 0.000000 0.000000 0.000000
Y 2.193931 2.193931 -2.193931
Q 4.387862 0.000000 -4.387862
F 6.581793 -2.193931 -2.193931
W 4.387862 -4.387862 0.000000
K 2.193931 -2.193931 2.193931
N 4.387862 0.000000 4.387862
F 6.581793 2.193931 2.193931
Q 8.775724 0.000000 0.000000
T 10.969655 2.193931 -2.193931


-5.390000	301201301	1100100100101
10

Q 0.000000 0.000000 0.000000
Y 2.193931 2.193931 -2.193931
Q 4.387862 0.000000 -4.387862
F 6.581793 -2.193931 -2.193931
W 4.387862 -4.387862 0.000000
K 2.193931 -2.193931 2.193931
N 4.387862 0.000000 4.387862
F 6.581793 2.193931 2.193931
Q 8.775724 0.000000 0.000000
T 10.969655 -2.193931 2.193931


-5.120000	130131301	1011001011101
10

Q 0.000000 0.000000 0.000000
Y 2.193931 2.193931 -2.193931
Q 4.387862 0.000000 -4.387862
F 6.581793 -2.193931 -2.193931
W 4.387862 -4.387862 0.000000
K 6.581793 -6.581793 2.193931
N 4.387862 -8.775724 4.387862
F 2.193931 -6.581793 6.581793
Q 0.000000 -4.387862 4.387862
T 2.193931 -2.193931 2.193931


-5.120000	230231301	0111000111101
10

Q 0.000000 0.000000 0.000000
Y 2.193931 2.193931 -2.193931
Q 4.387862 0.000000 -4.387862
F 6.581793 -2.193931 -2.193931
W 4.387862 -4.387862 0.000000
K 6.581793 -6.581793 2.193931
N 8.775724 -4.387862 4.387862
F 6.581793 -2.193931 6.581793
Q 4.387862 -0.000000 4.387862
T 2.193931 -2.193931 2.193931


-5.120000	120121301	1001001001101
10

Q 0.000000 0.000000 0.000000
Y 2.193931 2.193931 -2.193931
Q 4.387862 0.000000 -4.387862
F 6.581793 -2.193931 -2.193931
W 4.387862 -4.387862 0.000000
K 2.193931 -6.581793 -2.193931
N 0.000000 -8.775724 0.000000
F -2.193931 -6.581793 2.193931
Q 0.000000 -4.387862 4.387862
T 2.193931 -2.193931 2.193931


-4.660000	201302301	0100101100011
10

Q 0.000000 0.000000 0.000000
Y 2.193931 2.193931 -2.193931
Q 4.387862 0.000000 -4.387862
F 6.581793 -2.193931 -2.193931
W 8.775724 0.000000 0.000000
K 6.581793 2.193931 2.193931
N 4.387862 4.387862 0.000000
F 6.581793 6.581793 -2.193931
Q 8.775724 4.387862 -4.387862
T 6.581793 2.193931 -6.581793


-4.660000	312103101	1110011000110
10

Q 0.000000 0.000000 0.000000
Y 2.193931 2.193931 -2.193931
Q 4.387862 0.000000 -4.387862
F 6.581793 2.193931 -6.581793
W 4.387862 4.387862 -8.775724
K 2.193931 6.581793 -6.581793
N 0.000000 4.387862 -4.387862
F -2.193931 2.193931 -6.581793
Q -4.387862 0.000000 -4.387862
T -2.193931 -2.193931 -2.193931


-4.660000	210102101	0110001000010
10

Q 0.000000 0.000000 0.000000
Y 2.193931 2.193931 -2.193931
Q 4.387862 0.000000 -4.387862
F 6.581793 2.193931 -6.581793
W 8.775724 4.387862 -4.387862
K 6.581793 6.581793 -2.193931
N 4.387862 4.387862 -0.000000
F 2.193931 6.581793 2.193931
Q 0.000000 4.387862 4.387862
T -2.193931 2.193931 2.193931


-4.660000	213102101	0110111000010
10

Q 0.000000 0.000000 0.000000
Y 2.193931 2.193931 -2.193931
Q 4.387862 0.000000 -4.387862
F 6.581793 2.193931 -6.581793
W 8.775724 4.387862 -4.387862
K 6.581793 6.581793 -2.193931
N 4.387862 4.387862 -0.000000
F 6.581793 2.193931 2.193931
Q 4.387862 0.000000 4.387862
T 2.193931 -2.193931 2.193931


-4.660000	210302301	0110001100011
10

Q 0.000000 0.000000 0.000000
Y 2.193931 2.193931 -2.193931
Q 4.387862 0.000000 -4.387862
F 6.581793 -2.193931 -2.193931
W 8.775724 0.000000 0.000000
K 6.581793 2.193931 2.193931
N 4.387862 4.387862 0.000000
F 2.193931 6.581793 2.193931
Q 0.000000 4.387862 4.387862
T -2.193931 2.193931 2.193931


-4.660000	203102101	0100111000010
10

Q 0.000000 0.000000 0.000000
Y 2.193931 2.193931 -2.193931
Q 4.387862 0.000000 -4.387862
F 6.581793 2.193931 -6.581793
W 8.775724 4.387862 -4.387862
K 6.581793 6.581793 -2.193931
N 4.387862 4.387862 -0.000000
F 6.581793 2.193931 2.193931
Q 8.775724 0.000000 -0.000000
T 6.581793 -2.193931 -2.193931


-4.660000	310103101	1110001000110
10

Q 0.000000 0.000000 0.000000
Y 2.193931 2.193931 -2.193931
Q 4.387862 0.000000 -4.387862
F 6.581793 2.193931 -6.581793
W 4.387862 4.387862 -8.775724
K 2.193931 6.581793 -6.581793
N 0.000000 4.387862 -4.387862
F -2.193931 6.581793 -2.193931
Q -4.387862 4.387862 -0.000000
T -2.193931 2.193931 2.193931


-4.660000	302103101	1100011000110
10

Q 0.000000 0.000000 0.000000
Y 2.193931 2.193931 -2.193931
Q 4.387862 0.000000 -4.387862
F 6.581793 2.193931 -6.581793
W 4.387862 4.387862 -8.775724
K 2.193931 6.581793 -6.581793
N 0.000000 4.387862 -4.387862
F -2.193931 2.193931 -6.581793
Q 0.000000 0.000000 -8.775724
T 2.193931 -2.193931 -6.581793


-4.510000	203201301	0100110100101
10

Q 0.000000 0.000000 0.000000
Y 2.193931 2.193931 -2.193931
Q 4.387862 0.000000 -4.387862
F 6.581793 -2.193931 -2.193931
W 4.387862 -4.387862 0.000000
K 2.193931 -2.193931 2.193931
N 4.387862 0.000000 4.387862
F 6.581793 -2.193931 6.581793
Q 8.775724 -4.387862 4.387862
T 6.581793 -6.581793 2.193931


-4.510000	103101301	1000111000101
10

Q 0.000000 0.000000 0.000000
Y 2.193931 2.193931 -2.193931
Q 4.387862 0.000000 -4.387862
F 6.581793 -2.193931 -2.193931
W 4.387862 -4.387862 0.000000
K 2.193931 -2.193931 2.193931
N 0.000000 -4.387862 4.387862
F 2.193931 -6.581793 6.581793
Q 4.387862 -8.775724 4.387862
T 6.581793 -6.581793 2.193931


-4.510000	102101301	1000011000101
10

Q 0.000000 0.000000 0.000000
Y 2.193931 2.193931 -2.193931
Q 4.387862 0.000000 -4.387862
F 6.581793 -2.193931 -2.193931
W 4.387862 -4.387862 0.000000
K 2.193931 -2.193931 2.193931
N 0.000000 -4.387862 4.387862
F -2.193931 -6.581793 2.193931
Q 0.000000 -8.775724 0.000000
T 2.193931 -6.581793 -2.193931


-4.260000	031201301	0011100100101
10

Q 0.000000 0.000000 0.000000
Y 2.193931 2.193931 -2.193931
Q 4.387862 0.000000 -4.387862
F 6.581793 -2.193931 -2.193931
W 4.387862 -4.387862 0.000000
K 2.193931 -2.193931 2.193931
N 4.387862 0.000000 4.387862
F 6.581793 2.193931 2.193931
Q 4.387862 4.387862 0.000000
T 2.193931 6.581793 2.193931


-4.260000	131201301	1011100100101
10

Q 0.000000 0.000000 0.000000
Y 2.193931 2.193931 -2.193931
Q 4.387862 0.000000 -4.387862
F 6.581793 -2.193931 -2.193931
W 4.387862 -4.387862 0.000000
K 2.193931 -2.193931 2.193931
N 4.387862 0.000000 4.387862
F 6.581793 2.193931 2.193931
Q 4.387862 4.387862 0.000000
T 6.581793 6.581793 -2.193931


-4.100000	313013101	1110110010110
10

Q 0.000000 0.000000 0.000000
Y 2.193931 2.193931 -2.193931
Q 4.387862 0.000000 -4.387862
F 6.581793 2.193931 -6.581793
W 4.387862 4.387862 -8.775724
K 6.581793 6.581793 -10.969655
N 8.775724 4.387862 -13.163586
F 10.969655 2.193931 -10.969655
Q 8.775724 0.000000 -8.775724
T 10.969655 -2.193931 -6.581793


-4.100000	130320301	1011001101001
10

Q 0.000000 0.000000 0.000000
Y 2.193931 2.193931 -2.193931
Q 4.387862 0.000000 -4.387862
F 6.581793 -2.193931 -2.193931
W 8.775724 -4.387862 -4.387862
K 6.581793 -6.581793 -6.581793
N 4.387862 -4.387862 -8.775724
F 2.193931 -2.193931 -6.581793
Q 0.000000 -0.000000 -8.775724
T 2.193931 2.193931 -10.969655


-4.100000	312102301	1110011000011
10

Q 0.000000 0.000000 0.000000
Y 2.193931 2.193931 -2.193931
Q 4.387862 0.000000 -4.387862
F 6.581793 -2.193931 -2.193931
W 8.775724 0.000000 0.000000
K 6.581793 2.193931 2.193931
N 4.387862 0.000000 4.387862
F 2.193931 -2.193931 2.193931
Q 0.000000 -4.387862 4.387862
T 2.193931 -6.581793 6.581793


-4.100000	312132101	1110011011010
10

Q 0.000000 0.000000 0.000000
Y 2.193931 2.193931 -2.193931
Q 4.387862 0.000000 -4.387862
F 6.581793 2.193931 -6.581793
W 8.775724 4.387862 -4.387862
K 10.969655 2.193931 -2.193931
N 8.775724 0.000000 -0.000000
F 6.581793 -2.193931 -2.193931
Q 4.387862 -4.387862 -0.000000
T 6.581793 -6.581793 2.193931


-4.100000	130310301	1011001110001
10

Q 0.000000 0.000000 0.000000
Y 2.193931 2.193931 -2.193931
Q 4.387862 0.000000 -4.387862
F 6.581793 -2.193931 -2.193931
W 8.775724 -4.387862 -4.387862
K 10.969655 -2.193931 -6.581793
N 8.775724 0.000000 -8.775724
F 6.581793 2.193931 -6.581793
Q 4.387862 4.387862 -8.775724
T 6.581793 6.581793 -10.969655


-4.100000	201321301	0100101101101
10

Q 0.000000 0.000000 0.000000
Y 2.193931 2.193931 -2.193931
Q 4.387862 0.000000 -4.387862
F 6.581793 -2.193931 -2.193931
W 4.387862 -4.387862 0.000000
K 2.193931 -6.581793 -2.193931
N 0.000000 -4.387862 -4.387862
F 2.193931 -2.193931 -6.581793
Q 4.387862 -4.387862 -8.775724
T 2.193931 -6.581793 -10.969655


-4.100000	131231301	1011100111101
10

Q 0.000000 0.000000 0.000000
Y 2.193931 2.193931 -2.193931
Q 4.387862 0.000000 -4.387862
F 6.581793 -2.193931 -2.193931
W 4.387862 -4.387862 0.000000
K 6.581793 -6.581793 2.193931
N 8.775724 -4.387862 4.387862
F 10.969655 -2.193931 2.193931
Q 8.775724 -0.000000 0.000000
T 10.969655 2.193931 -2.193931


-4.100000	310321301	1110001101101
10

Q 0.000000 0.000000 0.000000
Y 2.193931 2.193931 -2.193931
Q 4.387862 0.000000 -4.387862
F 6.581793 -2.193931 -2.193931
W 4.387862 -4.387862 0.000000
K 2.193931 -6.581793 -2.193931
N 0.000000 -4.387862 -4.387862
F -2.193931 -2.193931 -2.193931
Q -4.387862 -4.387862 0.000000
T -2.193931 -6.581793 2.193931


-4.100000	030120101	0011001001000
10

Q 0.000000 0.000000 0.000000
Y 2.193931 2.193931 -2.193931
Q 4.387862 0.000000 -4.387862
F 6.581793 2.193931 -6.581793
W 8.775724 0.000000 -8.775724
K 6.581793 -2.193931 -10.969655
N 4.387862 -4.387862 -8.775724
F 2.193931 -2.193931 -6.581793
Q 0.000000 0.000000 -8.775724
T -2.193931 2.193931 -6.581793


-4.100000	103123101	1000111001110
10

Q 0.000000 0.000000 0.000000
Y 2.193931 2.193931 -2.193931
Q 4.387862 0.000000 -4.387862
F 6.581793 2.193931 -6.581793
W 4.387862 4.387862 -8.775724
K 2.193931 2.193931 -10.969655
N 0.000000 0.000000 -8.775724
F 2.193931 -2.193931 -6.581793
Q 4.387862 -4.387862 -8.775724
T 6.581793 -2.193931 -10.969655


-4.100000	210130101	0110001011000
10

Q 0.000000 0.000000 0.000000
Y 2.193931 2.193931 -2.193931
Q 4.387862 0.000000 -4.387862
F 6.581793 2.193931 -6.581793
W 8.775724 0.000000 -8.775724
K 10.969655 -2.193931 -6.581793
N 8.775724 -4.387862 -4.387862
F 6.581793 -2.193931 -2.193931
Q 4.387862 -4.387862 -0.000000
T 2.193931 -6.581793 -2.193931


-4.100000	032312301	0011011110011
10

Q 0.000000 0.000000 0.000000
Y 2.193931 2.193931 -2.193931
Q 4.387862 0.000000 -4.387862
F 6.581793 -2.193931 -2.193931
W 8.775724 0.000000 0.000000
K 10.969655 2.193931 -2.193931
N 8.775724 4.387862 -4.387862
F 6.581793 2.193931 -6.581793
Q 4.387862 4.387862 -8.775724
T 2.193931 6.581793 -6.581793


-4.100000	210120101	0110001001000
10

Q 0.000000 0.000000 0.000000
Y 2.193931 2.193931 -2.193931
Q 4.387862 0.000000 -4.387862
F 6.581793 2.193931 -6.581793
W 8.775724 0.000000 -8.775724
K 6.581793 -2.193931 -10.969655
N 4.387862 -4.387862 -8.775724
F 2.193931 -2.193931 -6.581793
Q 0.000000 -4.387862 -4.387862
T -2.193931 -6.581793 -6.581793


-4.100000	102132101	1000011011010
10

Q 0.000000 0.000000 0.000000
Y 2.193931 2.193931 -2.193931
Q 4.387862 0.000000 -4.387862
F 6.581793 2.193931 -6.581793
W 8.775724 4.387862 -4.387862
K 10.969655 2.193931 -2.193931
N 8.775724 0.000000 -0.000000
F 6.581793 -2.193931 -2.193931
Q 8.775724 -4.387862 -4.387862
T 10.969655 -2.193931 -6.581793


-4.100000	320310301	1101001110001
10

Q 0.000000 0.000000 0.000000
Y 2.193931 2.193931 -2.193931
Q 4.387862 0.000000 -4.387862
F 6.581793 -2.193931 -2.193931
W 8.775724 -4.387862 -4.387862
K 10.969655 -2.193931 -6.581793
N 8.775724 0.000000 -8.775724
F 6.581793 2.193931 -6.581793
Q 8.775724 4.387862 -4.387862
T 10.969655 2.193931 -2.193931


-4.100000	031321301	0011101101101
10

Q 0.000000 0.000000 0.000000
Y 2.193931 2.193931 -2.193931
Q 4.387862 0.000000 -4.387862
F 6.581793 -2.193931 -2.193931
W 4.387862 -4.387862 0.000000
K 2.193931 -6.581793 -2.193931
N 0.000000 -4.387862 -4.387862
F 2.193931 -2.193931 -6.581793
Q 0.000000 -0.000000 -8.775724
T -2.193931 2.193931 -6.581793


