-38.086941	3130131201301	111011001011100100101
14

R 0.000000 0.000000 0.000000
G 2.193931 2.193931 -2.193931
K 4.387862 0.000000 -4.387862
W 6.581793 -2.193931 -2.193931
T 4.387862 -4.387862 0.000000
Y 2.193931 -2.193931 2.193931
N 4.387862 0.000000 4.387862
G 6.581793 2.193931 2.193931
I 4.387862 4.387862 0.000000
T 6.581793 6.581793 -2.193931
Y 8.775724 4.387862 -4.387862
E 10.969655 2.193931 -2.193931
G 8.775724 0.000000 0.000000
R 10.969655 -2.193931 2.193931


-37.510732	0103101201301	001000111000100100101
14

R 0.000000 0.000000 0.000000
G 2.193931 2.193931 -2.193931
K 4.387862 0.000000 -4.387862
W 6.581793 -2.193931 -2.193931
T 4.387862 -4.387862 0.000000
Y 2.193931 -2.193931 2.193931
N 4.387862 0.000000 4.387862
G 6.581793 2.193931 2.193931
I 8.775724 0.000000 0.000000
T 10.969655 2.193931 -2.193931
Y 8.775724 4.387862 -4.387862
E 6.581793 6.581793 -2.193931
G 4.387862 4.387862 0.000000
R 2.193931 6.581793 2.193931


-37.373519	0312032132301	001110010011011011011
14

R 0.000000 0.000000 0.000000
G 2.193931 2.193931 -2.193931
K 4.387862 0.000000 -4.387862
W 6.581793 -2.193931 -2.193931
T 8.775724 0.000000 0.000000
Y 10.969655 -2.193931 2.193931
N 8.775724 -4.387862 4.387862
G 6.581793 -6.581793 2.193931
I 4.387862 -4.387862 0.000000
T 2.193931 -2.193931 2.193931
Y 4.387862 -0.000000 4.387862
E 6.581793 2.193931 2.193931
G 4.387862 4.387862 0.000000
R 2.193931 6.581793 2.193931


-37.373519	1312032132301	101110010011011011011
14

R 0.000000 0.000000 0.000000
G 2.193931 2.193931 -2.193931
K 4.387862 0.000000 -4.387862
W 6.581793 -2.193931 -2.193931
T 8.775724 0.000000 0.000000
Y 10.969655 -2.193931 2.193931
N 8.775724 -4.387862 4.387862
G 6.581793 -6.581793 2.193931
I 4.387862 -4.387862 0.000000
T 2.193931 -2.193931 2.193931
Y 4.387862 -0.000000 4.387862
E 6.581793 2.193931 2.193931
G 4.387862 4.387862 0.000000
R 6.581793 6.581793 -2.193931


-36.856385	3012030130301	110010010011001011001
14

R 0.000000 0.000000 0.000000
G 2.193931 2.193931 -2.193931
K 4.387862 0.000000 -4.387862
W 6.581793 -2.193931 -2.193931
T 8.775724 -4.387862 -4.387862
Y 10.969655 -6.581793 -2.193931
N 8.775724 -8.775724 0.000000
G 6.581793 -6.581793 2.193931
I 4.387862 -4.387862 0.000000
T 2.193931 -2.193931 2.193931
Y 4.387862 -0.000000 4.387862
E 6.581793 2.193931 2.193931
G 8.775724 -0.000000 0.000000
R 10.969655 -2.193931 2.193931


-36.801373	2021310312301	010001101110001110011
14

R 0.000000 0.000000 0.000000
G 2.193931 2.193931 -2.193931
K 4.387862 0.000000 -4.387862
W 6.581793 -2.193931 -2.193931
T 8.775724 0.000000 0.000000
Y 10.969655 2.193931 -2.193931
N 8.775724 4.387862 -4.387862
G 6.581793 6.581793 -2.193931
I 4.387862 4.387862 0.000000
T 6.581793 2.193931 2.193931
Y 4.387862 0.000000 4.387862
E 2.193931 -2.193931 2.193931
G 4.387862 -4.387862 0.000000
R 2.193931 -6.581793 -2.193931


-36.801373	3021310312301	110001101110001110011
14

R 0.000000 0.000000 0.000000
G 2.193931 2.193931 -2.193931
K 4.387862 0.000000 -4.387862
W 6.581793 -2.193931 -2.193931
T 8.775724 0.000000 0.000000
Y 10.969655 2.193931 -2.193931
N 8.775724 4.387862 -4.387862
G 6.581793 6.581793 -2.193931
I 4.387862 4.387862 0.000000
T 6.581793 2.193931 2.193931
Y 4.387862 0.000000 4.387862
E 2.193931 -2.193931 2.193931
G 4.387862 -4.387862 0.000000
R 6.581793 -6.581793 2.193931


-36.506816	2031030230101	010011100011000111000
14

R 0.000000 0.000000 0.000000
G 2.193931 2.193931 -2.193931
K 4.387862 0.000000 -4.387862
W 6.581793 2.193931 -6.581793
T 8.775724 0.000000 -8.775724
Y 10.969655 -2.193931 -6.581793
N 13.163586 0.000000 -4.387862
G 10.969655 2.193931 -2.193931
I 8.775724 4.387862 -4.387862
T 6.581793 6.581793 -2.193931
Y 4.387862 4.387862 -0.000000
E 6.581793 2.193931 2.193931
G 8.775724 0.000000 -0.000000
R 6.581793 -2.193931 -2.193931


-36.506816	2013010210301	010010110010000110001
14

R 0.000000 0.000000 0.000000
G 2.193931 2.193931 -2.193931
K 4.387862 0.000000 -4.387862
W 6.581793 -2.193931 -2.193931
T 8.775724 -4.387862 -4.387862
Y 10.969655 -2.193931 -6.581793
N 13.163586 0.000000 -4.387862
G 10.969655 2.193931 -2.193931
I 8.775724 0.000000 -0.000000
T 6.581793 2.193931 2.193931
Y 4.387862 4.387862 -0.000000
E 6.581793 6.581793 -2.193931
G 8.775724 4.387862 -4.387862
R 6.581793 2.193931 -6.581793


-36.506816	3021020320101	110001100001001101000
14

R 0.000000 0.000000 0.000000
G 2.193931 2.193931 -2.193931
K 4.387862 0.000000 -4.387862
W 6.581793 2.193931 -6.581793
T 8.775724 0.000000 -8.775724
Y 6.581793 -2.193931 -10.969655
N 4.387862 0.000000 -13.163586
G 2.193931 2.193931 -10.969655
I 4.387862 4.387862 -8.775724
T 2.193931 6.581793 -6.581793
Y 0.000000 4.387862 -4.387862
E -2.193931 2.193931 -6.581793
G 0.000000 0.000000 -8.775724
R 2.193931 -2.193931 -6.581793


-36.056753	3021030230301	110001100011000111001
14

R 0.000000 0.000000 0.000000
G 2.193931 2.193931 -2.193931
K 4.387862 0.000000 -4.387862
W 6.581793 -2.193931 -2.193931
T 8.775724 -4.387862 -4.387862
Y 10.969655 -6.581793 -2.193931
N 13.163586 -4.387862 0.000000
G 10.969655 -2.193931 2.193931
I 8.775724 -0.000000 0.000000
T 6.581793 2.193931 2.193931
Y 4.387862 -0.000000 4.387862
E 2.193931 -2.193931 2.193931
G 4.387862 -4.387862 0.000000
R 6.581793 -6.581793 2.193931


-36.038343	1021301201301	100001101100100100101
14

R 0.000000 0.000000 0.000000
G 2.193931 2.193931 -2.193931
K 4.387862 0.000000 -4.387862
W 6.581793 -2.193931 -2.193931
T 4.387862 -4.387862 0.000000
Y 2.193931 -2.193931 2.193931
N 4.387862 0.000000 4.387862
G 6.581793 2.193931 2.193931
I 8.775724 0.000000 0.000000
T 10.969655 -2.193931 2.193931
Y 8.775724 -4.387862 4.387862
E 6.581793 -6.581793 2.193931
G 8.775724 -8.775724 0.000000
R 10.969655 -6.581793 -2.193931


-35.933887	0310320103101	001110001101001000110
14

R 0.000000 0.000000 0.000000
G 2.193931 2.193931 -2.193931
K 4.387862 0.000000 -4.387862
W 6.581793 2.193931 -6.581793
T 4.387862 4.387862 -8.775724
Y 2.193931 6.581793 -6.581793
N 0.000000 4.387862 -4.387862
G -2.193931 6.581793 -2.193931
I 0.000000 8.775724 -0.000000
T 2.193931 6.581793 2.193931
Y 4.387862 4.387862 -0.000000
E 6.581793 6.581793 -2.193931
G 4.387862 8.775724 -4.387862
R 2.193931 10.969655 -2.193931


-35.933887	0210230102101	000110000111001000010
14

R 0.000000 0.000000 0.000000
G 2.193931 2.193931 -2.193931
K 4.387862 0.000000 -4.387862
W 6.581793 2.193931 -6.581793
T 8.775724 4.387862 -4.387862
Y 6.581793 6.581793 -2.193931
N 4.387862 4.387862 -0.000000
G 2.193931 6.581793 2.193931
I 0.000000 8.775724 -0.000000
T -2.193931 6.581793 -2.193931
Y 0.000000 4.387862 -4.387862
E 2.193931 6.581793 -6.581793
G 4.387862 8.775724 -4.387862
R 2.193931 10.969655 -2.193931


-35.657747	2012302102301	010010011100011000011
14

R 0.000000 0.000000 0.000000
G 2.193931 2.193931 -2.193931
K 4.387862 0.000000 -4.387862
W 6.581793 -2.193931 -2.193931
T 8.775724 0.000000 0.000000
Y 6.581793 2.193931 2.193931
N 4.387862 0.000000 4.387862
G 2.193931 -2.193931 2.193931
I 4.387862 -4.387862 0.000000
T 6.581793 -6.581793 2.193931
Y 8.775724 -4.387862 4.387862
E 10.969655 -2.193931 2.193931
G 13.163586 -4.387862 0.000000
R 10.969655 -6.581793 -2.193931


-35.500896	2020310302301	010001001110001100011
14

R 0.000000 0.000000 0.000000
G 2.193931 2.193931 -2.193931
K 4.387862 0.000000 -4.387862
W 6.581793 -2.193931 -2.193931
T 8.775724 0.000000 0.000000
Y 6.581793 2.193931 2.193931
N 4.387862 4.387862 0.000000
G 2.193931 6.581793 2.193931
I 0.000000 4.387862 4.387862
T 2.193931 2.193931 6.581793
Y 4.387862 0.000000 4.387862
E 2.193931 -2.193931 2.193931
G 4.387862 -4.387862 0.000000
R 2.193931 -6.581793 -2.193931


-35.500896	3020310302301	110001001110001100011
14

R 0.000000 0.000000 0.000000
G 2.193931 2.193931 -2.193931
K 4.387862 0.000000 -4.387862
W 6.581793 -2.193931 -2.193931
T 8.775724 0.000000 0.000000
Y 6.581793 2.193931 2.193931
N 4.387862 4.387862 0.000000
G 2.193931 6.581793 2.193931
I 0.000000 4.387862 4.387862
T 2.193931 2.193931 6.581793
Y 4.387862 0.000000 4.387862
E 2.193931 -2.193931 2.193931
G 4.387862 -4.387862 0.000000
R 6.581793 -6.581793 2.193931


-35.324137	1310312103101	101110001110011000110
14

R 0.000000 0.000000 0.000000
G 2.193931 2.193931 -2.193931
K 4.387862 0.000000 -4.387862
W 6.581793 2.193931 -6.581793
T 4.387862 4.387862 -8.775724
Y 2.193931 6.581793 -6.581793
N 0.000000 4.387862 -4.387862
G -2.193931 2.193931 -6.581793
I -4.387862 0.000000 -4.387862
T -2.193931 -2.193931 -2.193931
Y 0.000000 -4.387862 -4.387862
E 2.193931 -2.193931 -6.581793
G 0.000000 0.000000 -8.775724
R 2.193931 2.193931 -10.969655


-35.324137	1210213102101	100110000110111000010
14

R 0.000000 0.000000 0.000000
G 2.193931 2.193931 -2.193931
K 4.387862 0.000000 -4.387862
W 6.581793 2.193931 -6.581793
T 8.775724 4.387862 -4.387862
Y 6.581793 6.581793 -2.193931
N 4.387862 4.387862 -0.000000
G 6.581793 2.193931 2.193931
I 4.387862 0.000000 4.387862
T 2.193931 -2.193931 2.193931
Y 4.387862 -4.387862 -0.000000
E 6.581793 -2.193931 -2.193931
G 8.775724 0.000000 -0.000000
R 10.969655 2.193931 -2.193931


-35.172133	1031020310301	100011100001001110001
14

R 0.000000 0.000000 0.000000
G 2.193931 2.193931 -2.193931
K 4.387862 0.000000 -4.387862
W 6.581793 -2.193931 -2.193931
T 8.775724 -4.387862 -4.387862
Y 10.969655 -2.193931 -6.581793
N 8.775724 0.000000 -8.775724
G 6.581793 2.193931 -6.581793
I 8.775724 4.387862 -4.387862
T 6.581793 6.581793 -2.193931
Y 4.387862 4.387862 -0.000000
E 6.581793 2.193931 2.193931
G 8.775724 0.000000 -0.000000
R 10.969655 2.193931 -2.193931


-35.172133	2012030120101	010010010011001001000
14

R 0.000000 0.000000 0.000000
G 2.193931 2.193931 -2.193931
K 4.387862 0.000000 -4.387862
W 6.581793 2.193931 -6.581793
T 8.775724 0.000000 -8.775724
Y 6.581793 -2.193931 -10.969655
N 4.387862 -4.387862 -8.775724
G 2.193931 -2.193931 -6.581793
I 0.000000 0.000000 -8.775724
T -2.193931 2.193931 -6.581793
Y 0.000000 4.387862 -4.387862
E 2.193931 6.581793 -6.581793
G 4.387862 4.387862 -8.775724
R 2.193931 2.193931 -10.969655


-35.172133	3013020130101	110010110001001011000
14

R 0.000000 0.000000 0.000000
G 2.193931 2.193931 -2.193931
K 4.387862 0.000000 -4.387862
W 6.581793 2.193931 -6.581793
T 8.775724 0.000000 -8.775724
Y 10.969655 -2.193931 -6.581793
N 8.775724 -4.387862 -4.387862
G 6.581793 -2.193931 -2.193931
I 8.775724 0.000000 -0.000000
T 6.581793 2.193931 2.193931
Y 4.387862 4.387862 -0.000000
E 6.581793 6.581793 -2.193931
G 8.775724 4.387862 -4.387862
R 10.969655 2.193931 -2.193931


-34.901163	2102130120101	011000011011001001000
14

R 0.000000 0.000000 0.000000
G 2.193931 2.193931 -2.193931
K 4.387862 0.000000 -4.387862
W 6.581793 2.193931 -6.581793
T 8.775724 0.000000 -8.775724
Y 6.581793 -2.193931 -10.969655
N 4.387862 -4.387862 -8.775724
G 2.193931 -2.193931 -6.581793
I 0.000000 0.000000 -8.775724
T 2.193931 2.193931 -10.969655
Y 4.387862 4.387862 -8.775724
E 2.193931 6.581793 -6.581793
G 0.000000 4.387862 -4.387862
R -2.193931 2.193931 -6.581793


-34.901163	3103120130101	111000111001001011000
14

R 0.000000 0.000000 0.000000
G 2.193931 2.193931 -2.193931
K 4.387862 0.000000 -4.387862
W 6.581793 2.193931 -6.581793
T 8.775724 0.000000 -8.775724
Y 10.969655 -2.193931 -6.581793
N 8.775724 -4.387862 -4.387862
G 6.581793 -2.193931 -2.193931
I 8.775724 0.000000 -0.000000
T 10.969655 2.193931 -2.193931
Y 8.775724 4.387862 -4.387862
E 6.581793 6.581793 -2.193931
G 4.387862 4.387862 -0.000000
R 6.581793 2.193931 2.193931


-34.901163	1301320310301	101100101101001110001
14

R 0.000000 0.000000 0.000000
G 2.193931 2.193931 -2.193931
K 4.387862 0.000000 -4.387862
W 6.581793 -2.193931 -2.193931
T 8.775724 -4.387862 -4.387862
Y 10.969655 -2.193931 -6.581793
N 8.775724 0.000000 -8.775724
G 6.581793 2.193931 -6.581793
I 8.775724 4.387862 -4.387862
T 10.969655 2.193931 -2.193931
Y 8.775724 0.000000 -0.000000
E 6.581793 2.193931 2.193931
G 4.387862 4.387862 -0.000000
R 6.581793 6.581793 -2.193931


-34.832831	3013031231301	110010110011100111101
14

R 0.000000 0.000000 0.000000
G 2.193931 2.193931 -2.193931
K 4.387862 0.000000 -4.387862
W 6.581793 -2.193931 -2.193931
T 4.387862 -4.387862 0.000000
Y 6.581793 -6.581793 2.193931
N 8.775724 -4.387862 4.387862
G 10.969655 -2.193931 2.193931
I 8.775724 -0.000000 0.000000
T 6.581793 2.193931 2.193931
Y 4.387862 4.387862 0.000000
E 6.581793 6.581793 -2.193931
G 8.775724 4.387862 -4.387862
R 10.969655 2.193931 -2.193931


-34.811327	0130120103101	001011001001001000110
14

R 0.000000 0.000000 0.000000
G 2.193931 2.193931 -2.193931
K 4.387862 0.000000 -4.387862
W 6.581793 2.193931 -6.581793
T 4.387862 4.387862 -8.775724
Y 2.193931 6.581793 -6.581793
N 0.000000 4.387862 -4.387862
G -2.193931 6.581793 -2.193931
I 0.000000 8.775724 -0.000000
T 2.193931 10.969655 -2.193931
Y 4.387862 8.775724 -4.387862
E 6.581793 6.581793 -2.193931
G 4.387862 4.387862 -0.000000
R 2.193931 6.581793 2.193931


-34.811327	0120130102101	001001001011001000010
14

R 0.000000 0.000000 0.000000
G 2.193931 2.193931 -2.193931
K 4.387862 0.000000 -4.387862
W 6.581793 2.193931 -6.581793
T 8.775724 4.387862 -4.387862
Y 6.581793 6.581793 -2.193931
N 4.387862 4.387862 -0.000000
G 2.193931 6.581793 2.193931
I 0.000000 8.775724 -0.000000
T 2.193931 10.969655 -2.193931
Y 4.387862 8.775724 -4.387862
E 2.193931 6.581793 -6.581793
G 0.000000 4.387862 -4.387862
R -2.193931 6.581793 -2.193931


-34.721742	0121301201301	001001101100100100101
14

R 0.000000 0.000000 0.000000
G 2.193931 2.193931 -2.193931
K 4.387862 0.000000 -4.387862
W 6.581793 -2.193931 -2.193931
T 4.387862 -4.387862 0.000000
Y 2.193931 -2.193931 2.193931
N 4.387862 0.000000 4.387862
G 6.581793 2.193931 2.193931
I 8.775724 0.000000 0.000000
T 10.969655 -2.193931 2.193931
Y 8.775724 -4.387862 4.387862
E 6.581793 -6.581793 2.193931
G 4.387862 -8.775724 4.387862
R 2.193931 -6.581793 6.581793


-34.621702	3121031231301	111001100011100111101
14

R 0.000000 0.000000 0.000000
G 2.193931 2.193931 -2.193931
K 4.387862 0.000000 -4.387862
W 6.581793 -2.193931 -2.193931
T 4.387862 -4.387862 0.000000
Y 6.581793 -6.581793 2.193931
N 8.775724 -4.387862 4.387862
G 10.969655 -2.193931 2.193931
I 8.775724 -0.000000 0.000000
T 6.581793 2.193931 2.193931
Y 4.387862 -0.000000 4.387862
E 2.193931 -2.193931 2.193931
G 0.000000 -4.387862 4.387862
R 2.193931 -6.581793 6.581793


-34.348632	0310302103101	001110001100011000110
14

R 0.000000 0.000000 0.000000
G 2.193931 2.193931 -2.193931
K 4.387862 0.000000 -4.387862
W 6.581793 2.193931 -6.581793
T 4.387862 4.387862 -8.775724
Y 2.193931 6.581793 -6.581793
N 0.000000 4.387862 -4.387862
G -2.193931 2.193931 -6.581793
I 0.000000 0.000000 -8.775724
T 2.193931 -2.193931 -6.581793
Y 4.387862 -4.387862 -8.775724
E 6.581793 -2.193931 -10.969655
G 4.387862 0.000000 -13.163586
R 2.193931 2.193931 -10.969655


-34.348632	0210203102101	000110000100111000010
14

R 0.000000 0.000000 0.000000
G 2.193931 2.193931 -2.193931
K 4.387862 0.000000 -4.387862
W 6.581793 2.193931 -6.581793
T 8.775724 4.387862 -4.387862
Y 6.581793 6.581793 -2.193931
N 4.387862 4.387862 -0.000000
G 6.581793 2.193931 2.193931
I 8.775724 0.000000 -0.000000
T 6.581793 -2.193931 -2.193931
Y 8.775724 -4.387862 -4.387862
E 10.969655 -2.193931 -6.581793
G 13.163586 0.000000 -4.387862
R 10.969655 2.193931 -2.193931


-34.348632	0230201302301	000111000100101100011
14

R 0.000000 0.000000 0.000000
G 2.193931 2.193931 -2.193931
K 4.387862 0.000000 -4.387862
W 6.581793 -2.193931 -2.193931
T 8.775724 0.000000 0.000000
Y 6.581793 2.193931 2.193931
N 4.387862 4.387862 0.000000
G 6.581793 6.581793 -2.193931
I 8.775724 4.387862 -4.387862
T 6.581793 2.193931 -6.581793
Y 8.775724 0.000000 -8.775724
E 10.969655 -2.193931 -6.581793
G 13.163586 0.000000 -4.387862
R 10.969655 2.193931 -2.193931


-34.341146	0212302102301	000110011100011000011
14

R 0.000000 0.000000 0.000000
G 2.193931 2.193931 -2.193931
K 4.387862 0.000000 -4.387862
W 6.581793 -2.193931 -2.193931
T 8.775724 0.000000 0.000000
Y 6.581793 2.193931 2.193931
N 4.387862 0.000000 4.387862
G 2.193931 -2.193931 2.193931
I 4.387862 -4.387862 0.000000
T 6.581793 -6.581793 2.193931
Y 8.775724 -4.387862 4.387862
E 10.969655 -2.193931 2.193931
G 13.163586 -0.000000 4.387862
R 10.969655 2.193931 6.581793


-34.335352	3102032012301	111000010011010010011
14

R 0.000000 0.000000 0.000000
G 2.193931 2.193931 -2.193931
K 4.387862 0.000000 -4.387862
W 6.581793 -2.193931 -2.193931
T 8.775724 0.000000 0.000000
Y 10.969655 2.193931 -2.193931
N 13.163586 0.000000 -4.387862
G 10.969655 -2.193931 -6.581793
I 8.775724 0.000000 -8.775724
T 6.581793 2.193931 -6.581793
Y 8.775724 4.387862 -4.387862
E 6.581793 6.581793 -2.193931
G 4.387862 4.387862 -0.000000
R 6.581793 2.193931 2.193931


-34.335352	1302012032101	101100010010010011010
14

R 0.000000 0.000000 0.000000
G 2.193931 2.193931 -2.193931
K 4.387862 0.000000 -4.387862
W 6.581793 2.193931 -6.581793
T 8.775724 4.387862 -4.387862
Y 10.969655 2.193931 -2.193931
N 13.163586 0.000000 -4.387862
G 10.969655 -2.193931 -6.581793
I 8.775724 -4.387862 -4.387862
T 6.581793 -2.193931 -2.193931
Y 8.775724 0.000000 -0.000000
E 6.581793 2.193931 2.193931
G 4.387862 4.387862 -0.000000
R 6.581793 6.581793 -2.193931


-34.335352	1203013023101	100100110010110001110
14

R 0.000000 0.000000 0.000000
G 2.193931 2.193931 -2.193931
K 4.387862 0.000000 -4.387862
W 6.581793 2.193931 -6.581793
T 4.387862 4.387862 -8.775724
Y 2.193931 2.193931 -10.969655
N 4.387862 0.000000 -13.163586
G 6.581793 -2.193931 -10.969655
I 4.387862 -4.387862 -8.775724
T 2.193931 -2.193931 -6.581793
Y 0.000000 0.000000 -8.775724
E -2.193931 2.193931 -6.581793
G 0.000000 4.387862 -4.387862
R 2.193931 6.581793 -6.581793


-34.331923	2120101201301	011001001000100100101
14

R 0.000000 0.000000 0.000000
G 2.193931 2.193931 -2.193931
K 4.387862 0.000000 -4.387862
W 6.581793 -2.193931 -2.193931
T 4.387862 -4.387862 0.000000
Y 2.193931 -2.193931 2.193931
N 4.387862 0.000000 4.387862
G 6.581793 2.193931 2.193931
I 8.775724 0.000000 0.000000
T 10.969655 2.193931 -2.193931
Y 13.163586 0.000000 -4.387862
E 10.969655 -2.193931 -6.581793
G 8.775724 -4.387862 -4.387862
R 6.581793 -6.581793 -6.581793


-34.331923	1320301201301	101101001100100100101
14

R 0.000000 0.000000 0.000000
G 2.193931 2.193931 -2.193931
K 4.387862 0.000000 -4.387862
W 6.581793 -2.193931 -2.193931
T 4.387862 -4.387862 0.000000
Y 2.193931 -2.193931 2.193931
N 4.387862 0.000000 4.387862
G 6.581793 2.193931 2.193931
I 8.775724 0.000000 0.000000
T 10.969655 -2.193931 2.193931
Y 13.163586 -4.387862 0.000000
E 10.969655 -6.581793 -2.193931
G 8.775724 -4.387862 -4.387862
R 10.969655 -2.193931 -6.581793


-34.331923	3120101201301	111001001000100100101
14

R 0.000000 0.000000 0.000000
G 2.193931 2.193931 -2.193931
K 4.387862 0.000000 -4.387862
W 6.581793 -2.193931 -2.193931
T 4.387862 -4.387862 0.000000
Y 2.193931 -2.193931 2.193931
N 4.387862 0.000000 4.387862
G 6.581793 2.193931 2.193931
I 8.775724 0.000000 0.000000
T 10.969655 2.193931 -2.193931
Y 13.163586 0.000000 -4.387862
E 10.969655 -2.193931 -6.581793
G 8.775724 -4.387862 -4.387862
R 10.969655 -6.581793 -2.193931


-34.331923	2320301201301	011101001100100100101
14

R 0.000000 0.000000 0.000000
G 2.193931 2.193931 -2.193931
K 4.387862 0.000000 -4.387862
W 6.581793 -2.193931 -2.193931
T 4.387862 -4.387862 0.000000
Y 2.193931 -2.193931 2.193931
N 4.387862 0.000000 4.387862
G 6.581793 2.193931 2.193931
I 8.775724 0.000000 0.000000
T 10.969655 -2.193931 2.193931
Y 13.163586 -4.387862 0.000000
E 10.969655 -6.581793 -2.193931
G 8.775724 -4.387862 -4.387862
R 6.581793 -6.581793 -6.581793


-34.257826	3212032132301	110110010011011011011
14

R 0.000000 0.000000 0.000000
G 2.193931 2.193931 -2.193931
K 4.387862 0.000000 -4.387862
W 6.581793 -2.193931 -2.193931
T 8.775724 0.000000 0.000000
Y 10.969655 -2.193931 2.193931
N 8.775724 -4.387862 4.387862
G 6.581793 -6.581793 2.193931
I 4.387862 -4.387862 0.000000
T 2.193931 -2.193931 2.193931
Y 4.387862 -0.000000 4.387862
E 6.581793 2.193931 2.193931
G 8.775724 4.387862 4.387862
R 10.969655 2.193931 6.581793


-34.248178	1312012132101	101110010010011011010
14

R 0.000000 0.000000 0.000000
G 2.193931 2.193931 -2.193931
K 4.387862 0.000000 -4.387862
W 6.581793 2.193931 -6.581793
T 8.775724 4.387862 -4.387862
Y 10.969655 2.193931 -2.193931
N 8.775724 0.000000 -0.000000
G 6.581793 -2.193931 -2.193931
I 4.387862 -4.387862 -0.000000
T 2.193931 -2.193931 2.193931
Y 4.387862 0.000000 4.387862
E 6.581793 2.193931 2.193931
G 4.387862 4.387862 -0.000000
R 6.581793 6.581793 -2.193931


-34.248178	1213013123101	100110110010111001110
14

R 0.000000 0.000000 0.000000
G 2.193931 2.193931 -2.193931
K 4.387862 0.000000 -4.387862
W 6.581793 2.193931 -6.581793
T 4.387862 4.387862 -8.775724
Y 2.193931 2.193931 -10.969655
N 0.000000 0.000000 -8.775724
G 2.193931 -2.193931 -6.581793
I 0.000000 -4.387862 -4.387862
T -2.193931 -2.193931 -2.193931
Y -4.387862 0.000000 -4.387862
E -2.193931 2.193931 -6.581793
G 0.000000 4.387862 -4.387862
R 2.193931 6.581793 -6.581793


-34.180692	3013202102301	110010110100011000011
14

R 0.000000 0.000000 0.000000
G 2.193931 2.193931 -2.193931
K 4.387862 0.000000 -4.387862
W 6.581793 -2.193931 -2.193931
T 8.775724 0.000000 0.000000
Y 6.581793 2.193931 2.193931
N 4.387862 0.000000 4.387862
G 2.193931 -2.193931 2.193931
I 4.387862 -4.387862 0.000000
T 2.193931 -6.581793 -2.193931
Y 0.000000 -4.387862 -4.387862
E 2.193931 -2.193931 -6.581793
G 4.387862 -4.387862 -8.775724
R 6.581793 -6.581793 -6.581793


-34.144052	2103102101301	011000111000011000101
14

R 0.000000 0.000000 0.000000
G 2.193931 2.193931 -2.193931
K 4.387862 0.000000 -4.387862
W 6.581793 -2.193931 -2.193931
T 4.387862 -4.387862 0.000000
Y 2.193931 -2.193931 2.193931
N 0.000000 -4.387862 4.387862
G -2.193931 -6.581793 2.193931
I 0.000000 -8.775724 0.000000
T 2.193931 -6.581793 -2.193931
Y 0.000000 -4.387862 -4.387862
E -2.193931 -2.193931 -2.193931
G -4.387862 -4.387862 0.000000
R -6.581793 -6.581793 -2.193931


-34.144052	0103102101301	001000111000011000101
14

R 0.000000 0.000000 0.000000
G 2.193931 2.193931 -2.193931
K 4.387862 0.000000 -4.387862
W 6.581793 -2.193931 -2.193931
T 4.387862 -4.387862 0.000000
Y 2.193931 -2.193931 2.193931
N 0.000000 -4.387862 4.387862
G -2.193931 -6.581793 2.193931
I 0.000000 -8.775724 0.000000
T 2.193931 -6.581793 -2.193931
Y 0.000000 -4.387862 -4.387862
E -2.193931 -2.193931 -2.193931
G -4.387862 -4.387862 0.000000
R -6.581793 -2.193931 2.193931


-34.056316	0303103201301	001100111000110100101
14

R 0.000000 0.000000 0.000000
G 2.193931 2.193931 -2.193931
K 4.387862 0.000000 -4.387862
W 6.581793 -2.193931 -2.193931
T 4.387862 -4.387862 0.000000
Y 2.193931 -2.193931 2.193931
N 4.387862 0.000000 4.387862
G 6.581793 -2.193931 6.581793
I 8.775724 -4.387862 4.387862
T 10.969655 -2.193931 2.193931
Y 8.775724 0.000000 0.000000
E 6.581793 2.193931 2.193931
G 4.387862 4.387862 0.000000
R 2.193931 6.581793 2.193931


-34.056316	1303103201301	101100111000110100101
14

R 0.000000 0.000000 0.000000
G 2.193931 2.193931 -2.193931
K 4.387862 0.000000 -4.387862
W 6.581793 -2.193931 -2.193931
T 4.387862 -4.387862 0.000000
Y 2.193931 -2.193931 2.193931
N 4.387862 0.000000 4.387862
G 6.581793 -2.193931 6.581793
I 8.775724 -4.387862 4.387862
T 10.969655 -2.193931 2.193931
Y 8.775724 0.000000 0.000000
E 6.581793 2.193931 2.193931
G 4.387862 4.387862 0.000000
R 6.581793 6.581793 -2.193931


-33.990482	1030130201301	100011001011000100101
14

R 0.000000 0.000000 0.000000
G 2.193931 2.193931 -2.193931
K 4.387862 0.000000 -4.387862
W 6.581793 -2.193931 -2.193931
T 4.387862 -4.387862 0.000000
Y 2.193931 -2.193931 2.193931
N 4.387862 0.000000 4.387862
G 2.193931 2.193931 6.581793
I 0.000000 4.387862 4.387862
T 2.193931 6.581793 2.193931
Y 4.387862 4.387862 0.000000
E 6.581793 2.193931 2.193931
G 8.775724 0.000000 0.000000
R 10.969655 2.193931 -2.193931


-33.990482	3030130201301	110011001011000100101
14

R 0.000000 0.000000 0.000000
G 2.193931 2.193931 -2.193931
K 4.387862 0.000000 -4.387862
W 6.581793 -2.193931 -2.193931
T 4.387862 -4.387862 0.000000
Y 2.193931 -2.193931 2.193931
N 4.387862 0.000000 4.387862
G 2.193931 2.193931 6.581793
I 0.000000 4.387862 4.387862
T 2.193931 6.581793 2.193931
Y 4.387862 4.387862 0.000000
E 6.581793 2.193931 2.193931
G 8.775724 0.000000 0.000000
R 10.969655 -2.193931 2.193931


-33.951327	3210202102301	110110000100011000011
14

R 0.000000 0.000000 0.000000
G 2.193931 2.193931 -2.193931
K 4.387862 0.000000 -4.387862
W 6.581793 -2.193931 -2.193931
T 8.775724 0.000000 0.000000
Y 6.581793 2.193931 2.193931
N 4.387862 0.000000 4.387862
G 2.193931 -2.193931 2.193931
I 4.387862 -4.387862 0.000000
T 2.193931 -6.581793 -2.193931
Y 4.387862 -8.775724 -4.387862
E 6.581793 -6.581793 -6.581793
G 8.775724 -4.387862 -4.387862
R 10.969655 -6.581793 -2.193931


-33.951327	1310302102301	101110001100011000011
14

R 0.000000 0.000000 0.000000
G 2.193931 2.193931 -2.193931
K 4.387862 0.000000 -4.387862
W 6.581793 -2.193931 -2.193931
T 8.775724 0.000000 0.000000
Y 6.581793 2.193931 2.193931
N 4.387862 0.000000 4.387862
G 2.193931 -2.193931 2.193931
I 4.387862 -4.387862 0.000000
T 6.581793 -6.581793 2.193931
Y 8.775724 -8.775724 0.000000
E 10.969655 -6.581793 -2.193931
G 8.775724 -4.387862 -4.387862
R 10.969655 -2.193931 -6.581793


-33.951327	1210202102301	100110000100011000011
14

R 0.000000 0.000000 0.000000
G 2.193931 2.193931 -2.193931
K 4.387862 0.000000 -4.387862
W 6.581793 -2.193931 -2.193931
T 8.775724 0.000000 0.000000
Y 6.581793 2.193931 2.193931
N 4.387862 0.000000 4.387862
G 2.193931 -2.193931 2.193931
I 4.387862 -4.387862 0.000000
T 2.193931 -6.581793 -2.193931
Y 4.387862 -8.775724 -4.387862
E 6.581793 -6.581793 -6.581793
G 8.775724 -4.387862 -4.387862
R 10.969655 -2.193931 -6.581793


-33.951327	2310302102301	011110001100011000011
14

R 0.000000 0.000000 0.000000
G 2.193931 2.193931 -2.193931
K 4.387862 0.000000 -4.387862
W 6.581793 -2.193931 -2.193931
T 8.775724 0.000000 0.000000
Y 6.581793 2.193931 2.193931
N 4.387862 0.000000 4.387862
G 2.193931 -2.193931 2.193931
I 4.387862 -4.387862 0.000000
T 6.581793 -6.581793 2.193931
Y 8.775724 -8.775724 0.000000
E 10.969655 -6.581793 -2.193931
G 8.775724 -4.387862 -4.387862
R 6.581793 -6.581793 -6.581793


-33.868007	1012030130301	100010010011001011001
14

R 0.000000 0.000000 0.000000
G 2.193931 2.193931 -2.193931
K 4.387862 0.000000 -4.387862
W 6.581793 -2.193931 -2.193931
T 8.775724 -4.387862 -4.387862
Y 10.969655 -6.581793 -2.193931
N 8.775724 -8.775724 0.000000
G 6.581793 -6.581793 2.193931
I 4.387862 -4.387862 0.000000
T 2.193931 -2.193931 2.193931
Y 4.387862 -0.000000 4.387862
E 6.581793 2.193931 2.193931
G 8.775724 -0.000000 0.000000
R 10.969655 2.193931 -2.193931


-33.868007	1012020120301	100010010001001001001
14

R 0.000000 0.000000 0.000000
G 2.193931 2.193931 -2.193931
K 4.387862 0.000000 -4.387862
W 6.581793 -2.193931 -2.193931
T 8.775724 -4.387862 -4.387862
Y 6.581793 -6.581793 -6.581793
N 4.387862 -8.775724 -4.387862
G 2.193931 -6.581793 -2.193931
I 4.387862 -4.387862 -0.000000
T 2.193931 -2.193931 2.193931
Y 4.387862 -0.000000 4.387862
E 6.581793 2.193931 2.193931
G 8.775724 -0.000000 -0.000000
R 10.969655 2.193931 -2.193931


-33.868007	3012020120301	110010010001001001001
14

R 0.000000 0.000000 0.000000
G 2.193931 2.193931 -2.193931
K 4.387862 0.000000 -4.387862
W 6.581793 -2.193931 -2.193931
T 8.775724 -4.387862 -4.387862
Y 6.581793 -6.581793 -6.581793
N 4.387862 -8.775724 -4.387862
G 2.193931 -6.581793 -2.193931
I 4.387862 -4.387862 -0.000000
T 2.193931 -2.193931 2.193931
Y 4.387862 -0.000000 4.387862
E 6.581793 2.193931 2.193931
G 8.775724 -0.000000 -0.000000
R 10.969655 -2.193931 2.193931


-33.755352	2130132101301	011011001011011000101
14

R 0.000000 0.000000 0.000000
G 2.193931 2.193931 -2.193931
K 4.387862 0.000000 -4.387862
W 6.581793 -2.193931 -2.193931
T 4.387862 -4.387862 0.000000
Y 2.193931 -2.193931 2.193931
N 0.000000 -4.387862 4.387862
G -2.193931 -6.581793 2.193931
I -4.387862 -4.387862 0.000000
T -2.193931 -2.193931 -2.193931
Y 0.000000 -4.387862 -4.387862
E 2.193931 -6.581793 -2.193931
G 0.000000 -8.775724 0.000000
R -2.193931 -10.969655 -2.193931


-33.755352	3130132101301	111011001011011000101
14

R 0.000000 0.000000 0.000000
G 2.193931 2.193931 -2.193931
K 4.387862 0.000000 -4.387862
W 6.581793 -2.193931 -2.193931
T 4.387862 -4.387862 0.000000
Y 2.193931 -2.193931 2.193931
N 0.000000 -4.387862 4.387862
G -2.193931 -6.581793 2.193931
I -4.387862 -4.387862 0.000000
T -2.193931 -2.193931 -2.193931
Y 0.000000 -4.387862 -4.387862
E 2.193931 -6.581793 -2.193931
G 0.000000 -8.775724 0.000000
R 2.193931 -10.969655 2.193931


-33.681969	1301310312301	101100101110001110011
14

R 0.000000 0.000000 0.000000
G 2.193931 2.193931 -2.193931
K 4.387862 0.000000 -4.387862
W 6.581793 -2.193931 -2.193931
T 8.775724 0.000000 0.000000
Y 10.969655 2.193931 -2.193931
N 8.775724 4.387862 -4.387862
G 6.581793 6.581793 -2.193931
I 4.387862 4.387862 0.000000
T 6.581793 2.193931 2.193931
Y 4.387862 0.000000 4.387862
E 2.193931 2.193931 6.581793
G 0.000000 4.387862 4.387862
R 2.193931 6.581793 2.193931


-33.669324	1031010210101	100011100010000110000
14

R 0.000000 0.000000 0.000000
G 2.193931 2.193931 -2.193931
K 4.387862 0.000000 -4.387862
W 6.581793 2.193931 -6.581793
T 8.775724 0.000000 -8.775724
Y 10.969655 2.193931 -10.969655
N 13.163586 4.387862 -8.775724
G 10.969655 6.581793 -6.581793
I 8.775724 4.387862 -4.387862
T 6.581793 6.581793 -2.193931
Y 4.387862 4.387862 -0.000000
E 6.581793 2.193931 2.193931
G 8.775724 0.000000 -0.000000
R 10.969655 2.193931 -2.193931


-33.669324	1031013213101	100011100010110110110
14

R 0.000000 0.000000 0.000000
G 2.193931 2.193931 -2.193931
K 4.387862 0.000000 -4.387862
W 6.581793 2.193931 -6.581793
T 4.387862 4.387862 -8.775724
Y 6.581793 6.581793 -10.969655
N 8.775724 8.775724 -8.775724
G 10.969655 6.581793 -6.581793
I 8.775724 4.387862 -4.387862
T 6.581793 6.581793 -2.193931
Y 4.387862 4.387862 -0.000000
E 6.581793 2.193931 2.193931
G 8.775724 0.000000 -0.000000
R 10.969655 2.193931 -2.193931


-33.669324	1021010310101	100001100010001110000
14

R 0.000000 0.000000 0.000000
G 2.193931 2.193931 -2.193931
K 4.387862 0.000000 -4.387862
W 6.581793 2.193931 -6.581793
T 8.775724 0.000000 -8.775724
Y 10.969655 2.193931 -10.969655
N 8.775724 4.387862 -13.163586
G 6.581793 6.581793 -10.969655
I 4.387862 4.387862 -8.775724
T 2.193931 6.581793 -6.581793
Y 0.000000 4.387862 -4.387862
E -2.193931 2.193931 -6.581793
G 0.000000 0.000000 -8.775724
R 2.193931 2.193931 -10.969655


-33.669324	1021012312101	100001100010011110010
14

R 0.000000 0.000000 0.000000
G 2.193931 2.193931 -2.193931
K 4.387862 0.000000 -4.387862
W 6.581793 2.193931 -6.581793
T 8.775724 4.387862 -4.387862
Y 10.969655 6.581793 -6.581793
N 8.775724 8.775724 -8.775724
G 6.581793 6.581793 -10.969655
I 4.387862 4.387862 -8.775724
T 2.193931 6.581793 -6.581793
Y 0.000000 4.387862 -4.387862
E -2.193931 2.193931 -6.581793
G 0.000000 0.000000 -8.775724
R 2.193931 2.193931 -10.969655


-33.669324	3013030230301	110010110011000111001
14

R 0.000000 0.000000 0.000000
G 2.193931 2.193931 -2.193931
K 4.387862 0.000000 -4.387862
W 6.581793 -2.193931 -2.193931
T 8.775724 -4.387862 -4.387862
Y 10.969655 -6.581793 -2.193931
N 13.163586 -4.387862 0.000000
G 10.969655 -2.193931 2.193931
I 8.775724 -0.000000 0.000000
T 6.581793 2.193931 2.193931
Y 4.387862 4.387862 0.000000
E 6.581793 6.581793 -2.193931
G 8.775724 4.387862 -4.387862
R 10.969655 2.193931 -2.193931


-33.666135	1021031021301	100001100011100001101
14

R 0.000000 0.000000 0.000000
G 2.193931 2.193931 -2.193931
K 4.387862 0.000000 -4.387862
W 6.581793 -2.193931 -2.193931
T 4.387862 -4.387862 0.000000
Y 2.193931 -6.581793 -2.193931
N 4.387862 -8.775724 -4.387862
G 6.581793 -6.581793 -6.581793
I 4.387862 -4.387862 -8.775724
T 2.193931 -2.193931 -6.581793
Y 0.000000 -4.387862 -4.387862
E -2.193931 -6.581793 -6.581793
G 0.000000 -8.775724 -8.775724
R 2.193931 -6.581793 -10.969655


-33.481327	1201301201301	100100101100100100101
14

R 0.000000 0.000000 0.000000
G 2.193931 2.193931 -2.193931
K 4.387862 0.000000 -4.387862
W 6.581793 -2.193931 -2.193931
T 4.387862 -4.387862 0.000000
Y 2.193931 -2.193931 2.193931
N 4.387862 0.000000 4.387862
G 6.581793 2.193931 2.193931
I 8.775724 0.000000 0.000000
T 10.969655 -2.193931 2.193931
Y 8.775724 -4.387862 4.387862
E 6.581793 -2.193931 6.581793
G 8.775724 0.000000 8.775724
R 10.969655 2.193931 6.581793


-33.350278	3013230130301	110010110111001011001
14

R 0.000000 0.000000 0.000000
G 2.193931 2.193931 -2.193931
K 4.387862 0.000000 -4.387862
W 6.581793 -2.193931 -2.193931
T 8.775724 -4.387862 -4.387862
Y 10.969655 -6.581793 -2.193931
N 8.775724 -8.775724 0.000000
G 6.581793 -6.581793 2.193931
I 4.387862 -4.387862 0.000000
T 2.193931 -6.581793 -2.193931
Y 0.000000 -4.387862 -4.387862
E 2.193931 -2.193931 -6.581793
G 4.387862 -4.387862 -8.775724
R 6.581793 -6.581793 -6.581793


-33.224835	2023013203101	010001110010110100110
14

R 0.000000 0.000000 0.000000
G 2.193931 2.193931 -2.193931
K 4.387862 0.000000 -4.387862
W 6.581793 2.193931 -6.581793
T 4.387862 4.387862 -8.775724
Y 2.193931 6.581793 -6.581793
N 4.387862 8.775724 -4.387862
G 6.581793 6.581793 -2.193931
I 4.387862 4.387862 -0.000000
T 2.193931 6.581793 2.193931
Y 0.000000 8.775724 -0.000000
E -2.193931 6.581793 -2.193931
G 0.000000 4.387862 -4.387862
R -2.193931 2.193931 -6.581793


-33.224835	3032012302101	110011010010011100010
14

R 0.000000 0.000000 0.000000
G 2.193931 2.193931 -2.193931
K 4.387862 0.000000 -4.387862
W 6.581793 2.193931 -6.581793
T 8.775724 4.387862 -4.387862
Y 6.581793 6.581793 -2.193931
N 4.387862 8.775724 -4.387862
G 2.193931 6.581793 -6.581793
I 0.000000 4.387862 -4.387862
T -2.193931 6.581793 -2.193931
Y 0.000000 8.775724 -0.000000
E 2.193931 6.581793 2.193931
G 4.387862 4.387862 -0.000000
R 6.581793 2.193931 2.193931


-33.217888	0320301302301	001101001100101100011
14

R 0.000000 0.000000 0.000000
G 2.193931 2.193931 -2.193931
K 4.387862 0.000000 -4.387862
W 6.581793 -2.193931 -2.193931
T 8.775724 0.000000 0.000000
Y 6.581793 2.193931 2.193931
N 4.387862 4.387862 0.000000
G 6.581793 6.581793 -2.193931
I 8.775724 4.387862 -4.387862
T 10.969655 2.193931 -2.193931
Y 13.163586 0.000000 -4.387862
E 10.969655 -2.193931 -6.581793
G 8.775724 0.000000 -8.775724
R 6.581793 2.193931 -6.581793


-33.217888	0130102103101	001011001000011000110
14

R 0.000000 0.000000 0.000000
G 2.193931 2.193931 -2.193931
K 4.387862 0.000000 -4.387862
W 6.581793 2.193931 -6.581793
T 4.387862 4.387862 -8.775724
Y 2.193931 6.581793 -6.581793
N 0.000000 4.387862 -4.387862
G -2.193931 2.193931 -6.581793
I 0.000000 0.000000 -8.775724
T 2.193931 2.193931 -10.969655
Y 4.387862 0.000000 -13.163586
E 6.581793 -2.193931 -10.969655
G 4.387862 -4.387862 -8.775724
R 2.193931 -2.193931 -6.581793


-33.217888	0120103102101	001001001000111000010
14

R 0.000000 0.000000 0.000000
G 2.193931 2.193931 -2.193931
K 4.387862 0.000000 -4.387862
W 6.581793 2.193931 -6.581793
T 8.775724 4.387862 -4.387862
Y 6.581793 6.581793 -2.193931
N 4.387862 4.387862 -0.000000
G 6.581793 2.193931 2.193931
I 8.775724 0.000000 -0.000000
T 10.969655 2.193931 -2.193931
Y 13.163586 0.000000 -4.387862
E 10.969655 -2.193931 -6.581793
G 8.775724 -4.387862 -4.387862
R 6.581793 -2.193931 -2.193931


-33.199636	2101301201301	011000101100100100101
14

R 0.000000 0.000000 0.000000
G 2.193931 2.193931 -2.193931
K 4.387862 0.000000 -4.387862
W 6.581793 -2.193931 -2.193931
T 4.387862 -4.387862 0.000000
Y 2.193931 -2.193931 2.193931
N 4.387862 0.000000 4.387862
G 6.581793 2.193931 2.193931
I 8.775724 0.000000 0.000000
T 10.969655 -2.193931 2.193931
Y 8.775724 -4.387862 4.387862
E 6.581793 -2.193931 6.581793
G 4.387862 -4.387862 8.775724
R 2.193931 -6.581793 6.581793


-33.100732	2102302102301	011000011100011000011
14

R 0.000000 0.000000 0.000000
G 2.193931 2.193931 -2.193931
K 4.387862 0.000000 -4.387862
W 6.581793 -2.193931 -2.193931
T 8.775724 0.000000 0.000000
Y 6.581793 2.193931 2.193931
N 4.387862 0.000000 4.387862
G 2.193931 -2.193931 2.193931
I 4.387862 -4.387862 0.000000
T 6.581793 -6.581793 2.193931
Y 8.775724 -4.387862 4.387862
E 6.581793 -2.193931 6.581793
G 4.387862 -4.387862 8.775724
R 2.193931 -6.581793 6.581793


-33.100669	1031010312301	100011100010001110011
14

R 0.000000 0.000000 0.000000
G 2.193931 2.193931 -2.193931
K 4.387862 0.000000 -4.387862
W 6.581793 -2.193931 -2.193931
T 8.775724 0.000000 0.000000
Y 10.969655 2.193931 -2.193931
N 8.775724 4.387862 -4.387862
G 6.581793 6.581793 -2.193931
I 4.387862 4.387862 0.000000
T 2.193931 6.581793 2.193931
Y 0.000000 4.387862 4.387862
E 2.193931 2.193931 6.581793
G 4.387862 0.000000 4.387862
R 6.581793 2.193931 2.193931


-33.068376	2021030230301	010001100011000111001
14

R 0.000000 0.000000 0.000000
G 2.193931 2.193931 -2.193931
K 4.387862 0.000000 -4.387862
W 6.581793 -2.193931 -2.193931
T 8.775724 -4.387862 -4.387862
Y 10.969655 -6.581793 -2.193931
N 13.163586 -4.387862 0.000000
G 10.969655 -2.193931 2.193931
I 8.775724 -0.000000 0.000000
T 6.581793 2.193931 2.193931
Y 4.387862 -0.000000 4.387862
E 2.193931 -2.193931 2.193931
G 4.387862 -4.387862 0.000000
R 2.193931 -6.581793 -2.193931


-33.068376	2021010210301	010001100010000110001
14

R 0.000000 0.000000 0.000000
G 2.193931 2.193931 -2.193931
K 4.387862 0.000000 -4.387862
W 6.581793 -2.193931 -2.193931
T 8.775724 -4.387862 -4.387862
Y 10.969655 -2.193931 -6.581793
N 13.163586 0.000000 -4.387862
G 10.969655 2.193931 -2.193931
I 8.775724 0.000000 -0.000000
T 6.581793 2.193931 2.193931
Y 4.387862 0.000000 4.387862
E 2.193931 -2.193931 2.193931
G 4.387862 -4.387862 -0.000000
R 2.193931 -6.581793 -2.193931


-33.068376	3021010210301	110001100010000110001
14

R 0.000000 0.000000 0.000000
G 2.193931 2.193931 -2.193931
K 4.387862 0.000000 -4.387862
W 6.581793 -2.193931 -2.193931
T 8.775724 -4.387862 -4.387862
Y 10.969655 -2.193931 -6.581793
N 13.163586 0.000000 -4.387862
G 10.969655 2.193931 -2.193931
I 8.775724 0.000000 -0.000000
T 6.581793 2.193931 2.193931
Y 4.387862 0.000000 4.387862
E 2.193931 -2.193931 2.193931
G 4.387862 -4.387862 -0.000000
R 6.581793 -6.581793 2.193931


-32.979948	2031230232101	010011100111000111010
14

R 0.000000 0.000000 0.000000
G 2.193931 2.193931 -2.193931
K 4.387862 0.000000 -4.387862
W 6.581793 2.193931 -6.581793
T 8.775724 4.387862 -4.387862
Y 10.969655 2.193931 -2.193931
N 13.163586 4.387862 -0.000000
G 10.969655 6.581793 2.193931
I 8.775724 8.775724 -0.000000
T 6.581793 6.581793 -2.193931
Y 4.387862 4.387862 -0.000000
E 6.581793 2.193931 2.193931
G 8.775724 0.000000 -0.000000
R 6.581793 -2.193931 -2.193931


-32.979948	2013210212301	010010110110000110011
14

R 0.000000 0.000000 0.000000
G 2.193931 2.193931 -2.193931
K 4.387862 0.000000 -4.387862
W 6.581793 -2.193931 -2.193931
T 8.775724 0.000000 0.000000
Y 10.969655 2.193931 -2.193931
N 13.163586 4.387862 0.000000
G 10.969655 6.581793 2.193931
I 8.775724 4.387862 4.387862
T 6.581793 2.193931 2.193931
Y 4.387862 4.387862 0.000000
E 6.581793 6.581793 -2.193931
G 8.775724 4.387862 -4.387862
R 6.581793 2.193931 -6.581793


-32.979948	3021320323101	110001101101001101110
14

R 0.000000 0.000000 0.000000
G 2.193931 2.193931 -2.193931
K 4.387862 0.000000 -4.387862
W 6.581793 2.193931 -6.581793
T 4.387862 4.387862 -8.775724
Y 2.193931 2.193931 -10.969655
N 0.000000 4.387862 -13.163586
G -2.193931 6.581793 -10.969655
I 0.000000 8.775724 -8.775724
T 2.193931 6.581793 -6.581793
Y 0.000000 4.387862 -4.387862
E -2.193931 2.193931 -6.581793
G 0.000000 0.000000 -8.775724
R 2.193931 -2.193931 -6.581793


-32.960561	3103131231301	111000111011100111101
14

R 0.000000 0.000000 0.000000
G 2.193931 2.193931 -2.193931
K 4.387862 0.000000 -4.387862
W 6.581793 -2.193931 -2.193931
T 4.387862 -4.387862 0.000000
Y 6.581793 -6.581793 2.193931
N 8.775724 -4.387862 4.387862
G 10.969655 -2.193931 2.193931
I 8.775724 -0.000000 0.000000
T 10.969655 2.193931 -2.193931
Y 8.775724 4.387862 -4.387862
E 6.581793 6.581793 -2.193931
G 4.387862 4.387862 0.000000
R 6.581793 2.193931 2.193931


-32.949755	2132101201301	011011011000100100101
14

R 0.000000 0.000000 0.000000
G 2.193931 2.193931 -2.193931
K 4.387862 0.000000 -4.387862
W 6.581793 -2.193931 -2.193931
T 4.387862 -4.387862 0.000000
Y 2.193931 -2.193931 2.193931
N 4.387862 0.000000 4.387862
G 6.581793 2.193931 2.193931
I 8.775724 0.000000 0.000000
T 10.969655 2.193931 -2.193931
Y 13.163586 4.387862 0.000000
E 15.357517 2.193931 2.193931
G 13.163586 0.000000 4.387862
R 10.969655 -2.193931 2.193931


-32.949755	0310301201301	001110001100100100101
14

R 0.000000 0.000000 0.000000
G 2.193931 2.193931 -2.193931
K 4.387862 0.000000 -4.387862
W 6.581793 -2.193931 -2.193931
T 4.387862 -4.387862 0.000000
Y 2.193931 -2.193931 2.193931
N 4.387862 0.000000 4.387862
G 6.581793 2.193931 2.193931
I 8.775724 0.000000 0.000000
T 10.969655 -2.193931 2.193931
Y 13.163586 -4.387862 0.000000
E 15.357517 -2.193931 -2.193931
G 13.163586 0.000000 -4.387862
R 10.969655 2.193931 -2.193931


-32.949755	0130101201301	001011001000100100101
14

R 0.000000 0.000000 0.000000
G 2.193931 2.193931 -2.193931
K 4.387862 0.000000 -4.387862
W 6.581793 -2.193931 -2.193931
T 4.387862 -4.387862 0.000000
Y 2.193931 -2.193931 2.193931
N 4.387862 0.000000 4.387862
G 6.581793 2.193931 2.193931
I 8.775724 0.000000 0.000000
T 10.969655 2.193931 -2.193931
Y 13.163586 0.000000 -4.387862
E 15.357517 -2.193931 -2.193931
G 13.163586 -4.387862 0.000000
R 10.969655 -2.193931 2.193931


-32.949755	2312301201301	011110011100100100101
14

R 0.000000 0.000000 0.000000
G 2.193931 2.193931 -2.193931
K 4.387862 0.000000 -4.387862
W 6.581793 -2.193931 -2.193931
T 4.387862 -4.387862 0.000000
Y 2.193931 -2.193931 2.193931
N 4.387862 0.000000 4.387862
G 6.581793 2.193931 2.193931
I 8.775724 0.000000 0.000000
T 10.969655 -2.193931 2.193931
Y 13.163586 0.000000 4.387862
E 15.357517 2.193931 2.193931
G 13.163586 4.387862 0.000000
R 10.969655 2.193931 -2.193931


-32.932956	1032030130301	100011010011001011001
14

R 0.000000 0.000000 0.000000
G 2.193931 2.193931 -2.193931
K 4.387862 0.000000 -4.387862
W 6.581793 -2.193931 -2.193931
T 8.775724 -4.387862 -4.387862
Y 10.969655 -6.581793 -2.193931
N 8.775724 -8.775724 0.000000
G 6.581793 -6.581793 2.193931
I 4.387862 -4.387862 0.000000
T 2.193931 -2.193931 2.193931
Y 4.387862 -0.000000 4.387862
E 6.581793 -2.193931 6.581793
G 8.775724 -4.387862 4.387862
R 10.969655 -2.193931 2.193931


-32.891531	0120301201301	001001001100100100101
14

R 0.000000 0.000000 0.000000
G 2.193931 2.193931 -2.193931
K 4.387862 0.000000 -4.387862
W 6.581793 -2.193931 -2.193931
T 4.387862 -4.387862 0.000000
Y 2.193931 -2.193931 2.193931
N 4.387862 0.000000 4.387862
G 6.581793 2.193931 2.193931
I 8.775724 0.000000 0.000000
T 10.969655 -2.193931 2.193931
Y 13.163586 -4.387862 0.000000
E 10.969655 -6.581793 -2.193931
G 8.775724 -8.775724 0.000000
R 6.581793 -6.581793 2.193931


-32.880936	3103202102301	111000110100011000011
14

R 0.000000 0.000000 0.000000
G 2.193931 2.193931 -2.193931
K 4.387862 0.000000 -4.387862
W 6.581793 -2.193931 -2.193931
T 8.775724 0.000000 0.000000
Y 6.581793 2.193931 2.193931
N 4.387862 0.000000 4.387862
G 2.193931 -2.193931 2.193931
I 4.387862 -4.387862 0.000000
T 2.193931 -6.581793 -2.193931
Y 0.000000 -4.387862 -4.387862
E -2.193931 -2.193931 -2.193931
G -4.387862 -4.387862 0.000000
R -2.193931 -6.581793 2.193931


-32.819040	1202302102301	100100011100011000011
14

R 0.000000 0.000000 0.000000
G 2.193931 2.193931 -2.193931
K 4.387862 0.000000 -4.387862
W 6.581793 -2.193931 -2.193931
T 8.775724 0.000000 0.000000
Y 6.581793 2.193931 2.193931
N 4.387862 0.000000 4.387862
G 2.193931 -2.193931 2.193931
I 4.387862 -4.387862 0.000000
T 6.581793 -6.581793 2.193931
Y 8.775724 -4.387862 4.387862
E 6.581793 -2.193931 6.581793
G 8.775724 -0.000000 8.775724
R 10.969655 2.193931 6.581793


-32.790442	0120130120301	001001001011001001001
14

R 0.000000 0.000000 0.000000
G 2.193931 2.193931 -2.193931
K 4.387862 0.000000 -4.387862
W 6.581793 -2.193931 -2.193931
T 8.775724 -4.387862 -4.387862
Y 6.581793 -6.581793 -6.581793
N 4.387862 -8.775724 -4.387862
G 2.193931 -6.581793 -2.193931
I 0.000000 -4.387862 -4.387862
T 2.193931 -2.193931 -6.581793
Y 4.387862 -4.387862 -8.775724
E 2.193931 -6.581793 -10.969655
G 0.000000 -8.775724 -8.775724
R -2.193931 -6.581793 -6.581793


-32.786645	2121301201301	011001101100100100101
14

R 0.000000 0.000000 0.000000
G 2.193931 2.193931 -2.193931
K 4.387862 0.000000 -4.387862
W 6.581793 -2.193931 -2.193931
T 4.387862 -4.387862 0.000000
Y 2.193931 -2.193931 2.193931
N 4.387862 0.000000 4.387862
G 6.581793 2.193931 2.193931
I 8.775724 0.000000 0.000000
T 10.969655 -2.193931 2.193931
Y 8.775724 -4.387862 4.387862
E 6.581793 -6.581793 2.193931
G 4.387862 -8.775724 4.387862
R 2.193931 -10.969655 2.193931


-32.786645	2021301201301	010001101100100100101
14

R 0.000000 0.000000 0.000000
G 2.193931 2.193931 -2.193931
K 4.387862 0.000000 -4.387862
W 6.581793 -2.193931 -2.193931
T 4.387862 -4.387862 0.000000
Y 2.193931 -2.193931 2.193931
N 4.387862 0.000000 4.387862
G 6.581793 2.193931 2.193931
I 8.775724 0.000000 0.000000
T 10.969655 -2.193931 2.193931
Y 8.775724 -4.387862 4.387862
E 6.581793 -6.581793 2.193931
G 8.775724 -8.775724 0.000000
R 6.581793 -10.969655 -2.193931


-32.786645	3121301201301	111001101100100100101
14

R 0.000000 0.000000 0.000000
G 2.193931 2.193931 -2.193931
K 4.387862 0.000000 -4.387862
W 6.581793 -2.193931 -2.193931
T 4.387862 -4.387862 0.000000
Y 2.193931 -2.193931 2.193931
N 4.387862 0.000000 4.387862
G 6.581793 2.193931 2.193931
I 8.775724 0.000000 0.000000
T 10.969655 -2.193931 2.193931
Y 8.775724 -4.387862 4.387862
E 6.581793 -6.581793 2.193931
G 4.387862 -8.775724 4.387862
R 6.581793 -10.969655 6.581793


-32.786645	3021301201301	110001101100100100101
14

R 0.000000 0.000000 0.000000
G 2.193931 2.193931 -2.193931
K 4.387862 0.000000 -4.387862
W 6.581793 -2.193931 -2.193931
T 4.387862 -4.387862 0.000000
Y 2.193931 -2.193931 2.193931
N 4.387862 0.000000 4.387862
G 6.581793 2.193931 2.193931
I 8.775724 0.000000 0.000000
T 10.969655 -2.193931 2.193931
Y 8.775724 -4.387862 4.387862
E 6.581793 -6.581793 2.193931
G 8.775724 -8.775724 0.000000
R 10.969655 -10.969655 2.193931


-32.784937	3010130102301	110010001011001000011
14

R 0.000000 0.000000 0.000000
G 2.193931 2.193931 -2.193931
K 4.387862 0.000000 -4.387862
W 6.581793 -2.193931 -2.193931
T 8.775724 0.000000 0.000000
Y 6.581793 2.193931 2.193931
N 4.387862 0.000000 4.387862
G 2.193931 2.193931 6.581793
I 0.000000 4.387862 4.387862
T 2.193931 6.581793 2.193931
Y 4.387862 4.387862 0.000000
E 6.581793 6.581793 -2.193931
G 8.775724 4.387862 -4.387862
R 10.969655 2.193931 -2.193931


-32.759142	1310313203101	101110001110110100110
14

R 0.000000 0.000000 0.000000
G 2.193931 2.193931 -2.193931
K 4.387862 0.000000 -4.387862
W 6.581793 2.193931 -6.581793
T 4.387862 4.387862 -8.775724
Y 2.193931 6.581793 -6.581793
N 4.387862 8.775724 -4.387862
G 6.581793 6.581793 -2.193931
I 4.387862 4.387862 -0.000000
T 6.581793 2.193931 2.193931
Y 8.775724 0.000000 -0.000000
E 10.969655 2.193931 -2.193931
G 8.775724 4.387862 -4.387862
R 10.969655 6.581793 -6.581793


-32.759142	1210212302101	100110000110011100010
14

R 0.000000 0.000000 0.000000
G 2.193931 2.193931 -2.193931
K 4.387862 0.000000 -4.387862
W 6.581793 2.193931 -6.581793
T 8.775724 4.387862 -4.387862
Y 6.581793 6.581793 -2.193931
N 4.387862 8.775724 -4.387862
G 2.193931 6.581793 -6.581793
I 0.000000 4.387862 -4.387862
T -2.193931 2.193931 -6.581793
Y 0.000000 0.000000 -8.775724
E 2.193931 2.193931 -10.969655
G 4.387862 4.387862 -8.775724
R 6.581793 6.581793 -10.969655


