-44.392271	20310302301	01001110001100011
12

V 0.000000 0.000000 0.000000
R 2.193931 2.193931 -2.193931
R 4.387862 0.000000 -4.387862
F 6.581793 -2.193931 -2.193931
D 8.775724 0.000000 0.000000
L 6.581793 2.193931 2.193931
L 4.387862 4.387862 0.000000
K 2.193931 6.581793 2.193931
R 0.000000 4.387862 4.387862
I 2.193931 2.193931 6.581793
L 4.387862 0.000000 4.387862
K 2.193931 -2.193931 2.193931


-44.294841	03103201301	00111000110100101
12

V 0.000000 0.000000 0.000000
R 2.193931 2.193931 -2.193931
R 4.387862 0.000000 -4.387862
F 6.581793 -2.193931 -2.193931
D 4.387862 -4.387862 0.000000
L 2.193931 -2.193931 2.193931
L 4.387862 0.000000 4.387862
K 6.581793 -2.193931 6.581793
R 8.775724 -4.387862 4.387862
I 10.969655 -2.193931 2.193931
L 8.775724 0.000000 0.000000
K 6.581793 2.193931 2.193931


-44.194354	01031021301	00100011100001101
12

V 0.000000 0.000000 0.000000
R 2.193931 2.193931 -2.193931
R 4.387862 0.000000 -4.387862
F 6.581793 -2.193931 -2.193931
D 4.387862 -4.387862 0.000000
L 2.193931 -6.581793 -2.193931
L 4.387862 -8.775724 -4.387862
K 6.581793 -6.581793 -6.581793
R 4.387862 -4.387862 -8.775724
I 2.193931 -2.193931 -6.581793
L 0.000000 -4.387862 -4.387862
K -2.193931 -2.193931 -2.193931


-43.619892	30230132301	11000111001011011
12

V 0.000000 0.000000 0.000000
R 2.193931 2.193931 -2.193931
R 4.387862 0.000000 -4.387862
F 6.581793 -2.193931 -2.193931
D 8.775724 0.000000 0.000000
L 10.969655 -2.193931 2.193931
L 8.775724 -4.387862 4.387862
K 6.581793 -2.193931 6.581793
R 4.387862 0.000000 4.387862
I 2.193931 -2.193931 2.193931
L 4.387862 -4.387862 0.000000
K 6.581793 -6.581793 2.193931


-43.291567	30132101301	11001011011000101
12

V 0.000000 0.000000 0.000000
R 2.193931 2.193931 -2.193931
R 4.387862 0.000000 -4.387862
F 6.581793 -2.193931 -2.193931
D 4.387862 -4.387862 0.000000
L 2.193931 -2.193931 2.193931
L 0.000000 -4.387862 4.387862
K -2.193931 -6.581793 2.193931
R -4.387862 -4.387862 0.000000
I -2.193931 -2.193931 -2.193931
L 0.000000 -4.387862 -4.387862
K 2.193931 -6.581793 -2.193931


-42.754331	03203102301	00110100111000011
12

V 0.000000 0.000000 0.000000
R 2.193931 2.193931 -2.193931
R 4.387862 0.000000 -4.387862
F 6.581793 -2.193931 -2.193931
D 8.775724 0.000000 0.000000
L 6.581793 2.193931 2.193931
L 4.387862 0.000000 4.387862
K 6.581793 -2.193931 6.581793
R 8.775724 -4.387862 4.387862
I 6.581793 -6.581793 2.193931
L 4.387862 -4.387862 0.000000
K 2.193931 -2.193931 2.193931


-41.706312	10130102301	10001011001000011
12

V 0.000000 0.000000 0.000000
R 2.193931 2.193931 -2.193931
R 4.387862 0.000000 -4.387862
F 6.581793 -2.193931 -2.193931
D 8.775724 0.000000 0.000000
L 6.581793 2.193931 2.193931
L 4.387862 0.000000 4.387862
K 2.193931 2.193931 6.581793
R 0.000000 4.387862 4.387862
I 2.193931 6.581793 2.193931
L 4.387862 4.387862 0.000000
K 6.581793 6.581793 -2.193931


-41.456533	10130121301	10001011001001101
12

V 0.000000 0.000000 0.000000
R 2.193931 2.193931 -2.193931
R 4.387862 0.000000 -4.387862
F 6.581793 -2.193931 -2.193931
D 4.387862 -4.387862 0.000000
L 2.193931 -6.581793 -2.193931
L 0.000000 -8.775724 0.000000
K -2.193931 -6.581793 2.193931
R -4.387862 -4.387862 0.000000
I -2.193931 -2.193931 -2.193931
L 0.000000 -4.387862 -4.387862
K 2.193931 -2.193931 -6.581793


-41.442883	30130201301	11001011000100101
12

V 0.000000 0.000000 0.000000
R 2.193931 2.193931 -2.193931
R 4.387862 0.000000 -4.387862
F 6.581793 -2.193931 -2.193931
D 4.387862 -4.387862 0.000000
L 2.193931 -2.193931 2.193931
L 4.387862 0.000000 4.387862
K 2.193931 2.193931 6.581793
R 0.000000 4.387862 4.387862
I 2.193931 6.581793 2.193931
L 4.387862 4.387862 0.000000
K 6.581793 2.193931 2.193931


-41.343054	21031021301	01100011100001101
12

V 0.000000 0.000000 0.000000
R 2.193931 2.193931 -2.193931
R 4.387862 0.000000 -4.387862
F 6.581793 -2.193931 -2.193931
D 4.387862 -4.387862 0.000000
L 2.193931 -6.581793 -2.193931
L 4.387862 -8.775724 -4.387862
K 6.581793 -6.581793 -6.581793
R 4.387862 -4.387862 -8.775724
I 2.193931 -2.193931 -6.581793
L 0.000000 -4.387862 -4.387862
K -2.193931 -6.581793 -6.581793


-41.161811	10120101301	10001001001000101
12

V 0.000000 0.000000 0.000000
R 2.193931 2.193931 -2.193931
R 4.387862 0.000000 -4.387862
F 6.581793 -2.193931 -2.193931
D 4.387862 -4.387862 0.000000
L 2.193931 -2.193931 2.193931
L 0.000000 -4.387862 4.387862
K -2.193931 -2.193931 6.581793
R 0.000000 0.000000 8.775724
I 2.193931 2.193931 6.581793
L 4.387862 0.000000 4.387862
K 6.581793 2.193931 2.193931


-41.161811	13123101301	10111001111000101
12

V 0.000000 0.000000 0.000000
R 2.193931 2.193931 -2.193931
R 4.387862 0.000000 -4.387862
F 6.581793 -2.193931 -2.193931
D 4.387862 -4.387862 0.000000
L 2.193931 -2.193931 2.193931
L 0.000000 -4.387862 4.387862
K 2.193931 -6.581793 6.581793
R 4.387862 -4.387862 8.775724
I 6.581793 -2.193931 6.581793
L 4.387862 -0.000000 4.387862
K 6.581793 2.193931 2.193931


-41.013360	03102101301	00111000011000101
12

V 0.000000 0.000000 0.000000
R 2.193931 2.193931 -2.193931
R 4.387862 0.000000 -4.387862
F 6.581793 -2.193931 -2.193931
D 4.387862 -4.387862 0.000000
L 2.193931 -2.193931 2.193931
L 0.000000 -4.387862 4.387862
K -2.193931 -6.581793 2.193931
R 0.000000 -8.775724 0.000000
I 2.193931 -6.581793 -2.193931
L 0.000000 -4.387862 -4.387862
K -2.193931 -2.193931 -2.193931


-40.425687	10132101301	10001011011000101
12

V 0.000000 0.000000 0.000000
R 2.193931 2.193931 -2.193931
R 4.387862 0.000000 -4.387862
F 6.581793 -2.193931 -2.193931
D 4.387862 -4.387862 0.000000
L 2.193931 -2.193931 2.193931
L 0.000000 -4.387862 4.387862
K -2.193931 -6.581793 2.193931
R -4.387862 -4.387862 0.000000
I -2.193931 -2.193931 -2.193931
L 0.000000 -4.387862 -4.387862
K 2.193931 -2.193931 -6.581793


-39.770244	21301201301	01101100100100101
12

V 0.000000 0.000000 0.000000
R 2.193931 2.193931 -2.193931
R 4.387862 0.000000 -4.387862
F 6.581793 -2.193931 -2.193931
D 4.387862 -4.387862 0.000000
L 2.193931 -2.193931 2.193931
L 4.387862 0.000000 4.387862
K 6.581793 2.193931 2.193931
R 8.775724 0.000000 0.000000
I 10.969655 -2.193931 2.193931
L 8.775724 -4.387862 4.387862
K 6.581793 -6.581793 2.193931


-39.483400	30310302301	11001110001100011
12

V 0.000000 0.000000 0.000000
R 2.193931 2.193931 -2.193931
R 4.387862 0.000000 -4.387862
F 6.581793 -2.193931 -2.193931
D 8.775724 0.000000 0.000000
L 6.581793 2.193931 2.193931
L 4.387862 4.387862 0.000000
K 2.193931 6.581793 2.193931
R 0.000000 4.387862 4.387862
I 2.193931 2.193931 6.581793
L 4.387862 0.000000 4.387862
K 6.581793 -2.193931 6.581793


-39.476158	01301201301	00101100100100101
12

V 0.000000 0.000000 0.000000
R 2.193931 2.193931 -2.193931
R 4.387862 0.000000 -4.387862
F 6.581793 -2.193931 -2.193931
D 4.387862 -4.387862 0.000000
L 2.193931 -2.193931 2.193931
L 4.387862 0.000000 4.387862
K 6.581793 2.193931 2.193931
R 8.775724 0.000000 0.000000
I 10.969655 -2.193931 2.193931
L 8.775724 -4.387862 4.387862
K 6.581793 -2.193931 6.581793


-39.456595	12032132301	10010011011011011
12

V 0.000000 0.000000 0.000000
R 2.193931 2.193931 -2.193931
R 4.387862 0.000000 -4.387862
F 6.581793 -2.193931 -2.193931
D 8.775724 0.000000 0.000000
L 10.969655 -2.193931 2.193931
L 8.775724 -4.387862 4.387862
K 6.581793 -6.581793 2.193931
R 4.387862 -4.387862 0.000000
I 2.193931 -2.193931 2.193931
L 4.387862 -0.000000 4.387862
K 6.581793 2.193931 2.193931


-39.033752	13102101301	10111000011000101
12

V 0.000000 0.000000 0.000000
R 2.193931 2.193931 -2.193931
R 4.387862 0.000000 -4.387862
F 6.581793 -2.193931 -2.193931
D 4.387862 -4.387862 0.000000
L 2.193931 -2.193931 2.193931
L 0.000000 -4.387862 4.387862
K -2.193931 -6.581793 2.193931
R 0.000000 -8.775724 0.000000
I 2.193931 -6.581793 -2.193931
L 0.000000 -4.387862 -4.387862
K 2.193931 -2.193931 -6.581793


-38.801209	32032132301	11010011011011011
12

V 0.000000 0.000000 0.000000
R 2.193931 2.193931 -2.193931
R 4.387862 0.000000 -4.387862
F 6.581793 -2.193931 -2.193931
D 8.775724 0.000000 0.000000
L 10.969655 -2.193931 2.193931
L 8.775724 -4.387862 4.387862
K 6.581793 -6.581793 2.193931
R 4.387862 -4.387862 0.000000
I 2.193931 -2.193931 2.193931
L 4.387862 -0.000000 4.387862
K 6.581793 -2.193931 6.581793


-38.742940	03213201301	00110110110100101
12

V 0.000000 0.000000 0.000000
R 2.193931 2.193931 -2.193931
R 4.387862 0.000000 -4.387862
F 6.581793 -2.193931 -2.193931
D 4.387862 -4.387862 0.000000
L 2.193931 -2.193931 2.193931
L 4.387862 0.000000 4.387862
K 6.581793 -2.193931 6.581793
R 4.387862 -4.387862 8.775724
I 2.193931 -6.581793 6.581793
L 0.000000 -4.387862 4.387862
K -2.193931 -2.193931 6.581793


-38.742940	03123101301	00111001111000101
12

V 0.000000 0.000000 0.000000
R 2.193931 2.193931 -2.193931
R 4.387862 0.000000 -4.387862
F 6.581793 -2.193931 -2.193931
D 4.387862 -4.387862 0.000000
L 2.193931 -2.193931 2.193931
L 0.000000 -4.387862 4.387862
K 2.193931 -6.581793 6.581793
R 4.387862 -4.387862 8.775724
I 6.581793 -2.193931 6.581793
L 4.387862 -0.000000 4.387862
K 2.193931 2.193931 6.581793


-38.742940	20210201301	01000110000100101
12

V 0.000000 0.000000 0.000000
R 2.193931 2.193931 -2.193931
R 4.387862 0.000000 -4.387862
F 6.581793 -2.193931 -2.193931
D 4.387862 -4.387862 0.000000
L 2.193931 -2.193931 2.193931
L 4.387862 0.000000 4.387862
K 2.193931 2.193931 6.581793
R 0.000000 0.000000 8.775724
I -2.193931 -2.193931 6.581793
L 0.000000 -4.387862 4.387862
K -2.193931 -6.581793 2.193931


-38.742940	23213201301	01110110110100101
12

V 0.000000 0.000000 0.000000
R 2.193931 2.193931 -2.193931
R 4.387862 0.000000 -4.387862
F 6.581793 -2.193931 -2.193931
D 4.387862 -4.387862 0.000000
L 2.193931 -2.193931 2.193931
L 4.387862 0.000000 4.387862
K 6.581793 -2.193931 6.581793
R 4.387862 -4.387862 8.775724
I 2.193931 -6.581793 6.581793
L 0.000000 -4.387862 4.387862
K -2.193931 -6.581793 2.193931


-38.742940	30210201301	11000110000100101
12

V 0.000000 0.000000 0.000000
R 2.193931 2.193931 -2.193931
R 4.387862 0.000000 -4.387862
F 6.581793 -2.193931 -2.193931
D 4.387862 -4.387862 0.000000
L 2.193931 -2.193931 2.193931
L 4.387862 0.000000 4.387862
K 2.193931 2.193931 6.581793
R 0.000000 0.000000 8.775724
I -2.193931 -2.193931 6.581793
L 0.000000 -4.387862 4.387862
K 2.193931 -6.581793 6.581793


-38.742940	30120101301	11001001001000101
12

V 0.000000 0.000000 0.000000
R 2.193931 2.193931 -2.193931
R 4.387862 0.000000 -4.387862
F 6.581793 -2.193931 -2.193931
D 4.387862 -4.387862 0.000000
L 2.193931 -2.193931 2.193931
L 0.000000 -4.387862 4.387862
K -2.193931 -2.193931 6.581793
R 0.000000 0.000000 8.775724
I 2.193931 2.193931 6.581793
L 4.387862 0.000000 4.387862
K 6.581793 -2.193931 6.581793


-38.447661	20130121301	01001011001001101
12

V 0.000000 0.000000 0.000000
R 2.193931 2.193931 -2.193931
R 4.387862 0.000000 -4.387862
F 6.581793 -2.193931 -2.193931
D 4.387862 -4.387862 0.000000
L 2.193931 -6.581793 -2.193931
L 0.000000 -8.775724 0.000000
K -2.193931 -6.581793 2.193931
R -4.387862 -4.387862 0.000000
I -2.193931 -2.193931 -2.193931
L 0.000000 -4.387862 -4.387862
K -2.193931 -6.581793 -6.581793


-38.426362	13103201301	10111000110100101
12

V 0.000000 0.000000 0.000000
R 2.193931 2.193931 -2.193931
R 4.387862 0.000000 -4.387862
F 6.581793 -2.193931 -2.193931
D 4.387862 -4.387862 0.000000
L 2.193931 -2.193931 2.193931
L 4.387862 0.000000 4.387862
K 6.581793 -2.193931 6.581793
R 8.775724 -4.387862 4.387862
I 10.969655 -2.193931 2.193931
L 8.775724 0.000000 0.000000
K 10.969655 2.193931 -2.193931


-38.112712	20230132301	01000111001011011
12

V 0.000000 0.000000 0.000000
R 2.193931 2.193931 -2.193931
R 4.387862 0.000000 -4.387862
F 6.581793 -2.193931 -2.193931
D 8.775724 0.000000 0.000000
L 10.969655 -2.193931 2.193931
L 8.775724 -4.387862 4.387862
K 6.581793 -2.193931 6.581793
R 4.387862 0.000000 4.387862
I 2.193931 -2.193931 2.193931
L 4.387862 -4.387862 0.000000
K 2.193931 -6.581793 -2.193931


-37.736181	10130120301	10001011001001001
12

V 0.000000 0.000000 0.000000
R 2.193931 2.193931 -2.193931
R 4.387862 0.000000 -4.387862
F 6.581793 -2.193931 -2.193931
D 8.775724 -4.387862 -4.387862
L 6.581793 -6.581793 -6.581793
L 4.387862 -8.775724 -4.387862
K 2.193931 -6.581793 -2.193931
R 0.000000 -4.387862 -4.387862
I 2.193931 -2.193931 -6.581793
L 4.387862 -4.387862 -8.775724
K 6.581793 -2.193931 -10.969655


-37.736181	20130120301	01001011001001001
12

V 0.000000 0.000000 0.000000
R 2.193931 2.193931 -2.193931
R 4.387862 0.000000 -4.387862
F 6.581793 -2.193931 -2.193931
D 8.775724 -4.387862 -4.387862
L 6.581793 -6.581793 -6.581793
L 4.387862 -8.775724 -4.387862
K 2.193931 -6.581793 -2.193931
R 0.000000 -4.387862 -4.387862
I 2.193931 -2.193931 -6.581793
L 4.387862 -4.387862 -8.775724
K 2.193931 -6.581793 -10.969655


-37.512594	02310320301	00011110001101001
12

V 0.000000 0.000000 0.000000
R 2.193931 2.193931 -2.193931
R 4.387862 0.000000 -4.387862
F 6.581793 -2.193931 -2.193931
D 8.775724 -4.387862 -4.387862
L 6.581793 -6.581793 -6.581793
L 4.387862 -4.387862 -8.775724
K 2.193931 -2.193931 -6.581793
R 0.000000 -4.387862 -4.387862
I 2.193931 -6.581793 -2.193931
L 4.387862 -4.387862 -0.000000
K 2.193931 -2.193931 2.193931


-37.444200	31031201301	11100011100100101
12

V 0.000000 0.000000 0.000000
R 2.193931 2.193931 -2.193931
R 4.387862 0.000000 -4.387862
F 6.581793 -2.193931 -2.193931
D 4.387862 -4.387862 0.000000
L 2.193931 -2.193931 2.193931
L 4.387862 0.000000 4.387862
K 6.581793 2.193931 2.193931
R 4.387862 4.387862 0.000000
I 2.193931 6.581793 2.193931
L 0.000000 4.387862 4.387862
K 2.193931 2.193931 6.581793


-37.416816	20132101301	01001011011000101
12

V 0.000000 0.000000 0.000000
R 2.193931 2.193931 -2.193931
R 4.387862 0.000000 -4.387862
F 6.581793 -2.193931 -2.193931
D 4.387862 -4.387862 0.000000
L 2.193931 -2.193931 2.193931
L 0.000000 -4.387862 4.387862
K -2.193931 -6.581793 2.193931
R -4.387862 -4.387862 0.000000
I -2.193931 -2.193931 -2.193931
L 0.000000 -4.387862 -4.387862
K -2.193931 -6.581793 -6.581793


-36.852015	21031201301	01100011100100101
12

V 0.000000 0.000000 0.000000
R 2.193931 2.193931 -2.193931
R 4.387862 0.000000 -4.387862
F 6.581793 -2.193931 -2.193931
D 4.387862 -4.387862 0.000000
L 2.193931 -2.193931 2.193931
L 4.387862 0.000000 4.387862
K 6.581793 2.193931 2.193931
R 4.387862 4.387862 0.000000
I 2.193931 6.581793 2.193931
L 0.000000 4.387862 4.387862
K -2.193931 2.193931 2.193931


-36.441442	21301321301	01101100101101101
12

V 0.000000 0.000000 0.000000
R 2.193931 2.193931 -2.193931
R 4.387862 0.000000 -4.387862
F 6.581793 -2.193931 -2.193931
D 4.387862 -4.387862 0.000000
L 2.193931 -6.581793 -2.193931
L 0.000000 -4.387862 -4.387862
K 2.193931 -2.193931 -6.581793
R 4.387862 -4.387862 -8.775724
I 6.581793 -6.581793 -6.581793
L 4.387862 -8.775724 -4.387862
K 2.193931 -10.969655 -6.581793


-36.441442	31301321301	11101100101101101
12

V 0.000000 0.000000 0.000000
R 2.193931 2.193931 -2.193931
R 4.387862 0.000000 -4.387862
F 6.581793 -2.193931 -2.193931
D 4.387862 -4.387862 0.000000
L 2.193931 -6.581793 -2.193931
L 0.000000 -4.387862 -4.387862
K 2.193931 -2.193931 -6.581793
R 4.387862 -4.387862 -8.775724
I 6.581793 -6.581793 -6.581793
L 4.387862 -8.775724 -4.387862
K 6.581793 -10.969655 -2.193931


-36.217497	03013023101	00110010110001110
12

V 0.000000 0.000000 0.000000
R 2.193931 2.193931 -2.193931
R 4.387862 0.000000 -4.387862
F 6.581793 2.193931 -6.581793
D 4.387862 4.387862 -8.775724
L 2.193931 2.193931 -10.969655
L 4.387862 0.000000 -13.163586
K 6.581793 -2.193931 -10.969655
R 4.387862 -4.387862 -8.775724
I 2.193931 -2.193931 -6.581793
L 0.000000 0.000000 -8.775724
K -2.193931 2.193931 -6.581793


-36.217497	02032012301	00010011010010011
12

V 0.000000 0.000000 0.000000
R 2.193931 2.193931 -2.193931
R 4.387862 0.000000 -4.387862
F 6.581793 -2.193931 -2.193931
D 8.775724 0.000000 0.000000
L 10.969655 2.193931 -2.193931
L 13.163586 0.000000 -4.387862
K 10.969655 -2.193931 -6.581793
R 8.775724 0.000000 -8.775724
I 6.581793 2.193931 -6.581793
L 8.775724 4.387862 -4.387862
K 6.581793 6.581793 -2.193931


-36.217497	02012032101	00010010010011010
12

V 0.000000 0.000000 0.000000
R 2.193931 2.193931 -2.193931
R 4.387862 0.000000 -4.387862
F 6.581793 2.193931 -6.581793
D 8.775724 4.387862 -4.387862
L 10.969655 2.193931 -2.193931
L 13.163586 0.000000 -4.387862
K 10.969655 -2.193931 -6.581793
R 8.775724 -4.387862 -4.387862
I 6.581793 -2.193931 -2.193931
L 8.775724 0.000000 -0.000000
K 6.581793 2.193931 2.193931


-36.141544	12302102301	10011100011000011
12

V 0.000000 0.000000 0.000000
R 2.193931 2.193931 -2.193931
R 4.387862 0.000000 -4.387862
F 6.581793 -2.193931 -2.193931
D 8.775724 0.000000 0.000000
L 6.581793 2.193931 2.193931
L 4.387862 0.000000 4.387862
K 2.193931 -2.193931 2.193931
R 4.387862 -4.387862 0.000000
I 6.581793 -6.581793 2.193931
L 8.775724 -4.387862 4.387862
K 10.969655 -2.193931 2.193931


-36.054114	20130102101	01001011001000010
12

V 0.000000 0.000000 0.000000
R 2.193931 2.193931 -2.193931
R 4.387862 0.000000 -4.387862
F 6.581793 2.193931 -6.581793
D 8.775724 4.387862 -4.387862
L 6.581793 6.581793 -2.193931
L 4.387862 4.387862 -0.000000
K 2.193931 6.581793 2.193931
R 0.000000 8.775724 -0.000000
I 2.193931 10.969655 -2.193931
L 4.387862 8.775724 -4.387862
K 2.193931 6.581793 -6.581793


-36.054114	30120103101	11001001001000110
12

V 0.000000 0.000000 0.000000
R 2.193931 2.193931 -2.193931
R 4.387862 0.000000 -4.387862
F 6.581793 2.193931 -6.581793
D 4.387862 4.387862 -8.775724
L 2.193931 6.581793 -6.581793
L 0.000000 4.387862 -4.387862
K -2.193931 6.581793 -2.193931
R 0.000000 8.775724 -0.000000
I 2.193931 10.969655 -2.193931
L 4.387862 8.775724 -4.387862
K 6.581793 6.581793 -2.193931


-36.024881	23102101301	01111000011000101
12

V 0.000000 0.000000 0.000000
R 2.193931 2.193931 -2.193931
R 4.387862 0.000000 -4.387862
F 6.581793 -2.193931 -2.193931
D 4.387862 -4.387862 0.000000
L 2.193931 -2.193931 2.193931
L 0.000000 -4.387862 4.387862
K -2.193931 -6.581793 2.193931
R 0.000000 -8.775724 0.000000
I 2.193931 -6.581793 -2.193931
L 0.000000 -4.387862 -4.387862
K -2.193931 -6.581793 -6.581793


-35.858155	03213202101	00110110110100010
12

V 0.000000 0.000000 0.000000
R 2.193931 2.193931 -2.193931
R 4.387862 0.000000 -4.387862
F 6.581793 2.193931 -6.581793
D 8.775724 4.387862 -4.387862
L 6.581793 6.581793 -2.193931
L 8.775724 8.775724 -0.000000
K 10.969655 6.581793 2.193931
R 8.775724 4.387862 4.387862
I 6.581793 2.193931 2.193931
L 4.387862 4.387862 -0.000000
K 2.193931 6.581793 2.193931


-35.858155	10230202301	10000111000100011
12

V 0.000000 0.000000 0.000000
R 2.193931 2.193931 -2.193931
R 4.387862 0.000000 -4.387862
F 6.581793 -2.193931 -2.193931
D 8.775724 0.000000 0.000000
L 6.581793 2.193931 2.193931
L 8.775724 4.387862 4.387862
K 6.581793 6.581793 6.581793
R 4.387862 8.775724 4.387862
I 2.193931 6.581793 2.193931
L 4.387862 4.387862 0.000000
K 6.581793 6.581793 -2.193931


-35.858155	20310303101	01001110001100110
12

V 0.000000 0.000000 0.000000
R 2.193931 2.193931 -2.193931
R 4.387862 0.000000 -4.387862
F 6.581793 2.193931 -6.581793
D 4.387862 4.387862 -8.775724
L 2.193931 6.581793 -6.581793
L 0.000000 8.775724 -8.775724
K -2.193931 10.969655 -6.581793
R -4.387862 8.775724 -4.387862
I -2.193931 6.581793 -2.193931
L 0.000000 4.387862 -4.387862
K -2.193931 2.193931 -6.581793


-35.858155	20210203101	01000110000100110
12

V 0.000000 0.000000 0.000000
R 2.193931 2.193931 -2.193931
R 4.387862 0.000000 -4.387862
F 6.581793 2.193931 -6.581793
D 4.387862 4.387862 -8.775724
L 2.193931 6.581793 -6.581793
L 4.387862 8.775724 -4.387862
K 2.193931 10.969655 -2.193931
R 0.000000 8.775724 -0.000000
I -2.193931 6.581793 -2.193931
L 0.000000 4.387862 -4.387862
K -2.193931 2.193931 -6.581793


-35.858155	02312303101	00011110011100110
12

V 0.000000 0.000000 0.000000
R 2.193931 2.193931 -2.193931
R 4.387862 0.000000 -4.387862
F 6.581793 2.193931 -6.581793
D 4.387862 4.387862 -8.775724
L 2.193931 6.581793 -6.581793
L 0.000000 8.775724 -8.775724
K -2.193931 6.581793 -10.969655
R -4.387862 4.387862 -8.775724
I -2.193931 2.193931 -6.581793
L 0.000000 4.387862 -4.387862
K -2.193931 6.581793 -2.193931


-35.858155	30310302101	11001110001100010
12

V 0.000000 0.000000 0.000000
R 2.193931 2.193931 -2.193931
R 4.387862 0.000000 -4.387862
F 6.581793 2.193931 -6.581793
D 8.775724 4.387862 -4.387862
L 6.581793 6.581793 -2.193931
L 4.387862 8.775724 -4.387862
K 2.193931 10.969655 -2.193931
R 0.000000 8.775724 -0.000000
I 2.193931 6.581793 2.193931
L 4.387862 4.387862 -0.000000
K 6.581793 2.193931 2.193931


-35.858155	30210202101	11000110000100010
12

V 0.000000 0.000000 0.000000
R 2.193931 2.193931 -2.193931
R 4.387862 0.000000 -4.387862
F 6.581793 2.193931 -6.581793
D 8.775724 4.387862 -4.387862
L 6.581793 6.581793 -2.193931
L 8.775724 8.775724 -0.000000
K 6.581793 10.969655 2.193931
R 4.387862 8.775724 4.387862
I 2.193931 6.581793 2.193931
L 4.387862 4.387862 -0.000000
K 6.581793 2.193931 2.193931


-35.858155	01231202301	00100111100100011
12

V 0.000000 0.000000 0.000000
R 2.193931 2.193931 -2.193931
R 4.387862 0.000000 -4.387862
F 6.581793 -2.193931 -2.193931
D 8.775724 0.000000 0.000000
L 6.581793 2.193931 2.193931
L 8.775724 4.387862 4.387862
K 10.969655 6.581793 2.193931
R 8.775724 8.775724 0.000000
I 6.581793 6.581793 -2.193931
L 4.387862 4.387862 0.000000
K 2.193931 6.581793 2.193931


-35.856197	32012032101	11010010010011010
12

V 0.000000 0.000000 0.000000
R 2.193931 2.193931 -2.193931
R 4.387862 0.000000 -4.387862
F 6.581793 2.193931 -6.581793
D 8.775724 4.387862 -4.387862
L 10.969655 2.193931 -2.193931
L 13.163586 0.000000 -4.387862
K 10.969655 -2.193931 -6.581793
R 8.775724 -4.387862 -4.387862
I 6.581793 -2.193931 -2.193931
L 8.775724 0.000000 -0.000000
K 10.969655 -2.193931 2.193931


-35.856197	10230210301	10000111000110001
12

V 0.000000 0.000000 0.000000
R 2.193931 2.193931 -2.193931
R 4.387862 0.000000 -4.387862
F 6.581793 -2.193931 -2.193931
D 8.775724 -4.387862 -4.387862
L 10.969655 -2.193931 -6.581793
L 13.163586 0.000000 -4.387862
K 10.969655 2.193931 -2.193931
R 8.775724 4.387862 -4.387862
I 6.581793 2.193931 -6.581793
L 8.775724 0.000000 -8.775724
K 10.969655 2.193931 -10.969655


-35.856197	20310320101	01001110001101000
12

V 0.000000 0.000000 0.000000
R 2.193931 2.193931 -2.193931
R 4.387862 0.000000 -4.387862
F 6.581793 2.193931 -6.581793
D 8.775724 0.000000 -8.775724
L 6.581793 -2.193931 -10.969655
L 4.387862 0.000000 -13.163586
K 2.193931 2.193931 -10.969655
R 0.000000 0.000000 -8.775724
I 2.193931 -2.193931 -6.581793
L 4.387862 -4.387862 -8.775724
K 2.193931 -6.581793 -10.969655


-35.856197	20210230101	01000110000111000
12

V 0.000000 0.000000 0.000000
R 2.193931 2.193931 -2.193931
R 4.387862 0.000000 -4.387862
F 6.581793 2.193931 -6.581793
D 8.775724 0.000000 -8.775724
L 10.969655 -2.193931 -6.581793
L 13.163586 0.000000 -4.387862
K 10.969655 2.193931 -2.193931
R 8.775724 0.000000 -0.000000
I 6.581793 -2.193931 -2.193931
L 8.775724 -4.387862 -4.387862
K 6.581793 -6.581793 -6.581793


-35.856197	20230210301	01000111000110001
12

V 0.000000 0.000000 0.000000
R 2.193931 2.193931 -2.193931
R 4.387862 0.000000 -4.387862
F 6.581793 -2.193931 -2.193931
D 8.775724 -4.387862 -4.387862
L 10.969655 -2.193931 -6.581793
L 13.163586 0.000000 -4.387862
K 10.969655 2.193931 -2.193931
R 8.775724 4.387862 -4.387862
I 6.581793 2.193931 -6.581793
L 8.775724 0.000000 -8.775724
K 6.581793 -2.193931 -10.969655


-35.856197	30310320101	11001110001101000
12

V 0.000000 0.000000 0.000000
R 2.193931 2.193931 -2.193931
R 4.387862 0.000000 -4.387862
F 6.581793 2.193931 -6.581793
D 8.775724 0.000000 -8.775724
L 6.581793 -2.193931 -10.969655
L 4.387862 0.000000 -13.163586
K 2.193931 2.193931 -10.969655
R 0.000000 0.000000 -8.775724
I 2.193931 -2.193931 -6.581793
L 4.387862 -4.387862 -8.775724
K 6.581793 -6.581793 -6.581793


-35.856197	30210230101	11000110000111000
12

V 0.000000 0.000000 0.000000
R 2.193931 2.193931 -2.193931
R 4.387862 0.000000 -4.387862
F 6.581793 2.193931 -6.581793
D 8.775724 0.000000 -8.775724
L 10.969655 -2.193931 -6.581793
L 13.163586 0.000000 -4.387862
K 10.969655 2.193931 -2.193931
R 8.775724 0.000000 -0.000000
I 6.581793 -2.193931 -2.193931
L 8.775724 -4.387862 -4.387862
K 10.969655 -6.581793 -2.193931


-35.856197	12032012301	10010011010010011
12

V 0.000000 0.000000 0.000000
R 2.193931 2.193931 -2.193931
R 4.387862 0.000000 -4.387862
F 6.581793 -2.193931 -2.193931
D 8.775724 0.000000 0.000000
L 10.969655 2.193931 -2.193931
L 13.163586 0.000000 -4.387862
K 10.969655 -2.193931 -6.581793
R 8.775724 0.000000 -8.775724
I 6.581793 2.193931 -6.581793
L 8.775724 4.387862 -4.387862
K 10.969655 6.581793 -6.581793


-35.856197	23013023101	01110010110001110
12

V 0.000000 0.000000 0.000000
R 2.193931 2.193931 -2.193931
R 4.387862 0.000000 -4.387862
F 6.581793 2.193931 -6.581793
D 4.387862 4.387862 -8.775724
L 2.193931 2.193931 -10.969655
L 4.387862 0.000000 -13.163586
K 6.581793 -2.193931 -10.969655
R 4.387862 -4.387862 -8.775724
I 2.193931 -2.193931 -6.581793
L 0.000000 0.000000 -8.775724
K -2.193931 -2.193931 -10.969655


-35.847457	02302102301	00011100011000011
12

V 0.000000 0.000000 0.000000
R 2.193931 2.193931 -2.193931
R 4.387862 0.000000 -4.387862
F 6.581793 -2.193931 -2.193931
D 8.775724 0.000000 0.000000
L 6.581793 2.193931 2.193931
L 4.387862 0.000000 4.387862
K 2.193931 -2.193931 2.193931
R 4.387862 -4.387862 0.000000
I 6.581793 -6.581793 2.193931
L 8.775724 -4.387862 4.387862
K 6.581793 -2.193931 6.581793


-35.535295	21031231301	01100011100111101
12

V 0.000000 0.000000 0.000000
R 2.193931 2.193931 -2.193931
R 4.387862 0.000000 -4.387862
F 6.581793 -2.193931 -2.193931
D 4.387862 -4.387862 0.000000
L 6.581793 -6.581793 2.193931
L 8.775724 -4.387862 4.387862
K 10.969655 -2.193931 2.193931
R 8.775724 -0.000000 0.000000
I 6.581793 2.193931 2.193931
L 4.387862 -0.000000 4.387862
K 2.193931 -2.193931 2.193931


-35.120403	30130231301	11001011000111101
12

V 0.000000 0.000000 0.000000
R 2.193931 2.193931 -2.193931
R 4.387862 0.000000 -4.387862
F 6.581793 -2.193931 -2.193931
D 4.387862 -4.387862 0.000000
L 6.581793 -6.581793 2.193931
L 8.775724 -4.387862 4.387862
K 6.581793 -2.193931 6.581793
R 4.387862 -0.000000 4.387862
I 6.581793 2.193931 2.193931
L 8.775724 -0.000000 0.000000
K 10.969655 -2.193931 2.193931


-35.049063	01302103101	00101100011000110
12

V 0.000000 0.000000 0.000000
R 2.193931 2.193931 -2.193931
R 4.387862 0.000000 -4.387862
F 6.581793 2.193931 -6.581793
D 4.387862 4.387862 -8.775724
L 2.193931 6.581793 -6.581793
L 0.000000 4.387862 -4.387862
K -2.193931 2.193931 -6.581793
R 0.000000 0.000000 -8.775724
I 2.193931 -2.193931 -6.581793
L 0.000000 -4.387862 -4.387862
K -2.193931 -2.193931 -2.193931


-35.049063	01203102101	00100100111000010
12

V 0.000000 0.000000 0.000000
R 2.193931 2.193931 -2.193931
R 4.387862 0.000000 -4.387862
F 6.581793 2.193931 -6.581793
D 8.775724 4.387862 -4.387862
L 6.581793 6.581793 -2.193931
L 4.387862 4.387862 -0.000000
K 6.581793 2.193931 2.193931
R 8.775724 0.000000 -0.000000
I 6.581793 -2.193931 -2.193931
L 4.387862 -4.387862 -0.000000
K 2.193931 -2.193931 2.193931


-35.004068	32130101301	11011011001000101
12

V 0.000000 0.000000 0.000000
R 2.193931 2.193931 -2.193931
R 4.387862 0.000000 -4.387862
F 6.581793 -2.193931 -2.193931
D 4.387862 -4.387862 0.000000
L 2.193931 -2.193931 2.193931
L 0.000000 -4.387862 4.387862
K -2.193931 -2.193931 6.581793
R -4.387862 0.000000 4.387862
I -2.193931 2.193931 2.193931
L 0.000000 4.387862 4.387862
K 2.193931 2.193931 6.581793


-35.004068	31230201301	11100111000100101
12

V 0.000000 0.000000 0.000000
R 2.193931 2.193931 -2.193931
R 4.387862 0.000000 -4.387862
F 6.581793 -2.193931 -2.193931
D 4.387862 -4.387862 0.000000
L 2.193931 -2.193931 2.193931
L 4.387862 0.000000 4.387862
K 2.193931 2.193931 6.581793
R 0.000000 4.387862 4.387862
I -2.193931 2.193931 2.193931
L -4.387862 0.000000 4.387862
K -2.193931 -2.193931 6.581793


-34.979892	10320103101	10001101001000110
12

V 0.000000 0.000000 0.000000
R 2.193931 2.193931 -2.193931
R 4.387862 0.000000 -4.387862
F 6.581793 2.193931 -6.581793
D 4.387862 4.387862 -8.775724
L 2.193931 6.581793 -6.581793
L 0.000000 4.387862 -4.387862
K -2.193931 6.581793 -2.193931
R 0.000000 8.775724 -0.000000
I 2.193931 6.581793 2.193931
L 4.387862 4.387862 -0.000000
K 6.581793 6.581793 -2.193931


-34.979892	10230102101	10000111001000010
12

V 0.000000 0.000000 0.000000
R 2.193931 2.193931 -2.193931
R 4.387862 0.000000 -4.387862
F 6.581793 2.193931 -6.581793
D 8.775724 4.387862 -4.387862
L 6.581793 6.581793 -2.193931
L 4.387862 4.387862 -0.000000
K 2.193931 6.581793 2.193931
R 0.000000 8.775724 -0.000000
I -2.193931 6.581793 -2.193931
L 0.000000 4.387862 -4.387862
K 2.193931 6.581793 -6.581793


-34.661294	32310320301	11011110001101001
12

V 0.000000 0.000000 0.000000
R 2.193931 2.193931 -2.193931
R 4.387862 0.000000 -4.387862
F 6.581793 -2.193931 -2.193931
D 8.775724 -4.387862 -4.387862
L 6.581793 -6.581793 -6.581793
L 4.387862 -4.387862 -8.775724
K 2.193931 -2.193931 -6.581793
R 0.000000 -4.387862 -4.387862
I 2.193931 -6.581793 -2.193931
L 4.387862 -4.387862 -0.000000
K 6.581793 -6.581793 2.193931


-34.395851	23203102301	01110100111000011
12

V 0.000000 0.000000 0.000000
R 2.193931 2.193931 -2.193931
R 4.387862 0.000000 -4.387862
F 6.581793 -2.193931 -2.193931
D 8.775724 0.000000 0.000000
L 6.581793 2.193931 2.193931
L 4.387862 0.000000 4.387862
K 6.581793 -2.193931 6.581793
R 8.775724 -4.387862 4.387862
I 6.581793 -6.581793 2.193931
L 4.387862 -4.387862 0.000000
K 2.193931 -6.581793 -2.193931


-34.299994	32301321301	11011100101101101
12

V 0.000000 0.000000 0.000000
R 2.193931 2.193931 -2.193931
R 4.387862 0.000000 -4.387862
F 6.581793 -2.193931 -2.193931
D 4.387862 -4.387862 0.000000
L 2.193931 -6.581793 -2.193931
L 0.000000 -4.387862 -4.387862
K 2.193931 -2.193931 -6.581793
R 4.387862 -4.387862 -8.775724
I 6.581793 -6.581793 -6.581793
L 8.775724 -4.387862 -4.387862
K 10.969655 -6.581793 -2.193931


-34.299994	12301321301	10011100101101101
12

V 0.000000 0.000000 0.000000
R 2.193931 2.193931 -2.193931
R 4.387862 0.000000 -4.387862
F 6.581793 -2.193931 -2.193931
D 4.387862 -4.387862 0.000000
L 2.193931 -6.581793 -2.193931
L 0.000000 -4.387862 -4.387862
K 2.193931 -2.193931 -6.581793
R 4.387862 -4.387862 -8.775724
I 6.581793 -6.581793 -6.581793
L 8.775724 -4.387862 -4.387862
K 10.969655 -2.193931 -6.581793


-33.968978	31301201301	11101100100100101
12

V 0.000000 0.000000 0.000000
R 2.193931 2.193931 -2.193931
R 4.387862 0.000000 -4.387862
F 6.581793 -2.193931 -2.193931
D 4.387862 -4.387862 0.000000
L 2.193931 -2.193931 2.193931
L 4.387862 0.000000 4.387862
K 6.581793 2.193931 2.193931
R 8.775724 0.000000 0.000000
I 10.969655 -2.193931 2.193931
L 8.775724 -4.387862 4.387862
K 10.969655 -6.581793 6.581793


-33.878132	10130201301	10001011000100101
12

V 0.000000 0.000000 0.000000
R 2.193931 2.193931 -2.193931
R 4.387862 0.000000 -4.387862
F 6.581793 -2.193931 -2.193931
D 4.387862 -4.387862 0.000000
L 2.193931 -2.193931 2.193931
L 4.387862 0.000000 4.387862
K 2.193931 2.193931 6.581793
R 0.000000 4.387862 4.387862
I 2.193931 6.581793 2.193931
L 4.387862 4.387862 0.000000
K 6.581793 6.581793 -2.193931


-33.635243	10320302301	10001101001100011
12

V 0.000000 0.000000 0.000000
R 2.193931 2.193931 -2.193931
R 4.387862 0.000000 -4.387862
F 6.581793 -2.193931 -2.193931
D 8.775724 0.000000 0.000000
L 6.581793 2.193931 2.193931
L 4.387862 4.387862 0.000000
K 2.193931 6.581793 2.193931
R 4.387862 8.775724 4.387862
I 6.581793 6.581793 6.581793
L 8.775724 4.387862 4.387862
K 10.969655 6.581793 2.193931


-33.635243	03123102101	00111001111000010
12

V 0.000000 0.000000 0.000000
R 2.193931 2.193931 -2.193931
R 4.387862 0.000000 -4.387862
F 6.581793 2.193931 -6.581793
D 8.775724 4.387862 -4.387862
L 6.581793 6.581793 -2.193931
L 4.387862 4.387862 -0.000000
K 6.581793 2.193931 2.193931
R 8.775724 4.387862 4.387862
I 10.969655 6.581793 2.193931
L 8.775724 8.775724 -0.000000
K 6.581793 10.969655 2.193931


-33.635243	10130103101	10001011001000110
12

V 0.000000 0.000000 0.000000
R 2.193931 2.193931 -2.193931
R 4.387862 0.000000 -4.387862
F 6.581793 2.193931 -6.581793
D 4.387862 4.387862 -8.775724
L 2.193931 6.581793 -6.581793
L 0.000000 4.387862 -4.387862
K -2.193931 6.581793 -2.193931
R -4.387862 8.775724 -4.387862
I -2.193931 10.969655 -6.581793
L 0.000000 8.775724 -8.775724
K 2.193931 10.969655 -10.969655


-33.635243	10130102101	10001011001000010
12

V 0.000000 0.000000 0.000000
R 2.193931 2.193931 -2.193931
R 4.387862 0.000000 -4.387862
F 6.581793 2.193931 -6.581793
D 8.775724 4.387862 -4.387862
L 6.581793 6.581793 -2.193931
L 4.387862 4.387862 -0.000000
K 2.193931 6.581793 2.193931
R 0.000000 8.775724 -0.000000
I 2.193931 10.969655 -2.193931
L 4.387862 8.775724 -4.387862
K 6.581793 10.969655 -6.581793


-33.635243	10120103101	10001001001000110
12

V 0.000000 0.000000 0.000000
R 2.193931 2.193931 -2.193931
R 4.387862 0.000000 -4.387862
F 6.581793 2.193931 -6.581793
D 4.387862 4.387862 -8.775724
L 2.193931 6.581793 -6.581793
L 0.000000 4.387862 -4.387862
K -2.193931 6.581793 -2.193931
R 0.000000 8.775724 -0.000000
I 2.193931 10.969655 -2.193931
L 4.387862 8.775724 -4.387862
K 6.581793 10.969655 -6.581793


-33.635243	10120102101	10001001001000010
12

V 0.000000 0.000000 0.000000
R 2.193931 2.193931 -2.193931
R 4.387862 0.000000 -4.387862
F 6.581793 2.193931 -6.581793
D 8.775724 4.387862 -4.387862
L 6.581793 6.581793 -2.193931
L 4.387862 4.387862 -0.000000
K 2.193931 6.581793 2.193931
R 4.387862 8.775724 4.387862
I 6.581793 10.969655 2.193931
L 8.775724 8.775724 -0.000000
K 10.969655 10.969655 -2.193931


-33.635243	02132103101	00011011011000110
12

V 0.000000 0.000000 0.000000
R 2.193931 2.193931 -2.193931
R 4.387862 0.000000 -4.387862
F 6.581793 2.193931 -6.581793
D 4.387862 4.387862 -8.775724
L 2.193931 6.581793 -6.581793
L 0.000000 4.387862 -4.387862
K -2.193931 2.193931 -6.581793
R -4.387862 4.387862 -8.775724
I -2.193931 6.581793 -10.969655
L 0.000000 8.775724 -8.775724
K -2.193931 10.969655 -6.581793


-33.635243	31321302301	11101101101100011
12

V 0.000000 0.000000 0.000000
R 2.193931 2.193931 -2.193931
R 4.387862 0.000000 -4.387862
F 6.581793 -2.193931 -2.193931
D 8.775724 0.000000 0.000000
L 6.581793 2.193931 2.193931
L 4.387862 4.387862 0.000000
K 6.581793 6.581793 -2.193931
R 8.775724 8.775724 0.000000
I 10.969655 6.581793 2.193931
L 8.775724 4.387862 4.387862
K 10.969655 2.193931 6.581793


-33.635243	13123102101	10111001111000010
12

V 0.000000 0.000000 0.000000
R 2.193931 2.193931 -2.193931
R 4.387862 0.000000 -4.387862
F 6.581793 2.193931 -6.581793
D 8.775724 4.387862 -4.387862
L 6.581793 6.581793 -2.193931
L 4.387862 4.387862 -0.000000
K 6.581793 2.193931 2.193931
R 8.775724 4.387862 4.387862
I 10.969655 6.581793 2.193931
L 8.775724 8.775724 -0.000000
K 10.969655 10.969655 -2.193931


-33.635243	20130103101	01001011001000110
12

V 0.000000 0.000000 0.000000
R 2.193931 2.193931 -2.193931
R 4.387862 0.000000 -4.387862
F 6.581793 2.193931 -6.581793
D 4.387862 4.387862 -8.775724
L 2.193931 6.581793 -6.581793
L 0.000000 4.387862 -4.387862
K -2.193931 6.581793 -2.193931
R -4.387862 8.775724 -4.387862
I -2.193931 10.969655 -6.581793
L 0.000000 8.775724 -8.775724
K -2.193931 6.581793 -10.969655


-33.635243	30320302301	11001101001100011
12

V 0.000000 0.000000 0.000000
R 2.193931 2.193931 -2.193931
R 4.387862 0.000000 -4.387862
F 6.581793 -2.193931 -2.193931
D 8.775724 0.000000 0.000000
L 6.581793 2.193931 2.193931
L 4.387862 4.387862 0.000000
K 2.193931 6.581793 2.193931
R 4.387862 8.775724 4.387862
I 6.581793 6.581793 6.581793
L 8.775724 4.387862 4.387862
K 10.969655 2.193931 6.581793


-33.635243	12132103101	10011011011000110
12

V 0.000000 0.000000 0.000000
R 2.193931 2.193931 -2.193931
R 4.387862 0.000000 -4.387862
F 6.581793 2.193931 -6.581793
D 4.387862 4.387862 -8.775724
L 2.193931 6.581793 -6.581793
L 0.000000 4.387862 -4.387862
K -2.193931 2.193931 -6.581793
R -4.387862 4.387862 -8.775724
I -2.193931 6.581793 -10.969655
L 0.000000 8.775724 -8.775724
K 2.193931 10.969655 -10.969655


-33.635243	01321302301	00101101101100011
12

V 0.000000 0.000000 0.000000
R 2.193931 2.193931 -2.193931
R 4.387862 0.000000 -4.387862
F 6.581793 -2.193931 -2.193931
D 8.775724 0.000000 0.000000
L 6.581793 2.193931 2.193931
L 4.387862 4.387862 0.000000
K 6.581793 6.581793 -2.193931
R 8.775724 8.775724 0.000000
I 10.969655 6.581793 2.193931
L 8.775724 4.387862 4.387862
K 6.581793 6.581793 6.581793


-33.635243	30120102101	11001001001000010
12

V 0.000000 0.000000 0.000000
R 2.193931 2.193931 -2.193931
R 4.387862 0.000000 -4.387862
F 6.581793 2.193931 -6.581793
D 8.775724 4.387862 -4.387862
L 6.581793 6.581793 -2.193931
L 4.387862 4.387862 -0.000000
K 2.193931 6.581793 2.193931
R 4.387862 8.775724 4.387862
I 6.581793 10.969655 2.193931
L 8.775724 8.775724 -0.000000
K 10.969655 6.581793 2.193931


-33.466997	32032130301	11010011011011001
12

V 0.000000 0.000000 0.000000
R 2.193931 2.193931 -2.193931
R 4.387862 0.000000 -4.387862
F 6.581793 -2.193931 -2.193931
D 8.775724 -4.387862 -4.387862
L 10.969655 -6.581793 -2.193931
L 8.775724 -8.775724 0.000000
K 6.581793 -10.969655 -2.193931
R 4.387862 -8.775724 -4.387862
I 2.193931 -6.581793 -2.193931
L 4.387862 -4.387862 0.000000
K 6.581793 -6.581793 2.193931


-33.466997	23023120301	01110001111001001
12

V 0.000000 0.000000 0.000000
R 2.193931 2.193931 -2.193931
R 4.387862 0.000000 -4.387862
F 6.581793 -2.193931 -2.193931
D 8.775724 -4.387862 -4.387862
L 6.581793 -6.581793 -6.581793
L 4.387862 -8.775724 -4.387862
K 6.581793 -10.969655 -2.193931
R 8.775724 -8.775724 -0.000000
I 6.581793 -6.581793 2.193931
L 4.387862 -4.387862 -0.000000
K 2.193931 -6.581793 -2.193931


-33.462406	21310312301	01101110001110011
12

V 0.000000 0.000000 0.000000
R 2.193931 2.193931 -2.193931
R 4.387862 0.000000 -4.387862
F 6.581793 -2.193931 -2.193931
D 8.775724 0.000000 0.000000
L 10.969655 2.193931 -2.193931
L 8.775724 4.387862 -4.387862
K 6.581793 6.581793 -2.193931
R 4.387862 4.387862 0.000000
I 6.581793 2.193931 2.193931
L 4.387862 0.000000 4.387862
K 2.193931 -2.193931 2.193931


-33.294029	02032132301	00010011011011011
12

V 0.000000 0.000000 0.000000
R 2.193931 2.193931 -2.193931
R 4.387862 0.000000 -4.387862
F 6.581793 -2.193931 -2.193931
D 8.775724 0.000000 0.000000
L 10.969655 -2.193931 2.193931
L 8.775724 -4.387862 4.387862
K 6.581793 -6.581793 2.193931
R 4.387862 -4.387862 0.000000
I 2.193931 -2.193931 2.193931
L 4.387862 -0.000000 4.387862
K 2.193931 2.193931 6.581793


-33.228188	13230201301	10110111000100101
12

V 0.000000 0.000000 0.000000
R 2.193931 2.193931 -2.193931
R 4.387862 0.000000 -4.387862
F 6.581793 -2.193931 -2.193931
D 4.387862 -4.387862 0.000000
L 2.193931 -2.193931 2.193931
L 4.387862 0.000000 4.387862
K 2.193931 2.193931 6.581793
R 0.000000 4.387862 4.387862
I -2.193931 2.193931 2.193931
L -4.387862 4.387862 0.000000
K -2.193931 6.581793 -2.193931


-33.228188	13132101301	10111011011000101
12

V 0.000000 0.000000 0.000000
R 2.193931 2.193931 -2.193931
R 4.387862 0.000000 -4.387862
F 6.581793 -2.193931 -2.193931
D 4.387862 -4.387862 0.000000
L 2.193931 -2.193931 2.193931
L 0.000000 -4.387862 4.387862
K -2.193931 -6.581793 2.193931
R -4.387862 -4.387862 0.000000
I -2.193931 -2.193931 -2.193931
L -4.387862 -0.000000 -4.387862
K -2.193931 2.193931 -6.581793


-33.228188	13130101301	10111011001000101
12

V 0.000000 0.000000 0.000000
R 2.193931 2.193931 -2.193931
R 4.387862 0.000000 -4.387862
F 6.581793 -2.193931 -2.193931
D 4.387862 -4.387862 0.000000
L 2.193931 -2.193931 2.193931
L 0.000000 -4.387862 4.387862
K -2.193931 -2.193931 6.581793
R -4.387862 0.000000 4.387862
I -2.193931 2.193931 2.193931
L -4.387862 4.387862 0.000000
K -2.193931 6.581793 -2.193931


-33.228188	12130101301	10011011001000101
12

V 0.000000 0.000000 0.000000
R 2.193931 2.193931 -2.193931
R 4.387862 0.000000 -4.387862
F 6.581793 -2.193931 -2.193931
D 4.387862 -4.387862 0.000000
L 2.193931 -2.193931 2.193931
L 0.000000 -4.387862 4.387862
K -2.193931 -2.193931 6.581793
R -4.387862 0.000000 4.387862
I -2.193931 2.193931 2.193931
L 0.000000 4.387862 4.387862
K 2.193931 6.581793 2.193931


-33.212752	12130131301	10011011001011101
12

V 0.000000 0.000000 0.000000
R 2.193931 2.193931 -2.193931
R 4.387862 0.000000 -4.387862
F 6.581793 -2.193931 -2.193931
D 4.387862 -4.387862 0.000000
L 6.581793 -6.581793 2.193931
L 4.387862 -8.775724 4.387862
K 2.193931 -6.581793 6.581793
R 0.000000 -4.387862 4.387862
I 2.193931 -2.193931 2.193931
L 4.387862 -0.000000 4.387862
K 6.581793 2.193931 2.193931


-33.212752	12120121301	10011001001001101
12

V 0.000000 0.000000 0.000000
R 2.193931 2.193931 -2.193931
R 4.387862 0.000000 -4.387862
F 6.581793 -2.193931 -2.193931
D 4.387862 -4.387862 0.000000
L 2.193931 -6.581793 -2.193931
L 0.000000 -8.775724 0.000000
K -2.193931 -6.581793 2.193931
R 0.000000 -4.387862 4.387862
I 2.193931 -2.193931 2.193931
L 4.387862 -0.000000 4.387862
K 6.581793 2.193931 2.193931


