-25.162716	202102301	0100011000011
10

Q 0.000000 0.000000 0.000000
Y 2.193931 2.193931 -2.193931
Q 4.387862 0.000000 -4.387862
F 6.581793 -2.193931 -2.193931
W 8.775724 0.000000 0.000000
K 6.581793 2.193931 2.193931
N 4.387862 0.000000 4.387862
F 2.193931 -2.193931 2.193931
Q 4.387862 -4.387862 0.000000
T 2.193931 -6.581793 -2.193931


-25.162716	302102301	1100011000011
10

Q 0.000000 0.000000 0.000000
Y 2.193931 2.193931 -2.193931
Q 4.387862 0.000000 -4.387862
F 6.581793 -2.193931 -2.193931
W 8.775724 0.000000 0.000000
K 6.581793 2.193931 2.193931
N 4.387862 0.000000 4.387862
F 2.193931 -2.193931 2.193931
Q 4.387862 -4.387862 0.000000
T 6.581793 -6.581793 2.193931


-23.314141	101201301	1000100100101
10

Q 0.000000 0.000000 0.000000
Y 2.193931 2.193931 -2.193931
Q 4.387862 0.000000 -4.387862
F 6.581793 -2.193931 -2.193931
W 4.387862 -4.387862 0.000000
K 2.193931 -2.193931 2.193931
N 4.387862 0.000000 4.387862
F 6.581793 2.193931 2.193931
Q 8.775724 0.000000 0.000000
T 10.969655 2.193931 -2.193931


-23.314141	301201301	1100100100101
10

Q 0.000000 0.000000 0.000000
Y 2.193931 2.193931 -2.193931
Q 4.387862 0.000000 -4.387862
F 6.581793 -2.193931 -2.193931
W 4.387862 -4.387862 0.000000
K 2.193931 -2.193931 2.193931
N 4.387862 0.000000 4.387862
F 6.581793 2.193931 2.193931
Q 8.775724 0.000000 0.000000
T 10.969655 -2.193931 2.193931


-20.445003	031201301	0011100100101
10

Q 0.000000 0.000000 0.000000
Y 2.193931 2.193931 -2.193931
Q 4.387862 0.000000 -4.387862
F 6.581793 -2.193931 -2.193931
W 4.387862 -4.387862 0.000000
K 2.193931 -2.193931 2.193931
N 4.387862 0.000000 4.387862
F 6.581793 2.193931 2.193931
Q 4.387862 4.387862 0.000000
T 2.193931 6.581793 2.193931


-20.445003	131201301	1011100100101
10

Q 0.000000 0.000000 0.000000
Y 2.193931 2.193931 -2.193931
Q 4.387862 0.000000 -4.387862
F 6.581793 -2.193931 -2.193931
W 4.387862 -4.387862 0.000000
K 2.193931 -2.193931 2.193931
N 4.387862 0.000000 4.387862
F 6.581793 2.193931 2.193931
Q 4.387862 4.387862 0.000000
T 6.581793 6.581793 -2.193931


-20.376859	301321301	1100101101101
10

Q 0.000000 0.000000 0.000000
Y 2.193931 2.193931 -2.193931
Q 4.387862 0.000000 -4.387862
F 6.581793 -2.193931 -2.193931
W 4.387862 -4.387862 0.000000
K 2.193931 -6.581793 -2.193931
N 0.000000 -4.387862 -4.387862
F 2.193931 -2.193931 -6.581793
Q 4.387862 -4.387862 -8.775724
T 6.581793 -6.581793 -6.581793


-19.760173	310312301	1110001110011
10

Q 0.000000 0.000000 0.000000
Y 2.193931 2.193931 -2.193931
Q 4.387862 0.000000 -4.387862
F 6.581793 -2.193931 -2.193931
W 8.775724 0.000000 0.000000
K 10.969655 2.193931 -2.193931
N 8.775724 4.387862 -4.387862
F 6.581793 6.581793 -2.193931
Q 4.387862 4.387862 0.000000
T 6.581793 2.193931 2.193931


-19.760173	130132101	1011001011010
10

Q 0.000000 0.000000 0.000000
Y 2.193931 2.193931 -2.193931
Q 4.387862 0.000000 -4.387862
F 6.581793 2.193931 -6.581793
W 8.775724 4.387862 -4.387862
K 10.969655 2.193931 -2.193931
N 8.775724 0.000000 -0.000000
F 6.581793 2.193931 2.193931
Q 4.387862 4.387862 -0.000000
T 6.581793 6.581793 -2.193931


-19.760173	120123101	1001001001110
10

Q 0.000000 0.000000 0.000000
Y 2.193931 2.193931 -2.193931
Q 4.387862 0.000000 -4.387862
F 6.581793 2.193931 -6.581793
W 4.387862 4.387862 -8.775724
K 2.193931 2.193931 -10.969655
N 0.000000 0.000000 -8.775724
F -2.193931 2.193931 -6.581793
Q 0.000000 4.387862 -4.387862
T 2.193931 6.581793 -6.581793


-19.403204	103102101	1000111000010
10

Q 0.000000 0.000000 0.000000
Y 2.193931 2.193931 -2.193931
Q 4.387862 0.000000 -4.387862
F 6.581793 2.193931 -6.581793
W 8.775724 4.387862 -4.387862
K 6.581793 6.581793 -2.193931
N 4.387862 4.387862 -0.000000
F 6.581793 2.193931 2.193931
Q 8.775724 0.000000 -0.000000
T 10.969655 2.193931 -2.193931


-19.403204	102103101	1000011000110
10

Q 0.000000 0.000000 0.000000
Y 2.193931 2.193931 -2.193931
Q 4.387862 0.000000 -4.387862
F 6.581793 2.193931 -6.581793
W 4.387862 4.387862 -8.775724
K 2.193931 6.581793 -6.581793
N 0.000000 4.387862 -4.387862
F -2.193931 2.193931 -6.581793
Q 0.000000 0.000000 -8.775724
T 2.193931 2.193931 -10.969655


-19.403204	301302301	1100101100011
10

Q 0.000000 0.000000 0.000000
Y 2.193931 2.193931 -2.193931
Q 4.387862 0.000000 -4.387862
F 6.581793 -2.193931 -2.193931
W 8.775724 0.000000 0.000000
K 6.581793 2.193931 2.193931
N 4.387862 4.387862 0.000000
F 6.581793 6.581793 -2.193931
Q 8.775724 4.387862 -4.387862
T 10.969655 2.193931 -2.193931


-19.124237	203102101	0100111000010
10

Q 0.000000 0.000000 0.000000
Y 2.193931 2.193931 -2.193931
Q 4.387862 0.000000 -4.387862
F 6.581793 2.193931 -6.581793
W 8.775724 4.387862 -4.387862
K 6.581793 6.581793 -2.193931
N 4.387862 4.387862 -0.000000
F 6.581793 2.193931 2.193931
Q 8.775724 0.000000 -0.000000
T 6.581793 -2.193931 -2.193931


-19.124237	201302301	0100101100011
10

Q 0.000000 0.000000 0.000000
Y 2.193931 2.193931 -2.193931
Q 4.387862 0.000000 -4.387862
F 6.581793 -2.193931 -2.193931
W 8.775724 0.000000 0.000000
K 6.581793 2.193931 2.193931
N 4.387862 4.387862 0.000000
F 6.581793 6.581793 -2.193931
Q 8.775724 4.387862 -4.387862
T 6.581793 2.193931 -6.581793


-19.124237	302103101	1100011000110
10

Q 0.000000 0.000000 0.000000
Y 2.193931 2.193931 -2.193931
Q 4.387862 0.000000 -4.387862
F 6.581793 2.193931 -6.581793
W 4.387862 4.387862 -8.775724
K 2.193931 6.581793 -6.581793
N 0.000000 4.387862 -4.387862
F -2.193931 2.193931 -6.581793
Q 0.000000 0.000000 -8.775724
T 2.193931 -2.193931 -6.581793


-19.072506	103203101	1000110100110
10

Q 0.000000 0.000000 0.000000
Y 2.193931 2.193931 -2.193931
Q 4.387862 0.000000 -4.387862
F 6.581793 2.193931 -6.581793
W 4.387862 4.387862 -8.775724
K 2.193931 6.581793 -6.581793
N 4.387862 8.775724 -4.387862
F 6.581793 6.581793 -2.193931
Q 8.775724 4.387862 -4.387862
T 10.969655 6.581793 -6.581793


-19.072506	102302101	1000011100010
10

Q 0.000000 0.000000 0.000000
Y 2.193931 2.193931 -2.193931
Q 4.387862 0.000000 -4.387862
F 6.581793 2.193931 -6.581793
W 8.775724 4.387862 -4.387862
K 6.581793 6.581793 -2.193931
N 4.387862 8.775724 -4.387862
F 2.193931 6.581793 -6.581793
Q 4.387862 4.387862 -8.775724
T 6.581793 6.581793 -10.969655


-19.072506	202302101	0100011100010
10

Q 0.000000 0.000000 0.000000
Y 2.193931 2.193931 -2.193931
Q 4.387862 0.000000 -4.387862
F 6.581793 2.193931 -6.581793
W 8.775724 4.387862 -4.387862
K 6.581793 6.581793 -2.193931
N 4.387862 8.775724 -4.387862
F 2.193931 6.581793 -6.581793
Q 4.387862 4.387862 -8.775724
T 2.193931 2.193931 -10.969655


-19.072506	303203101	1100110100110
10

Q 0.000000 0.000000 0.000000
Y 2.193931 2.193931 -2.193931
Q 4.387862 0.000000 -4.387862
F 6.581793 2.193931 -6.581793
W 4.387862 4.387862 -8.775724
K 2.193931 6.581793 -6.581793
N 4.387862 8.775724 -4.387862
F 6.581793 6.581793 -2.193931
Q 8.775724 4.387862 -4.387862
T 10.969655 2.193931 -2.193931


-18.796938	031321301	0011101101101
10

Q 0.000000 0.000000 0.000000
Y 2.193931 2.193931 -2.193931
Q 4.387862 0.000000 -4.387862
F 6.581793 -2.193931 -2.193931
W 4.387862 -4.387862 0.000000
K 2.193931 -6.581793 -2.193931
N 0.000000 -4.387862 -4.387862
F 2.193931 -2.193931 -6.581793
Q 0.000000 -0.000000 -8.775724
T -2.193931 2.193931 -6.581793


-18.700604	032132301	0011011011011
10

Q 0.000000 0.000000 0.000000
Y 2.193931 2.193931 -2.193931
Q 4.387862 0.000000 -4.387862
F 6.581793 -2.193931 -2.193931
W 8.775724 0.000000 0.000000
K 10.969655 -2.193931 2.193931
N 8.775724 -4.387862 4.387862
F 6.581793 -6.581793 2.193931
Q 4.387862 -4.387862 0.000000
T 2.193931 -2.193931 2.193931


-18.700604	030130301	0011001011001
10

Q 0.000000 0.000000 0.000000
Y 2.193931 2.193931 -2.193931
Q 4.387862 0.000000 -4.387862
F 6.581793 -2.193931 -2.193931
W 8.775724 -4.387862 -4.387862
K 10.969655 -6.581793 -2.193931
N 8.775724 -8.775724 0.000000
F 6.581793 -6.581793 2.193931
Q 4.387862 -4.387862 0.000000
T 2.193931 -2.193931 2.193931


-18.700604	020120301	0001001001001
10

Q 0.000000 0.000000 0.000000
Y 2.193931 2.193931 -2.193931
Q 4.387862 0.000000 -4.387862
F 6.581793 -2.193931 -2.193931
W 8.775724 -4.387862 -4.387862
K 6.581793 -6.581793 -6.581793
N 4.387862 -8.775724 -4.387862
F 2.193931 -6.581793 -2.193931
Q 4.387862 -4.387862 -0.000000
T 2.193931 -2.193931 2.193931


-18.688357	010320301	0010001101001
10

Q 0.000000 0.000000 0.000000
Y 2.193931 2.193931 -2.193931
Q 4.387862 0.000000 -4.387862
F 6.581793 -2.193931 -2.193931
W 8.775724 -4.387862 -4.387862
K 6.581793 -6.581793 -6.581793
N 4.387862 -4.387862 -8.775724
F 2.193931 -2.193931 -6.581793
Q 0.000000 -4.387862 -4.387862
T -2.193931 -2.193931 -2.193931


-18.688357	010130101	0010001011000
10

Q 0.000000 0.000000 0.000000
Y 2.193931 2.193931 -2.193931
Q 4.387862 0.000000 -4.387862
F 6.581793 2.193931 -6.581793
W 8.775724 0.000000 -8.775724
K 10.969655 -2.193931 -6.581793
N 8.775724 -4.387862 -4.387862
F 6.581793 -2.193931 -2.193931
Q 4.387862 -4.387862 -0.000000
T 2.193931 -2.193931 2.193931


-18.688357	010120101	0010001001000
10

Q 0.000000 0.000000 0.000000
Y 2.193931 2.193931 -2.193931
Q 4.387862 0.000000 -4.387862
F 6.581793 2.193931 -6.581793
W 8.775724 0.000000 -8.775724
K 6.581793 -2.193931 -10.969655
N 4.387862 -4.387862 -8.775724
F 2.193931 -2.193931 -6.581793
Q 0.000000 -4.387862 -4.387862
T -2.193931 -2.193931 -2.193931


-18.688357	013123101	0010111001110
10

Q 0.000000 0.000000 0.000000
Y 2.193931 2.193931 -2.193931
Q 4.387862 0.000000 -4.387862
F 6.581793 2.193931 -6.581793
W 4.387862 4.387862 -8.775724
K 2.193931 2.193931 -10.969655
N 0.000000 0.000000 -8.775724
F 2.193931 -2.193931 -6.581793
Q 0.000000 -4.387862 -4.387862
T -2.193931 -2.193931 -2.193931


-18.688357	012132101	0010011011010
10

Q 0.000000 0.000000 0.000000
Y 2.193931 2.193931 -2.193931
Q 4.387862 0.000000 -4.387862
F 6.581793 2.193931 -6.581793
W 8.775724 4.387862 -4.387862
K 10.969655 2.193931 -2.193931
N 8.775724 0.000000 -0.000000
F 6.581793 -2.193931 -2.193931
Q 4.387862 -4.387862 -0.000000
T 2.193931 -2.193931 2.193931


-18.368278	310320301	1110001101001
10

Q 0.000000 0.000000 0.000000
Y 2.193931 2.193931 -2.193931
Q 4.387862 0.000000 -4.387862
F 6.581793 -2.193931 -2.193931
W 8.775724 -4.387862 -4.387862
K 6.581793 -6.581793 -6.581793
N 4.387862 -4.387862 -8.775724
F 2.193931 -2.193931 -6.581793
Q 0.000000 -4.387862 -4.387862
T 2.193931 -6.581793 -2.193931


-17.762029	031231301	0011100111101
10

Q 0.000000 0.000000 0.000000
Y 2.193931 2.193931 -2.193931
Q 4.387862 0.000000 -4.387862
F 6.581793 -2.193931 -2.193931
W 4.387862 -4.387862 0.000000
K 6.581793 -6.581793 2.193931
N 8.775724 -4.387862 4.387862
F 10.969655 -2.193931 2.193931
Q 8.775724 -0.000000 0.000000
T 6.581793 2.193931 2.193931


-17.425224	103123101	1000111001110
10

Q 0.000000 0.000000 0.000000
Y 2.193931 2.193931 -2.193931
Q 4.387862 0.000000 -4.387862
F 6.581793 2.193931 -6.581793
W 4.387862 4.387862 -8.775724
K 2.193931 2.193931 -10.969655
N 0.000000 0.000000 -8.775724
F 2.193931 -2.193931 -6.581793
Q 4.387862 -4.387862 -8.775724
T 6.581793 -2.193931 -10.969655


-17.425224	102132101	1000011011010
10

Q 0.000000 0.000000 0.000000
Y 2.193931 2.193931 -2.193931
Q 4.387862 0.000000 -4.387862
F 6.581793 2.193931 -6.581793
W 8.775724 4.387862 -4.387862
K 10.969655 2.193931 -2.193931
N 8.775724 0.000000 -0.000000
F 6.581793 -2.193931 -2.193931
Q 8.775724 -4.387862 -4.387862
T 10.969655 -2.193931 -6.581793


-17.425224	320310301	1101001110001
10

Q 0.000000 0.000000 0.000000
Y 2.193931 2.193931 -2.193931
Q 4.387862 0.000000 -4.387862
F 6.581793 -2.193931 -2.193931
W 8.775724 -4.387862 -4.387862
K 10.969655 -2.193931 -6.581793
N 8.775724 0.000000 -8.775724
F 6.581793 2.193931 -6.581793
Q 8.775724 4.387862 -4.387862
T 10.969655 2.193931 -2.193931


-17.425224	130120101	1011001001000
10

Q 0.000000 0.000000 0.000000
Y 2.193931 2.193931 -2.193931
Q 4.387862 0.000000 -4.387862
F 6.581793 2.193931 -6.581793
W 8.775724 0.000000 -8.775724
K 6.581793 -2.193931 -10.969655
N 4.387862 -4.387862 -8.775724
F 2.193931 -2.193931 -6.581793
Q 0.000000 0.000000 -8.775724
T 2.193931 2.193931 -10.969655


-17.425224	120130101	1001001011000
10

Q 0.000000 0.000000 0.000000
Y 2.193931 2.193931 -2.193931
Q 4.387862 0.000000 -4.387862
F 6.581793 2.193931 -6.581793
W 8.775724 0.000000 -8.775724
K 10.969655 -2.193931 -6.581793
N 8.775724 -4.387862 -4.387862
F 6.581793 -2.193931 -2.193931
Q 8.775724 0.000000 -0.000000
T 10.969655 2.193931 -2.193931


-17.425224	302312301	1100011110011
10

Q 0.000000 0.000000 0.000000
Y 2.193931 2.193931 -2.193931
Q 4.387862 0.000000 -4.387862
F 6.581793 -2.193931 -2.193931
W 8.775724 0.000000 0.000000
K 10.969655 2.193931 -2.193931
N 8.775724 4.387862 -4.387862
F 6.581793 2.193931 -6.581793
Q 8.775724 0.000000 -8.775724
T 10.969655 -2.193931 -6.581793


-16.953697	101321301	1000101101101
10

Q 0.000000 0.000000 0.000000
Y 2.193931 2.193931 -2.193931
Q 4.387862 0.000000 -4.387862
F 6.581793 -2.193931 -2.193931
W 4.387862 -4.387862 0.000000
K 2.193931 -6.581793 -2.193931
N 0.000000 -4.387862 -4.387862
F 2.193931 -2.193931 -6.581793
Q 4.387862 -4.387862 -8.775724
T 6.581793 -2.193931 -10.969655


-16.953697	131321301	1011101101101
10

Q 0.000000 0.000000 0.000000
Y 2.193931 2.193931 -2.193931
Q 4.387862 0.000000 -4.387862
F 6.581793 -2.193931 -2.193931
W 4.387862 -4.387862 0.000000
K 2.193931 -6.581793 -2.193931
N 0.000000 -4.387862 -4.387862
F 2.193931 -2.193931 -6.581793
Q 0.000000 -0.000000 -8.775724
T 2.193931 2.193931 -10.969655


-16.953697	201321301	0100101101101
10

Q 0.000000 0.000000 0.000000
Y 2.193931 2.193931 -2.193931
Q 4.387862 0.000000 -4.387862
F 6.581793 -2.193931 -2.193931
W 4.387862 -4.387862 0.000000
K 2.193931 -6.581793 -2.193931
N 0.000000 -4.387862 -4.387862
F 2.193931 -2.193931 -6.581793
Q 4.387862 -4.387862 -8.775724
T 2.193931 -6.581793 -10.969655


-16.953697	231321301	0111101101101
10

Q 0.000000 0.000000 0.000000
Y 2.193931 2.193931 -2.193931
Q 4.387862 0.000000 -4.387862
F 6.581793 -2.193931 -2.193931
W 4.387862 -4.387862 0.000000
K 2.193931 -6.581793 -2.193931
N 0.000000 -4.387862 -4.387862
F 2.193931 -2.193931 -6.581793
Q 0.000000 -0.000000 -8.775724
T -2.193931 -2.193931 -10.969655


-16.203368	212302101	0110011100010
10

Q 0.000000 0.000000 0.000000
Y 2.193931 2.193931 -2.193931
Q 4.387862 0.000000 -4.387862
F 6.581793 2.193931 -6.581793
W 8.775724 4.387862 -4.387862
K 6.581793 6.581793 -2.193931
N 4.387862 8.775724 -4.387862
F 2.193931 6.581793 -6.581793
Q 0.000000 4.387862 -4.387862
T -2.193931 2.193931 -6.581793


-16.203368	313203101	1110110100110
10

Q 0.000000 0.000000 0.000000
Y 2.193931 2.193931 -2.193931
Q 4.387862 0.000000 -4.387862
F 6.581793 2.193931 -6.581793
W 4.387862 4.387862 -8.775724
K 2.193931 6.581793 -6.581793
N 4.387862 8.775724 -4.387862
F 6.581793 6.581793 -2.193931
Q 4.387862 4.387862 -0.000000
T 6.581793 2.193931 2.193931


-16.203368	013203101	0010110100110
10

Q 0.000000 0.000000 0.000000
Y 2.193931 2.193931 -2.193931
Q 4.387862 0.000000 -4.387862
F 6.581793 2.193931 -6.581793
W 4.387862 4.387862 -8.775724
K 2.193931 6.581793 -6.581793
N 4.387862 8.775724 -4.387862
F 6.581793 6.581793 -2.193931
Q 4.387862 4.387862 -0.000000
T 2.193931 6.581793 2.193931


-16.203368	012302101	0010011100010
10

Q 0.000000 0.000000 0.000000
Y 2.193931 2.193931 -2.193931
Q 4.387862 0.000000 -4.387862
F 6.581793 2.193931 -6.581793
W 8.775724 4.387862 -4.387862
K 6.581793 6.581793 -2.193931
N 4.387862 8.775724 -4.387862
F 2.193931 6.581793 -6.581793
Q 0.000000 4.387862 -4.387862
T -2.193931 6.581793 -2.193931


-15.918788	321021301	1101100001101
10

Q 0.000000 0.000000 0.000000
Y 2.193931 2.193931 -2.193931
Q 4.387862 0.000000 -4.387862
F 6.581793 -2.193931 -2.193931
W 4.387862 -4.387862 0.000000
K 2.193931 -6.581793 -2.193931
N 4.387862 -8.775724 -4.387862
F 6.581793 -6.581793 -6.581793
Q 8.775724 -4.387862 -4.387862
T 10.969655 -6.581793 -2.193931


-15.918788	131031301	1011100011101
10

Q 0.000000 0.000000 0.000000
Y 2.193931 2.193931 -2.193931
Q 4.387862 0.000000 -4.387862
F 6.581793 -2.193931 -2.193931
W 4.387862 -4.387862 0.000000
K 6.581793 -6.581793 2.193931
N 8.775724 -8.775724 0.000000
F 10.969655 -6.581793 -2.193931
Q 8.775724 -4.387862 -4.387862
T 10.969655 -2.193931 -6.581793


-15.918788	131231301	1011100111101
10

Q 0.000000 0.000000 0.000000
Y 2.193931 2.193931 -2.193931
Q 4.387862 0.000000 -4.387862
F 6.581793 -2.193931 -2.193931
W 4.387862 -4.387862 0.000000
K 6.581793 -6.581793 2.193931
N 8.775724 -4.387862 4.387862
F 10.969655 -2.193931 2.193931
Q 8.775724 -0.000000 0.000000
T 10.969655 2.193931 -2.193931


-15.918788	121021301	1001100001101
10

Q 0.000000 0.000000 0.000000
Y 2.193931 2.193931 -2.193931
Q 4.387862 0.000000 -4.387862
F 6.581793 -2.193931 -2.193931
W 4.387862 -4.387862 0.000000
K 2.193931 -6.581793 -2.193931
N 4.387862 -8.775724 -4.387862
F 6.581793 -6.581793 -6.581793
Q 8.775724 -4.387862 -4.387862
T 10.969655 -2.193931 -6.581793


-15.918788	231031301	0111100011101
10

Q 0.000000 0.000000 0.000000
Y 2.193931 2.193931 -2.193931
Q 4.387862 0.000000 -4.387862
F 6.581793 -2.193931 -2.193931
W 4.387862 -4.387862 0.000000
K 6.581793 -6.581793 2.193931
N 8.775724 -8.775724 0.000000
F 10.969655 -6.581793 -2.193931
Q 8.775724 -4.387862 -4.387862
T 6.581793 -6.581793 -6.581793


-15.857551	030230301	0011000111001
10

Q 0.000000 0.000000 0.000000
Y 2.193931 2.193931 -2.193931
Q 4.387862 0.000000 -4.387862
F 6.581793 -2.193931 -2.193931
W 8.775724 -4.387862 -4.387862
K 10.969655 -6.581793 -2.193931
N 13.163586 -4.387862 0.000000
F 10.969655 -2.193931 2.193931
Q 8.775724 -0.000000 0.000000
T 6.581793 2.193931 2.193931


-15.857551	030230101	0011000111000
10

Q 0.000000 0.000000 0.000000
Y 2.193931 2.193931 -2.193931
Q 4.387862 0.000000 -4.387862
F 6.581793 2.193931 -6.581793
W 8.775724 0.000000 -8.775724
K 10.969655 -2.193931 -6.581793
N 13.163586 0.000000 -4.387862
F 10.969655 2.193931 -2.193931
Q 8.775724 4.387862 -4.387862
T 6.581793 6.581793 -2.193931


-15.857551	020320101	0001001101000
10

Q 0.000000 0.000000 0.000000
Y 2.193931 2.193931 -2.193931
Q 4.387862 0.000000 -4.387862
F 6.581793 2.193931 -6.581793
W 8.775724 0.000000 -8.775724
K 6.581793 -2.193931 -10.969655
N 4.387862 0.000000 -13.163586
F 2.193931 2.193931 -10.969655
Q 4.387862 4.387862 -8.775724
T 2.193931 6.581793 -6.581793


-15.857551	010310101	0010001110000
10

Q 0.000000 0.000000 0.000000
Y 2.193931 2.193931 -2.193931
Q 4.387862 0.000000 -4.387862
F 6.581793 2.193931 -6.581793
W 8.775724 0.000000 -8.775724
K 10.969655 2.193931 -10.969655
N 8.775724 4.387862 -13.163586
F 6.581793 6.581793 -10.969655
Q 4.387862 4.387862 -8.775724
T 2.193931 6.581793 -6.581793


-15.857551	010210301	0010000110001
10

Q 0.000000 0.000000 0.000000
Y 2.193931 2.193931 -2.193931
Q 4.387862 0.000000 -4.387862
F 6.581793 -2.193931 -2.193931
W 8.775724 -4.387862 -4.387862
K 10.969655 -2.193931 -6.581793
N 13.163586 0.000000 -4.387862
F 10.969655 2.193931 -2.193931
Q 8.775724 0.000000 -0.000000
T 6.581793 2.193931 2.193931


-15.857551	010210101	0010000110000
10

Q 0.000000 0.000000 0.000000
Y 2.193931 2.193931 -2.193931
Q 4.387862 0.000000 -4.387862
F 6.581793 2.193931 -6.581793
W 8.775724 0.000000 -8.775724
K 10.969655 2.193931 -10.969655
N 13.163586 4.387862 -8.775724
F 10.969655 6.581793 -6.581793
Q 8.775724 4.387862 -4.387862
T 6.581793 6.581793 -2.193931


-15.857551	013213101	0010110110110
10

Q 0.000000 0.000000 0.000000
Y 2.193931 2.193931 -2.193931
Q 4.387862 0.000000 -4.387862
F 6.581793 2.193931 -6.581793
W 4.387862 4.387862 -8.775724
K 6.581793 6.581793 -10.969655
N 8.775724 8.775724 -8.775724
F 10.969655 6.581793 -6.581793
Q 8.775724 4.387862 -4.387862
T 6.581793 6.581793 -2.193931


-15.857551	012312101	0010011110010
10

Q 0.000000 0.000000 0.000000
Y 2.193931 2.193931 -2.193931
Q 4.387862 0.000000 -4.387862
F 6.581793 2.193931 -6.581793
W 8.775724 4.387862 -4.387862
K 10.969655 6.581793 -6.581793
N 8.775724 8.775724 -8.775724
F 6.581793 6.581793 -10.969655
Q 4.387862 4.387862 -8.775724
T 2.193931 6.581793 -6.581793


-15.845303	032312301	0011011110011
10

Q 0.000000 0.000000 0.000000
Y 2.193931 2.193931 -2.193931
Q 4.387862 0.000000 -4.387862
F 6.581793 -2.193931 -2.193931
W 8.775724 0.000000 0.000000
K 10.969655 2.193931 -2.193931
N 8.775724 4.387862 -4.387862
F 6.581793 2.193931 -6.581793
Q 4.387862 4.387862 -8.775724
T 2.193931 6.581793 -6.581793


-15.845303	030320301	0011001101001
10

Q 0.000000 0.000000 0.000000
Y 2.193931 2.193931 -2.193931
Q 4.387862 0.000000 -4.387862
F 6.581793 -2.193931 -2.193931
W 8.775724 -4.387862 -4.387862
K 6.581793 -6.581793 -6.581793
N 4.387862 -4.387862 -8.775724
F 2.193931 -2.193931 -6.581793
Q 0.000000 -0.000000 -8.775724
T -2.193931 2.193931 -6.581793


-15.845303	030310301	0011001110001
10

Q 0.000000 0.000000 0.000000
Y 2.193931 2.193931 -2.193931
Q 4.387862 0.000000 -4.387862
F 6.581793 -2.193931 -2.193931
W 8.775724 -4.387862 -4.387862
K 10.969655 -2.193931 -6.581793
N 8.775724 0.000000 -8.775724
F 6.581793 2.193931 -6.581793
Q 4.387862 4.387862 -8.775724
T 2.193931 6.581793 -6.581793


-15.845303	030120101	0011001001000
10

Q 0.000000 0.000000 0.000000
Y 2.193931 2.193931 -2.193931
Q 4.387862 0.000000 -4.387862
F 6.581793 2.193931 -6.581793
W 8.775724 0.000000 -8.775724
K 6.581793 -2.193931 -10.969655
N 4.387862 -4.387862 -8.775724
F 2.193931 -2.193931 -6.581793
Q 0.000000 0.000000 -8.775724
T -2.193931 2.193931 -6.581793


-15.845303	020310301	0001001110001
10

Q 0.000000 0.000000 0.000000
Y 2.193931 2.193931 -2.193931
Q 4.387862 0.000000 -4.387862
F 6.581793 -2.193931 -2.193931
W 8.775724 -4.387862 -4.387862
K 10.969655 -2.193931 -6.581793
N 8.775724 0.000000 -8.775724
F 6.581793 2.193931 -6.581793
Q 8.775724 4.387862 -4.387862
T 6.581793 6.581793 -2.193931


-15.845303	020130101	0001001011000
10

Q 0.000000 0.000000 0.000000
Y 2.193931 2.193931 -2.193931
Q 4.387862 0.000000 -4.387862
F 6.581793 2.193931 -6.581793
W 8.775724 0.000000 -8.775724
K 10.969655 -2.193931 -6.581793
N 8.775724 -4.387862 -4.387862
F 6.581793 -2.193931 -2.193931
Q 8.775724 0.000000 -0.000000
T 6.581793 2.193931 2.193931


-15.594231	212102301	0110011000011
10

Q 0.000000 0.000000 0.000000
Y 2.193931 2.193931 -2.193931
Q 4.387862 0.000000 -4.387862
F 6.581793 -2.193931 -2.193931
W 8.775724 0.000000 0.000000
K 6.581793 2.193931 2.193931
N 4.387862 0.000000 4.387862
F 2.193931 -2.193931 2.193931
Q 0.000000 -4.387862 4.387862
T -2.193931 -6.581793 2.193931


-15.594231	312102301	1110011000011
10

Q 0.000000 0.000000 0.000000
Y 2.193931 2.193931 -2.193931
Q 4.387862 0.000000 -4.387862
F 6.581793 -2.193931 -2.193931
W 8.775724 0.000000 0.000000
K 6.581793 2.193931 2.193931
N 4.387862 0.000000 4.387862
F 2.193931 -2.193931 2.193931
Q 0.000000 -4.387862 4.387862
T 2.193931 -6.581793 6.581793


-15.594231	012102301	0010011000011
10

Q 0.000000 0.000000 0.000000
Y 2.193931 2.193931 -2.193931
Q 4.387862 0.000000 -4.387862
F 6.581793 -2.193931 -2.193931
W 8.775724 0.000000 0.000000
K 6.581793 2.193931 2.193931
N 4.387862 0.000000 4.387862
F 2.193931 -2.193931 2.193931
Q 0.000000 -4.387862 4.387862
T -2.193931 -2.193931 6.581793


-15.138413	130131301	1011001011101
10

Q 0.000000 0.000000 0.000000
Y 2.193931 2.193931 -2.193931
Q 4.387862 0.000000 -4.387862
F 6.581793 -2.193931 -2.193931
W 4.387862 -4.387862 0.000000
K 6.581793 -6.581793 2.193931
N 4.387862 -8.775724 4.387862
F 2.193931 -6.581793 6.581793
Q 0.000000 -4.387862 4.387862
T 2.193931 -2.193931 2.193931


-15.138413	120121301	1001001001101
10

Q 0.000000 0.000000 0.000000
Y 2.193931 2.193931 -2.193931
Q 4.387862 0.000000 -4.387862
F 6.581793 -2.193931 -2.193931
W 4.387862 -4.387862 0.000000
K 2.193931 -6.581793 -2.193931
N 0.000000 -8.775724 0.000000
F -2.193931 -6.581793 2.193931
Q 0.000000 -4.387862 4.387862
T 2.193931 -2.193931 2.193931


-15.138413	230231301	0111000111101
10

Q 0.000000 0.000000 0.000000
Y 2.193931 2.193931 -2.193931
Q 4.387862 0.000000 -4.387862
F 6.581793 -2.193931 -2.193931
W 4.387862 -4.387862 0.000000
K 6.581793 -6.581793 2.193931
N 8.775724 -4.387862 4.387862
F 6.581793 -2.193931 6.581793
Q 4.387862 -0.000000 4.387862
T 2.193931 -2.193931 2.193931


-14.957363	320120301	1101001001001
10

Q 0.000000 0.000000 0.000000
Y 2.193931 2.193931 -2.193931
Q 4.387862 0.000000 -4.387862
F 6.581793 -2.193931 -2.193931
W 8.775724 -4.387862 -4.387862
K 6.581793 -6.581793 -6.581793
N 4.387862 -8.775724 -4.387862
F 2.193931 -6.581793 -2.193931
Q 4.387862 -4.387862 -0.000000
T 6.581793 -6.581793 2.193931


-14.957363	232132301	0111011011011
10

Q 0.000000 0.000000 0.000000
Y 2.193931 2.193931 -2.193931
Q 4.387862 0.000000 -4.387862
F 6.581793 -2.193931 -2.193931
W 8.775724 0.000000 0.000000
K 10.969655 -2.193931 2.193931
N 8.775724 -4.387862 4.387862
F 6.581793 -6.581793 2.193931
Q 4.387862 -4.387862 0.000000
T 2.193931 -6.581793 -2.193931


-14.957363	230130301	0111001011001
10

Q 0.000000 0.000000 0.000000
Y 2.193931 2.193931 -2.193931
Q 4.387862 0.000000 -4.387862
F 6.581793 -2.193931 -2.193931
W 8.775724 -4.387862 -4.387862
K 10.969655 -6.581793 -2.193931
N 8.775724 -8.775724 0.000000
F 6.581793 -6.581793 2.193931
Q 4.387862 -4.387862 0.000000
T 2.193931 -6.581793 -2.193931


-14.945116	210320301	0110001101001
10

Q 0.000000 0.000000 0.000000
Y 2.193931 2.193931 -2.193931
Q 4.387862 0.000000 -4.387862
F 6.581793 -2.193931 -2.193931
W 8.775724 -4.387862 -4.387862
K 6.581793 -6.581793 -6.581793
N 4.387862 -4.387862 -8.775724
F 2.193931 -2.193931 -6.581793
Q 0.000000 -4.387862 -4.387862
T -2.193931 -6.581793 -6.581793


-14.945116	210130101	0110001011000
10

Q 0.000000 0.000000 0.000000
Y 2.193931 2.193931 -2.193931
Q 4.387862 0.000000 -4.387862
F 6.581793 2.193931 -6.581793
W 8.775724 0.000000 -8.775724
K 10.969655 -2.193931 -6.581793
N 8.775724 -4.387862 -4.387862
F 6.581793 -2.193931 -2.193931
Q 4.387862 -4.387862 -0.000000
T 2.193931 -6.581793 -2.193931


-14.945116	210120101	0110001001000
10

Q 0.000000 0.000000 0.000000
Y 2.193931 2.193931 -2.193931
Q 4.387862 0.000000 -4.387862
F 6.581793 2.193931 -6.581793
W 8.775724 0.000000 -8.775724
K 6.581793 -2.193931 -10.969655
N 4.387862 -4.387862 -8.775724
F 2.193931 -2.193931 -6.581793
Q 0.000000 -4.387862 -4.387862
T -2.193931 -6.581793 -6.581793


-14.945116	213123101	0110111001110
10

Q 0.000000 0.000000 0.000000
Y 2.193931 2.193931 -2.193931
Q 4.387862 0.000000 -4.387862
F 6.581793 2.193931 -6.581793
W 4.387862 4.387862 -8.775724
K 2.193931 2.193931 -10.969655
N 0.000000 0.000000 -8.775724
F 2.193931 -2.193931 -6.581793
Q 0.000000 -4.387862 -4.387862
T -2.193931 -6.581793 -6.581793


-14.945116	212132101	0110011011010
10

Q 0.000000 0.000000 0.000000
Y 2.193931 2.193931 -2.193931
Q 4.387862 0.000000 -4.387862
F 6.581793 2.193931 -6.581793
W 8.775724 4.387862 -4.387862
K 10.969655 2.193931 -2.193931
N 8.775724 0.000000 -0.000000
F 6.581793 -2.193931 -2.193931
Q 4.387862 -4.387862 -0.000000
T 2.193931 -6.581793 -2.193931


-14.945116	310130101	1110001011000
10

Q 0.000000 0.000000 0.000000
Y 2.193931 2.193931 -2.193931
Q 4.387862 0.000000 -4.387862
F 6.581793 2.193931 -6.581793
W 8.775724 0.000000 -8.775724
K 10.969655 -2.193931 -6.581793
N 8.775724 -4.387862 -4.387862
F 6.581793 -2.193931 -2.193931
Q 4.387862 -4.387862 -0.000000
T 6.581793 -6.581793 2.193931


-14.945116	310120101	1110001001000
10

Q 0.000000 0.000000 0.000000
Y 2.193931 2.193931 -2.193931
Q 4.387862 0.000000 -4.387862
F 6.581793 2.193931 -6.581793
W 8.775724 0.000000 -8.775724
K 6.581793 -2.193931 -10.969655
N 4.387862 -4.387862 -8.775724
F 2.193931 -2.193931 -6.581793
Q 0.000000 -4.387862 -4.387862
T 2.193931 -6.581793 -2.193931


-14.945116	313123101	1110111001110
10

Q 0.000000 0.000000 0.000000
Y 2.193931 2.193931 -2.193931
Q 4.387862 0.000000 -4.387862
F 6.581793 2.193931 -6.581793
W 4.387862 4.387862 -8.775724
K 2.193931 2.193931 -10.969655
N 0.000000 0.000000 -8.775724
F 2.193931 -2.193931 -6.581793
Q 0.000000 -4.387862 -4.387862
T 2.193931 -6.581793 -2.193931


-14.945116	312132101	1110011011010
10

Q 0.000000 0.000000 0.000000
Y 2.193931 2.193931 -2.193931
Q 4.387862 0.000000 -4.387862
F 6.581793 2.193931 -6.581793
W 8.775724 4.387862 -4.387862
K 10.969655 2.193931 -2.193931
N 8.775724 0.000000 -0.000000
F 6.581793 -2.193931 -2.193931
Q 4.387862 -4.387862 -0.000000
T 6.581793 -6.581793 2.193931


-14.598805	210302301	0110001100011
10

Q 0.000000 0.000000 0.000000
Y 2.193931 2.193931 -2.193931
Q 4.387862 0.000000 -4.387862
F 6.581793 -2.193931 -2.193931
W 8.775724 0.000000 0.000000
K 6.581793 2.193931 2.193931
N 4.387862 4.387862 0.000000
F 2.193931 6.581793 2.193931
Q 0.000000 4.387862 4.387862
T -2.193931 2.193931 2.193931


-14.598805	210102101	0110001000010
10

Q 0.000000 0.000000 0.000000
Y 2.193931 2.193931 -2.193931
Q 4.387862 0.000000 -4.387862
F 6.581793 2.193931 -6.581793
W 8.775724 4.387862 -4.387862
K 6.581793 6.581793 -2.193931
N 4.387862 4.387862 -0.000000
F 2.193931 6.581793 2.193931
Q 0.000000 4.387862 4.387862
T -2.193931 2.193931 2.193931


-14.598805	213102101	0110111000010
10

Q 0.000000 0.000000 0.000000
Y 2.193931 2.193931 -2.193931
Q 4.387862 0.000000 -4.387862
F 6.581793 2.193931 -6.581793
W 8.775724 4.387862 -4.387862
K 6.581793 6.581793 -2.193931
N 4.387862 4.387862 -0.000000
F 6.581793 2.193931 2.193931
Q 4.387862 0.000000 4.387862
T 2.193931 -2.193931 2.193931


-14.598805	310103101	1110001000110
10

Q 0.000000 0.000000 0.000000
Y 2.193931 2.193931 -2.193931
Q 4.387862 0.000000 -4.387862
F 6.581793 2.193931 -6.581793
W 4.387862 4.387862 -8.775724
K 2.193931 6.581793 -6.581793
N 0.000000 4.387862 -4.387862
F -2.193931 6.581793 -2.193931
Q -4.387862 4.387862 -0.000000
T -2.193931 2.193931 2.193931


-14.598805	312103101	1110011000110
10

Q 0.000000 0.000000 0.000000
Y 2.193931 2.193931 -2.193931
Q 4.387862 0.000000 -4.387862
F 6.581793 2.193931 -6.581793
W 4.387862 4.387862 -8.775724
K 2.193931 6.581793 -6.581793
N 0.000000 4.387862 -4.387862
F -2.193931 2.193931 -6.581793
Q -4.387862 0.000000 -4.387862
T -2.193931 -2.193931 -2.193931


-14.459759	031021301	0011100001101
10

Q 0.000000 0.000000 0.000000
Y 2.193931 2.193931 -2.193931
Q 4.387862 0.000000 -4.387862
F 6.581793 -2.193931 -2.193931
W 4.387862 -4.387862 0.000000
K 2.193931 -6.581793 -2.193931
N 4.387862 -8.775724 -4.387862
F 6.581793 -6.581793 -6.581793
Q 4.387862 -4.387862 -8.775724
T 2.193931 -2.193931 -6.581793


-14.381444	103101301	1000111000101
10

Q 0.000000 0.000000 0.000000
Y 2.193931 2.193931 -2.193931
Q 4.387862 0.000000 -4.387862
F 6.581793 -2.193931 -2.193931
W 4.387862 -4.387862 0.000000
K 2.193931 -2.193931 2.193931
N 0.000000 -4.387862 4.387862
F 2.193931 -6.581793 6.581793
Q 4.387862 -8.775724 4.387862
T 6.581793 -6.581793 2.193931


-14.381444	102101301	1000011000101
10

Q 0.000000 0.000000 0.000000
Y 2.193931 2.193931 -2.193931
Q 4.387862 0.000000 -4.387862
F 6.581793 -2.193931 -2.193931
W 4.387862 -4.387862 0.000000
K 2.193931 -2.193931 2.193931
N 0.000000 -4.387862 4.387862
F -2.193931 -6.581793 2.193931
Q 0.000000 -8.775724 0.000000
T 2.193931 -6.581793 -2.193931


-14.381444	203201301	0100110100101
10

Q 0.000000 0.000000 0.000000
Y 2.193931 2.193931 -2.193931
Q 4.387862 0.000000 -4.387862
F 6.581793 -2.193931 -2.193931
W 4.387862 -4.387862 0.000000
K 2.193931 -2.193931 2.193931
N 4.387862 0.000000 4.387862
F 6.581793 -2.193931 6.581793
Q 8.775724 -4.387862 4.387862
T 6.581793 -6.581793 2.193931


-14.351115	130321301	1011001101101
10

Q 0.000000 0.000000 0.000000
Y 2.193931 2.193931 -2.193931
Q 4.387862 0.000000 -4.387862
F 6.581793 -2.193931 -2.193931
W 4.387862 -4.387862 0.000000
K 2.193931 -6.581793 -2.193931
N 0.000000 -4.387862 -4.387862
F -2.193931 -2.193931 -2.193931
Q -4.387862 -0.000000 -4.387862
T -2.193931 2.193931 -6.581793


-14.014310	210310101	0110001110000
10

Q 0.000000 0.000000 0.000000
Y 2.193931 2.193931 -2.193931
Q 4.387862 0.000000 -4.387862
F 6.581793 2.193931 -6.581793
W 8.775724 0.000000 -8.775724
K 10.969655 2.193931 -10.969655
N 8.775724 4.387862 -13.163586
F 6.581793 6.581793 -10.969655
Q 4.387862 4.387862 -8.775724
T 2.193931 2.193931 -10.969655


-14.014310	213013101	0110110010110
10

Q 0.000000 0.000000 0.000000
Y 2.193931 2.193931 -2.193931
Q 4.387862 0.000000 -4.387862
F 6.581793 2.193931 -6.581793
W 4.387862 4.387862 -8.775724
K 6.581793 6.581793 -10.969655
N 8.775724 4.387862 -13.163586
F 10.969655 2.193931 -10.969655
Q 8.775724 0.000000 -8.775724
T 6.581793 -2.193931 -10.969655


-14.014310	212012101	0110010010010
10

Q 0.000000 0.000000 0.000000
Y 2.193931 2.193931 -2.193931
Q 4.387862 0.000000 -4.387862
F 6.581793 2.193931 -6.581793
W 8.775724 4.387862 -4.387862
K 10.969655 6.581793 -6.581793
N 13.163586 4.387862 -8.775724
F 10.969655 2.193931 -10.969655
Q 8.775724 0.000000 -8.775724
T 6.581793 -2.193931 -10.969655


-14.014310	212012301	0110010010011
10

Q 0.000000 0.000000 0.000000
Y 2.193931 2.193931 -2.193931
Q 4.387862 0.000000 -4.387862
F 6.581793 -2.193931 -2.193931
W 8.775724 0.000000 0.000000
K 10.969655 2.193931 -2.193931
N 13.163586 0.000000 -4.387862
F 10.969655 -2.193931 -6.581793
Q 8.775724 -4.387862 -4.387862
T 6.581793 -6.581793 -6.581793


-14.014310	212312101	0110011110010
10

Q 0.000000 0.000000 0.000000
Y 2.193931 2.193931 -2.193931
Q 4.387862 0.000000 -4.387862
F 6.581793 2.193931 -6.581793
W 8.775724 4.387862 -4.387862
K 10.969655 6.581793 -6.581793
N 8.775724 8.775724 -8.775724
F 6.581793 6.581793 -10.969655
Q 4.387862 4.387862 -8.775724
T 2.193931 2.193931 -10.969655


-14.014310	323023101	1101110001110
10

Q 0.000000 0.000000 0.000000
Y 2.193931 2.193931 -2.193931
Q 4.387862 0.000000 -4.387862
F 6.581793 2.193931 -6.581793
W 4.387862 4.387862 -8.775724
K 2.193931 2.193931 -10.969655
N 4.387862 0.000000 -13.163586
F 6.581793 -2.193931 -10.969655
Q 8.775724 0.000000 -8.775724
T 10.969655 -2.193931 -6.581793


-14.014310	132032101	1011010011010
10

Q 0.000000 0.000000 0.000000
Y 2.193931 2.193931 -2.193931
Q 4.387862 0.000000 -4.387862
F 6.581793 2.193931 -6.581793
W 8.775724 4.387862 -4.387862
K 10.969655 2.193931 -2.193931
N 13.163586 0.000000 -4.387862
F 10.969655 -2.193931 -6.581793
Q 8.775724 0.000000 -8.775724
T 10.969655 2.193931 -10.969655


-14.014310	310210301	1110000110001
10

Q 0.000000 0.000000 0.000000
Y 2.193931 2.193931 -2.193931
Q 4.387862 0.000000 -4.387862
F 6.581793 -2.193931 -2.193931
W 8.775724 -4.387862 -4.387862
K 10.969655 -2.193931 -6.581793
N 13.163586 0.000000 -4.387862
F 10.969655 2.193931 -2.193931
Q 8.775724 0.000000 -0.000000
T 10.969655 -2.193931 2.193931


