-122.820305	427716450353610
16

R 0.000000 0.000000 0.000000
H 2.193931 2.193931 -2.193931
Y 4.387862 0.000000 -4.387862
Y 6.581793 -2.193931 -2.193931
K 4.387862 -4.387862 -4.387862
F 2.193931 -2.193931 -2.193931
N 0.000000 -4.387862 -4.387862
S 2.193931 -2.193931 -6.581793
T 0.000000 0.000000 -4.387862
G -2.193931 -2.193931 -2.193931
R 0.000000 -4.387862 -0.000000
H 2.193931 -6.581793 -2.193931
Y 4.387862 -4.387862 -0.000000
H 6.581793 -2.193931 2.193931
Y 4.387862 -0.000000 -0.000000
Y 2.193931 -2.193931 2.193931


-122.820305	472213450656310
16

R 0.000000 0.000000 0.000000
H 2.193931 2.193931 -2.193931
Y 4.387862 0.000000 -4.387862
Y 2.193931 -2.193931 -6.581793
K 4.387862 -4.387862 -4.387862
F 2.193931 -2.193931 -2.193931
N 4.387862 -4.387862 -0.000000
S 6.581793 -2.193931 -2.193931
T 4.387862 0.000000 -0.000000
G 2.193931 -2.193931 2.193931
R 0.000000 -4.387862 -0.000000
H 2.193931 -6.581793 -2.193931
Y 0.000000 -4.387862 -4.387862
H -2.193931 -2.193931 -6.581793
Y 0.000000 -0.000000 -4.387862
Y -2.193931 -2.193931 -2.193931


-122.722125	536567206306430
16

R 0.000000 0.000000 0.000000
H 2.193931 2.193931 -2.193931
Y 0.000000 0.000000 -4.387862
Y -2.193931 -2.193931 -2.193931
K 0.000000 -4.387862 0.000000
F 2.193931 -2.193931 -2.193931
N 0.000000 -4.387862 -4.387862
S 2.193931 -6.581793 -2.193931
T 4.387862 -4.387862 -4.387862
G 2.193931 -2.193931 -6.581793
R 4.387862 -0.000000 -4.387862
H 6.581793 -2.193931 -2.193931
Y 4.387862 -0.000000 -0.000000
H 6.581793 -2.193931 2.193931
Y 4.387862 -4.387862 -0.000000
Y 2.193931 -2.193931 2.193931


-122.722125	417457105305430
16

R 0.000000 0.000000 0.000000
H 2.193931 2.193931 -2.193931
Y 0.000000 0.000000 -4.387862
Y -2.193931 -2.193931 -2.193931
K -4.387862 0.000000 0.000000
F -2.193931 2.193931 -2.193931
N -4.387862 0.000000 -4.387862
S -6.581793 2.193931 -2.193931
T -4.387862 4.387862 -4.387862
G -2.193931 2.193931 -6.581793
R -0.000000 4.387862 -4.387862
H -2.193931 6.581793 -2.193931
Y -4.387862 4.387862 -0.000000
H -2.193931 6.581793 2.193931
Y -0.000000 4.387862 -0.000000
Y -2.193931 2.193931 2.193931


-122.722125	427467206306430
16

R 0.000000 0.000000 0.000000
H 2.193931 2.193931 -2.193931
Y 0.000000 0.000000 -4.387862
Y -2.193931 -2.193931 -2.193931
K 0.000000 -4.387862 0.000000
F 2.193931 -2.193931 -2.193931
N 0.000000 -4.387862 -4.387862
S 2.193931 -6.581793 -2.193931
T 4.387862 -4.387862 -4.387862
G 2.193931 -2.193931 -6.581793
R 4.387862 -0.000000 -4.387862
H 6.581793 -2.193931 -2.193931
Y 4.387862 -4.387862 -0.000000
H 6.581793 -2.193931 2.193931
Y 4.387862 -0.000000 -0.000000
Y 2.193931 -2.193931 2.193931


-122.722125	635657105305430
16

R 0.000000 0.000000 0.000000
H 2.193931 2.193931 -2.193931
Y 0.000000 0.000000 -4.387862
Y -2.193931 -2.193931 -2.193931
K -4.387862 0.000000 0.000000
F -2.193931 2.193931 -2.193931
N -4.387862 0.000000 -4.387862
S -6.581793 2.193931 -2.193931
T -4.387862 4.387862 -4.387862
G -2.193931 2.193931 -6.581793
R -0.000000 4.387862 -4.387862
H -2.193931 6.581793 -2.193931
Y -0.000000 4.387862 -0.000000
H -2.193931 6.581793 2.193931
Y -4.387862 4.387862 -0.000000
Y -2.193931 2.193931 2.193931


-122.718535	305346571272430
16

R 0.000000 0.000000 0.000000
H 2.193931 2.193931 -2.193931
Y 0.000000 0.000000 -4.387862
Y -2.193931 -2.193931 -2.193931
K -4.387862 0.000000 -4.387862
F -2.193931 2.193931 -2.193931
N -4.387862 4.387862 -4.387862
S -2.193931 2.193931 -6.581793
T 0.000000 4.387862 -4.387862
G -2.193931 6.581793 -2.193931
R 0.000000 4.387862 -0.000000
H -2.193931 2.193931 2.193931
Y -4.387862 0.000000 -0.000000
H -6.581793 2.193931 2.193931
Y -4.387862 4.387862 -0.000000
Y -6.581793 2.193931 -2.193931


-122.718535	124145672171430
16

R 0.000000 0.000000 0.000000
H 2.193931 2.193931 -2.193931
Y 0.000000 0.000000 -4.387862
Y -2.193931 -2.193931 -2.193931
K 0.000000 -4.387862 -4.387862
F 2.193931 -2.193931 -2.193931
N 4.387862 -4.387862 -4.387862
S 2.193931 -2.193931 -6.581793
T 4.387862 0.000000 -4.387862
G 6.581793 -2.193931 -2.193931
R 4.387862 0.000000 -0.000000
H 2.193931 -2.193931 2.193931
Y 4.387862 -4.387862 -0.000000
H 2.193931 -6.581793 2.193931
Y 0.000000 -4.387862 -0.000000
Y 2.193931 -6.581793 -2.193931


-122.718535	306345672171430
16

R 0.000000 0.000000 0.000000
H 2.193931 2.193931 -2.193931
Y 0.000000 0.000000 -4.387862
Y -2.193931 -2.193931 -2.193931
K 0.000000 -4.387862 -4.387862
F 2.193931 -2.193931 -2.193931
N 4.387862 -4.387862 -4.387862
S 2.193931 -2.193931 -6.581793
T 4.387862 0.000000 -4.387862
G 6.581793 -2.193931 -2.193931
R 4.387862 0.000000 -0.000000
H 2.193931 -2.193931 2.193931
Y 0.000000 -4.387862 -0.000000
H 2.193931 -6.581793 2.193931
Y 4.387862 -4.387862 -0.000000
Y 2.193931 -6.581793 -2.193931


-122.718535	214246571272430
16

R 0.000000 0.000000 0.000000
H 2.193931 2.193931 -2.193931
Y 0.000000 0.000000 -4.387862
Y -2.193931 -2.193931 -2.193931
K -4.387862 0.000000 -4.387862
F -2.193931 2.193931 -2.193931
N -4.387862 4.387862 -4.387862
S -2.193931 2.193931 -6.581793
T 0.000000 4.387862 -4.387862
G -2.193931 6.581793 -2.193931
R 0.000000 4.387862 -0.000000
H -2.193931 2.193931 2.193931
Y -4.387862 4.387862 -0.000000
H -6.581793 2.193931 2.193931
Y -4.387862 0.000000 -0.000000
Y -6.581793 2.193931 -2.193931


-122.707817	417457102472430
16

R 0.000000 0.000000 0.000000
H 2.193931 2.193931 -2.193931
Y 0.000000 0.000000 -4.387862
Y -2.193931 -2.193931 -2.193931
K -4.387862 0.000000 -4.387862
F -2.193931 2.193931 -2.193931
N -4.387862 0.000000 0.000000
S -6.581793 2.193931 -2.193931
T -4.387862 4.387862 -4.387862
G -2.193931 2.193931 -6.581793
R -0.000000 4.387862 -4.387862
H -2.193931 6.581793 -2.193931
Y -4.387862 4.387862 -0.000000
H -2.193931 6.581793 2.193931
Y -0.000000 4.387862 -0.000000
Y -2.193931 2.193931 2.193931


-122.707817	427467201471430
16

R 0.000000 0.000000 0.000000
H 2.193931 2.193931 -2.193931
Y 0.000000 0.000000 -4.387862
Y -2.193931 -2.193931 -2.193931
K 0.000000 -4.387862 -4.387862
F 2.193931 -2.193931 -2.193931
N 0.000000 -4.387862 0.000000
S 2.193931 -6.581793 -2.193931
T 4.387862 -4.387862 -4.387862
G 2.193931 -2.193931 -6.581793
R 4.387862 -0.000000 -4.387862
H 6.581793 -2.193931 -2.193931
Y 4.387862 -4.387862 -0.000000
H 6.581793 -2.193931 2.193931
Y 4.387862 -0.000000 -0.000000
Y 2.193931 -2.193931 2.193931


-122.707817	635657102472430
16

R 0.000000 0.000000 0.000000
H 2.193931 2.193931 -2.193931
Y 0.000000 0.000000 -4.387862
Y -2.193931 -2.193931 -2.193931
K -4.387862 0.000000 -4.387862
F -2.193931 2.193931 -2.193931
N -4.387862 0.000000 0.000000
S -6.581793 2.193931 -2.193931
T -4.387862 4.387862 -4.387862
G -2.193931 2.193931 -6.581793
R -0.000000 4.387862 -4.387862
H -2.193931 6.581793 -2.193931
Y -0.000000 4.387862 -0.000000
H -2.193931 6.581793 2.193931
Y -4.387862 4.387862 -0.000000
Y -2.193931 2.193931 2.193931


-122.707817	536567201471430
16

R 0.000000 0.000000 0.000000
H 2.193931 2.193931 -2.193931
Y 0.000000 0.000000 -4.387862
Y -2.193931 -2.193931 -2.193931
K 0.000000 -4.387862 -4.387862
F 2.193931 -2.193931 -2.193931
N 0.000000 -4.387862 0.000000
S 2.193931 -6.581793 -2.193931
T 4.387862 -4.387862 -4.387862
G 2.193931 -2.193931 -6.581793
R 4.387862 -0.000000 -4.387862
H 6.581793 -2.193931 -2.193931
Y 4.387862 -0.000000 -0.000000
H 6.581793 -2.193931 2.193931
Y 4.387862 -4.387862 -0.000000
Y 2.193931 -2.193931 2.193931


-122.693273	241210571471430
16

R 0.000000 0.000000 0.000000
H 2.193931 2.193931 -2.193931
Y 0.000000 0.000000 -4.387862
Y -2.193931 -2.193931 -2.193931
K 0.000000 -4.387862 -4.387862
F 2.193931 -2.193931 -2.193931
N 0.000000 -4.387862 0.000000
S 2.193931 -6.581793 -2.193931
T 4.387862 -4.387862 0.000000
G 2.193931 -2.193931 2.193931
R 4.387862 -0.000000 0.000000
H 6.581793 -2.193931 -2.193931
Y 4.387862 -0.000000 -4.387862
H 6.581793 -2.193931 -6.581793
Y 4.387862 -4.387862 -4.387862
Y 2.193931 -2.193931 -6.581793


-122.693273	350310571471430
16

R 0.000000 0.000000 0.000000
H 2.193931 2.193931 -2.193931
Y 0.000000 0.000000 -4.387862
Y -2.193931 -2.193931 -2.193931
K 0.000000 -4.387862 -4.387862
F 2.193931 -2.193931 -2.193931
N 0.000000 -4.387862 0.000000
S 2.193931 -6.581793 -2.193931
T 4.387862 -4.387862 0.000000
G 2.193931 -2.193931 2.193931
R 4.387862 -0.000000 0.000000
H 6.581793 -2.193931 -2.193931
Y 4.387862 -4.387862 -4.387862
H 6.581793 -2.193931 -6.581793
Y 4.387862 -0.000000 -4.387862
Y 2.193931 -2.193931 -6.581793


-122.693273	336076450353610
16

R 0.000000 0.000000 0.000000
H 2.193931 2.193931 -2.193931
Y 4.387862 0.000000 -4.387862
Y 6.581793 -2.193931 -2.193931
K 4.387862 -4.387862 -4.387862
F 2.193931 -2.193931 -2.193931
N 0.000000 -4.387862 -4.387862
S 2.193931 -2.193931 -6.581793
T 0.000000 0.000000 -4.387862
G -2.193931 -2.193931 -2.193931
R 0.000000 -4.387862 -0.000000
H 2.193931 -2.193931 2.193931
Y 4.387862 0.000000 -0.000000
H 6.581793 -2.193931 2.193931
Y 4.387862 -4.387862 -0.000000
Y 2.193931 -6.581793 -2.193931


-122.693273	663023450656310
16

R 0.000000 0.000000 0.000000
H 2.193931 2.193931 -2.193931
Y 4.387862 0.000000 -4.387862
Y 2.193931 -2.193931 -6.581793
K 4.387862 -4.387862 -4.387862
F 2.193931 -2.193931 -2.193931
N 4.387862 -4.387862 -0.000000
S 6.581793 -2.193931 -2.193931
T 4.387862 0.000000 -0.000000
G 2.193931 -2.193931 2.193931
R 0.000000 -4.387862 -0.000000
H -2.193931 -2.193931 -2.193931
Y 0.000000 0.000000 -4.387862
H -2.193931 -2.193931 -6.581793
Y 0.000000 -4.387862 -4.387862
Y 2.193931 -6.581793 -2.193931


-122.693273	360320672472430
16

R 0.000000 0.000000 0.000000
H 2.193931 2.193931 -2.193931
Y 0.000000 0.000000 -4.387862
Y -2.193931 -2.193931 -2.193931
K -4.387862 0.000000 -4.387862
F -2.193931 2.193931 -2.193931
N -4.387862 0.000000 0.000000
S -6.581793 2.193931 -2.193931
T -4.387862 4.387862 0.000000
G -2.193931 2.193931 2.193931
R -0.000000 4.387862 0.000000
H -2.193931 6.581793 -2.193931
Y -4.387862 4.387862 -4.387862
H -2.193931 6.581793 -6.581793
Y -0.000000 4.387862 -4.387862
Y -2.193931 2.193931 -6.581793


-122.693273	142120672472430
16

R 0.000000 0.000000 0.000000
H 2.193931 2.193931 -2.193931
Y 0.000000 0.000000 -4.387862
Y -2.193931 -2.193931 -2.193931
K -4.387862 0.000000 -4.387862
F -2.193931 2.193931 -2.193931
N -4.387862 0.000000 0.000000
S -6.581793 2.193931 -2.193931
T -4.387862 4.387862 0.000000
G -2.193931 2.193931 2.193931
R -0.000000 4.387862 0.000000
H -2.193931 6.581793 -2.193931
Y -0.000000 4.387862 -4.387862
H -2.193931 6.581793 -6.581793
Y -4.387862 4.387862 -4.387862
Y -2.193931 2.193931 -6.581793


-122.690401	427716541253610
16

R 0.000000 0.000000 0.000000
H 2.193931 2.193931 -2.193931
Y 4.387862 0.000000 -4.387862
Y 6.581793 -2.193931 -2.193931
K 4.387862 -4.387862 -4.387862
F 2.193931 -2.193931 -2.193931
N 0.000000 0.000000 -4.387862
S 2.193931 -2.193931 -6.581793
T 0.000000 -4.387862 -4.387862
G -2.193931 -2.193931 -2.193931
R 0.000000 -4.387862 -0.000000
H 2.193931 -6.581793 -2.193931
Y 4.387862 -4.387862 -0.000000
H 6.581793 -2.193931 2.193931
Y 4.387862 -0.000000 -0.000000
Y 2.193931 -2.193931 2.193931


-122.690401	472213541756310
16

R 0.000000 0.000000 0.000000
H 2.193931 2.193931 -2.193931
Y 4.387862 0.000000 -4.387862
Y 2.193931 -2.193931 -6.581793
K 4.387862 -4.387862 -4.387862
F 2.193931 -2.193931 -2.193931
N 4.387862 0.000000 -0.000000
S 6.581793 -2.193931 -2.193931
T 4.387862 -4.387862 -0.000000
G 2.193931 -2.193931 2.193931
R 0.000000 -4.387862 -0.000000
H 2.193931 -6.581793 -2.193931
Y 0.000000 -4.387862 -4.387862
H -2.193931 -2.193931 -6.581793
Y 0.000000 -0.000000 -4.387862
Y -2.193931 -2.193931 -2.193931


-122.598632	360307234772430
16

R 0.000000 0.000000 0.000000
H 2.193931 2.193931 -2.193931
Y 0.000000 0.000000 -4.387862
Y -2.193931 -2.193931 -2.193931
K -4.387862 0.000000 -4.387862
F -2.193931 2.193931 -2.193931
N 0.000000 4.387862 0.000000
S -2.193931 2.193931 2.193931
T -4.387862 0.000000 0.000000
G -6.581793 2.193931 -2.193931
R -4.387862 4.387862 0.000000
H -2.193931 6.581793 -2.193931
Y -4.387862 4.387862 -4.387862
H -2.193931 6.581793 -6.581793
Y -0.000000 4.387862 -4.387862
Y -2.193931 2.193931 -6.581793


-122.598632	241207134771430
16

R 0.000000 0.000000 0.000000
H 2.193931 2.193931 -2.193931
Y 0.000000 0.000000 -4.387862
Y -2.193931 -2.193931 -2.193931
K 0.000000 -4.387862 -4.387862
F 2.193931 -2.193931 -2.193931
N 4.387862 0.000000 0.000000
S 2.193931 -2.193931 2.193931
T 0.000000 -4.387862 0.000000
G 2.193931 -6.581793 -2.193931
R 4.387862 -4.387862 0.000000
H 6.581793 -2.193931 -2.193931
Y 4.387862 -0.000000 -4.387862
H 6.581793 -2.193931 -6.581793
Y 4.387862 -4.387862 -4.387862
Y 2.193931 -2.193931 -6.581793


-122.598632	142107234772430
16

R 0.000000 0.000000 0.000000
H 2.193931 2.193931 -2.193931
Y 0.000000 0.000000 -4.387862
Y -2.193931 -2.193931 -2.193931
K -4.387862 0.000000 -4.387862
F -2.193931 2.193931 -2.193931
N 0.000000 4.387862 0.000000
S -2.193931 2.193931 2.193931
T -4.387862 0.000000 0.000000
G -6.581793 2.193931 -2.193931
R -4.387862 4.387862 0.000000
H -2.193931 6.581793 -2.193931
Y -0.000000 4.387862 -4.387862
H -2.193931 6.581793 -6.581793
Y -4.387862 4.387862 -4.387862
Y -2.193931 2.193931 -6.581793


-122.598632	350307134771430
16

R 0.000000 0.000000 0.000000
H 2.193931 2.193931 -2.193931
Y 0.000000 0.000000 -4.387862
Y -2.193931 -2.193931 -2.193931
K 0.000000 -4.387862 -4.387862
F 2.193931 -2.193931 -2.193931
N 4.387862 0.000000 0.000000
S 2.193931 -2.193931 2.193931
T 0.000000 -4.387862 0.000000
G 2.193931 -6.581793 -2.193931
R 4.387862 -4.387862 0.000000
H 6.581793 -2.193931 -2.193931
Y 4.387862 -4.387862 -4.387862
H 6.581793 -2.193931 -6.581793
Y 4.387862 -0.000000 -4.387862
Y 2.193931 -2.193931 -6.581793


-122.493561	635657014205430
16

R 0.000000 0.000000 0.000000
H 2.193931 2.193931 -2.193931
Y 0.000000 0.000000 -4.387862
Y -2.193931 -2.193931 -2.193931
K -4.387862 0.000000 0.000000
F -2.193931 2.193931 -2.193931
N -4.387862 4.387862 -4.387862
S -6.581793 2.193931 -2.193931
T -4.387862 0.000000 -4.387862
G -2.193931 2.193931 -6.581793
R -0.000000 4.387862 -4.387862
H -2.193931 6.581793 -2.193931
Y -0.000000 4.387862 -0.000000
H -2.193931 6.581793 2.193931
Y -4.387862 4.387862 -0.000000
Y -2.193931 2.193931 2.193931


-122.493561	536567024106430
16

R 0.000000 0.000000 0.000000
H 2.193931 2.193931 -2.193931
Y 0.000000 0.000000 -4.387862
Y -2.193931 -2.193931 -2.193931
K 0.000000 -4.387862 0.000000
F 2.193931 -2.193931 -2.193931
N 4.387862 -4.387862 -4.387862
S 2.193931 -6.581793 -2.193931
T 0.000000 -4.387862 -4.387862
G 2.193931 -2.193931 -6.581793
R 4.387862 -0.000000 -4.387862
H 6.581793 -2.193931 -2.193931
Y 4.387862 -0.000000 -0.000000
H 6.581793 -2.193931 2.193931
Y 4.387862 -4.387862 -0.000000
Y 2.193931 -2.193931 2.193931


-122.493561	427467024106430
16

R 0.000000 0.000000 0.000000
H 2.193931 2.193931 -2.193931
Y 0.000000 0.000000 -4.387862
Y -2.193931 -2.193931 -2.193931
K 0.000000 -4.387862 0.000000
F 2.193931 -2.193931 -2.193931
N 4.387862 -4.387862 -4.387862
S 2.193931 -6.581793 -2.193931
T 0.000000 -4.387862 -4.387862
G 2.193931 -2.193931 -6.581793
R 4.387862 -0.000000 -4.387862
H 6.581793 -2.193931 -2.193931
Y 4.387862 -4.387862 -0.000000
H 6.581793 -2.193931 2.193931
Y 4.387862 -0.000000 -0.000000
Y 2.193931 -2.193931 2.193931


-122.493561	417457014205430
16

R 0.000000 0.000000 0.000000
H 2.193931 2.193931 -2.193931
Y 0.000000 0.000000 -4.387862
Y -2.193931 -2.193931 -2.193931
K -4.387862 0.000000 0.000000
F -2.193931 2.193931 -2.193931
N -4.387862 4.387862 -4.387862
S -6.581793 2.193931 -2.193931
T -4.387862 0.000000 -4.387862
G -2.193931 2.193931 -6.581793
R -0.000000 4.387862 -4.387862
H -2.193931 6.581793 -2.193931
Y -4.387862 4.387862 -0.000000
H -2.193931 6.581793 2.193931
Y -0.000000 4.387862 -0.000000
Y -2.193931 2.193931 2.193931


-122.489971	124145763071430
16

R 0.000000 0.000000 0.000000
H 2.193931 2.193931 -2.193931
Y 0.000000 0.000000 -4.387862
Y -2.193931 -2.193931 -2.193931
K 0.000000 -4.387862 -4.387862
F 2.193931 -2.193931 -2.193931
N 4.387862 0.000000 -4.387862
S 2.193931 -2.193931 -6.581793
T 4.387862 -4.387862 -4.387862
G 6.581793 -2.193931 -2.193931
R 4.387862 0.000000 -0.000000
H 2.193931 -2.193931 2.193931
Y 4.387862 -4.387862 -0.000000
H 2.193931 -6.581793 2.193931
Y 0.000000 -4.387862 -0.000000
Y 2.193931 -6.581793 -2.193931


-122.489971	305346753072430
16

R 0.000000 0.000000 0.000000
H 2.193931 2.193931 -2.193931
Y 0.000000 0.000000 -4.387862
Y -2.193931 -2.193931 -2.193931
K -4.387862 0.000000 -4.387862
F -2.193931 2.193931 -2.193931
N 0.000000 4.387862 -4.387862
S -2.193931 2.193931 -6.581793
T -4.387862 4.387862 -4.387862
G -2.193931 6.581793 -2.193931
R 0.000000 4.387862 -0.000000
H -2.193931 2.193931 2.193931
Y -4.387862 0.000000 -0.000000
H -6.581793 2.193931 2.193931
Y -4.387862 4.387862 -0.000000
Y -6.581793 2.193931 -2.193931


-122.489971	306345763071430
16

R 0.000000 0.000000 0.000000
H 2.193931 2.193931 -2.193931
Y 0.000000 0.000000 -4.387862
Y -2.193931 -2.193931 -2.193931
K 0.000000 -4.387862 -4.387862
F 2.193931 -2.193931 -2.193931
N 4.387862 0.000000 -4.387862
S 2.193931 -2.193931 -6.581793
T 4.387862 -4.387862 -4.387862
G 6.581793 -2.193931 -2.193931
R 4.387862 0.000000 -0.000000
H 2.193931 -2.193931 2.193931
Y 0.000000 -4.387862 -0.000000
H 2.193931 -6.581793 2.193931
Y 4.387862 -4.387862 -0.000000
Y 2.193931 -6.581793 -2.193931


-122.489971	214246753072430
16

R 0.000000 0.000000 0.000000
H 2.193931 2.193931 -2.193931
Y 0.000000 0.000000 -4.387862
Y -2.193931 -2.193931 -2.193931
K -4.387862 0.000000 -4.387862
F -2.193931 2.193931 -2.193931
N 0.000000 4.387862 -4.387862
S -2.193931 2.193931 -6.581793
T -4.387862 4.387862 -4.387862
G -2.193931 6.581793 -2.193931
R 0.000000 4.387862 -0.000000
H -2.193931 2.193931 2.193931
Y -4.387862 4.387862 -0.000000
H -6.581793 2.193931 2.193931
Y -4.387862 0.000000 -0.000000
Y -6.581793 2.193931 -2.193931


-122.485523	563531206505430
16

R 0.000000 0.000000 0.000000
H 2.193931 2.193931 -2.193931
Y 0.000000 0.000000 -4.387862
Y -2.193931 -2.193931 -2.193931
K -4.387862 0.000000 0.000000
F -2.193931 2.193931 -2.193931
N -4.387862 4.387862 0.000000
S -2.193931 2.193931 2.193931
T 0.000000 4.387862 0.000000
G -2.193931 6.581793 -2.193931
R 0.000000 4.387862 -4.387862
H -2.193931 2.193931 -6.581793
Y -4.387862 4.387862 -4.387862
H -6.581793 2.193931 -6.581793
Y -4.387862 0.000000 -4.387862
Y -6.581793 2.193931 -2.193931


-122.485523	471432105606430
16

R 0.000000 0.000000 0.000000
H 2.193931 2.193931 -2.193931
Y 0.000000 0.000000 -4.387862
Y -2.193931 -2.193931 -2.193931
K 0.000000 -4.387862 0.000000
F 2.193931 -2.193931 -2.193931
N 4.387862 -4.387862 0.000000
S 2.193931 -2.193931 2.193931
T 4.387862 0.000000 0.000000
G 6.581793 -2.193931 -2.193931
R 4.387862 0.000000 -4.387862
H 2.193931 -2.193931 -6.581793
Y 0.000000 -4.387862 -4.387862
H 2.193931 -6.581793 -6.581793
Y 4.387862 -4.387862 -4.387862
Y 2.193931 -6.581793 -2.193931


-122.485523	653632105606430
16

R 0.000000 0.000000 0.000000
H 2.193931 2.193931 -2.193931
Y 0.000000 0.000000 -4.387862
Y -2.193931 -2.193931 -2.193931
K 0.000000 -4.387862 0.000000
F 2.193931 -2.193931 -2.193931
N 4.387862 -4.387862 0.000000
S 2.193931 -2.193931 2.193931
T 4.387862 0.000000 0.000000
G 6.581793 -2.193931 -2.193931
R 4.387862 0.000000 -4.387862
H 2.193931 -2.193931 -6.581793
Y 4.387862 -4.387862 -4.387862
H 2.193931 -6.581793 -6.581793
Y 0.000000 -4.387862 -4.387862
Y 2.193931 -6.581793 -2.193931


-122.485523	472431206505430
16

R 0.000000 0.000000 0.000000
H 2.193931 2.193931 -2.193931
Y 0.000000 0.000000 -4.387862
Y -2.193931 -2.193931 -2.193931
K -4.387862 0.000000 0.000000
F -2.193931 2.193931 -2.193931
N -4.387862 4.387862 0.000000
S -2.193931 2.193931 2.193931
T 0.000000 4.387862 0.000000
G -2.193931 6.581793 -2.193931
R 0.000000 4.387862 -4.387862
H -2.193931 2.193931 -6.581793
Y -4.387862 0.000000 -4.387862
H -6.581793 2.193931 -6.581793
Y -4.387862 4.387862 -4.387862
Y -6.581793 2.193931 -2.193931


-122.473798	056061234747130
16

R 0.000000 0.000000 0.000000
H 2.193931 2.193931 -2.193931
Y 0.000000 0.000000 -4.387862
Y 2.193931 -2.193931 -6.581793
K 4.387862 0.000000 -4.387862
F 2.193931 -2.193931 -2.193931
N 4.387862 0.000000 -0.000000
S 2.193931 -2.193931 2.193931
T 0.000000 -4.387862 -0.000000
G -2.193931 -2.193931 -2.193931
R 0.000000 -4.387862 -4.387862
H 2.193931 -6.581793 -2.193931
Y 4.387862 -4.387862 -4.387862
H 6.581793 -6.581793 -2.193931
Y 4.387862 -4.387862 -0.000000
Y 6.581793 -2.193931 -2.193931


-122.473798	065052134747230
16

R 0.000000 0.000000 0.000000
H 2.193931 2.193931 -2.193931
Y 0.000000 0.000000 -4.387862
Y -2.193931 2.193931 -6.581793
K 0.000000 4.387862 -4.387862
F -2.193931 2.193931 -2.193931
N 0.000000 4.387862 -0.000000
S -2.193931 2.193931 2.193931
T -4.387862 0.000000 -0.000000
G -2.193931 -2.193931 -2.193931
R -4.387862 0.000000 -4.387862
H -6.581793 2.193931 -2.193931
Y -4.387862 4.387862 -4.387862
H -6.581793 6.581793 -2.193931
Y -4.387862 4.387862 -0.000000
Y -2.193931 6.581793 -2.193931


-122.473798	712752134747230
16

R 0.000000 0.000000 0.000000
H 2.193931 2.193931 -2.193931
Y 0.000000 0.000000 -4.387862
Y -2.193931 2.193931 -6.581793
K 0.000000 4.387862 -4.387862
F -2.193931 2.193931 -2.193931
N 0.000000 4.387862 -0.000000
S -2.193931 2.193931 2.193931
T -4.387862 0.000000 -0.000000
G -2.193931 -2.193931 -2.193931
R -4.387862 0.000000 -4.387862
H -6.581793 2.193931 -2.193931
Y -4.387862 4.387862 -0.000000
H -6.581793 6.581793 -2.193931
Y -4.387862 4.387862 -4.387862
Y -2.193931 6.581793 -2.193931


-122.473798	721761234747130
16

R 0.000000 0.000000 0.000000
H 2.193931 2.193931 -2.193931
Y 0.000000 0.000000 -4.387862
Y 2.193931 -2.193931 -6.581793
K 4.387862 0.000000 -4.387862
F 2.193931 -2.193931 -2.193931
N 4.387862 0.000000 -0.000000
S 2.193931 -2.193931 2.193931
T 0.000000 -4.387862 -0.000000
G -2.193931 -2.193931 -2.193931
R 0.000000 -4.387862 -4.387862
H 2.193931 -6.581793 -2.193931
Y 4.387862 -4.387862 -0.000000
H 6.581793 -6.581793 -2.193931
Y 4.387862 -4.387862 -4.387862
Y 6.581793 -2.193931 -2.193931


-122.473369	663023541756310
16

R 0.000000 0.000000 0.000000
H 2.193931 2.193931 -2.193931
Y 4.387862 0.000000 -4.387862
Y 2.193931 -2.193931 -6.581793
K 4.387862 -4.387862 -4.387862
F 2.193931 -2.193931 -2.193931
N 4.387862 0.000000 -0.000000
S 6.581793 -2.193931 -2.193931
T 4.387862 -4.387862 -0.000000
G 2.193931 -2.193931 2.193931
R 0.000000 -4.387862 -0.000000
H -2.193931 -2.193931 -2.193931
Y 0.000000 0.000000 -4.387862
H -2.193931 -2.193931 -6.581793
Y 0.000000 -4.387862 -4.387862
Y 2.193931 -6.581793 -2.193931


-122.473369	336076541253610
16

R 0.000000 0.000000 0.000000
H 2.193931 2.193931 -2.193931
Y 4.387862 0.000000 -4.387862
Y 6.581793 -2.193931 -2.193931
K 4.387862 -4.387862 -4.387862
F 2.193931 -2.193931 -2.193931
N 0.000000 0.000000 -4.387862
S 2.193931 -2.193931 -6.581793
T 0.000000 -4.387862 -4.387862
G -2.193931 -2.193931 -2.193931
R 0.000000 -4.387862 -0.000000
H 2.193931 -2.193931 2.193931
Y 4.387862 0.000000 -0.000000
H 6.581793 -2.193931 2.193931
Y 4.387862 -4.387862 -0.000000
Y 2.193931 -6.581793 -2.193931


-122.473369	350310753671430
16

R 0.000000 0.000000 0.000000
H 2.193931 2.193931 -2.193931
Y 0.000000 0.000000 -4.387862
Y -2.193931 -2.193931 -2.193931
K 0.000000 -4.387862 -4.387862
F 2.193931 -2.193931 -2.193931
N 4.387862 -4.387862 0.000000
S 2.193931 -6.581793 -2.193931
T 0.000000 -4.387862 0.000000
G 2.193931 -2.193931 2.193931
R 4.387862 -0.000000 0.000000
H 6.581793 -2.193931 -2.193931
Y 4.387862 -4.387862 -4.387862
H 6.581793 -2.193931 -6.581793
Y 4.387862 -0.000000 -4.387862
Y 2.193931 -2.193931 -6.581793


-122.473369	241210753671430
16

R 0.000000 0.000000 0.000000
H 2.193931 2.193931 -2.193931
Y 0.000000 0.000000 -4.387862
Y -2.193931 -2.193931 -2.193931
K 0.000000 -4.387862 -4.387862
F 2.193931 -2.193931 -2.193931
N 4.387862 -4.387862 0.000000
S 2.193931 -6.581793 -2.193931
T 0.000000 -4.387862 0.000000
G 2.193931 -2.193931 2.193931
R 4.387862 -0.000000 0.000000
H 6.581793 -2.193931 -2.193931
Y 4.387862 -0.000000 -4.387862
H 6.581793 -2.193931 -6.581793
Y 4.387862 -4.387862 -4.387862
Y 2.193931 -2.193931 -6.581793


-122.473369	142120763572430
16

R 0.000000 0.000000 0.000000
H 2.193931 2.193931 -2.193931
Y 0.000000 0.000000 -4.387862
Y -2.193931 -2.193931 -2.193931
K -4.387862 0.000000 -4.387862
F -2.193931 2.193931 -2.193931
N -4.387862 4.387862 0.000000
S -6.581793 2.193931 -2.193931
T -4.387862 0.000000 0.000000
G -2.193931 2.193931 2.193931
R -0.000000 4.387862 0.000000
H -2.193931 6.581793 -2.193931
Y -0.000000 4.387862 -4.387862
H -2.193931 6.581793 -6.581793
Y -4.387862 4.387862 -4.387862
Y -2.193931 2.193931 -6.581793


-122.473369	360320763572430
16

R 0.000000 0.000000 0.000000
H 2.193931 2.193931 -2.193931
Y 0.000000 0.000000 -4.387862
Y -2.193931 -2.193931 -2.193931
K -4.387862 0.000000 -4.387862
F -2.193931 2.193931 -2.193931
N -4.387862 4.387862 0.000000
S -6.581793 2.193931 -2.193931
T -4.387862 0.000000 0.000000
G -2.193931 2.193931 2.193931
R -0.000000 4.387862 0.000000
H -2.193931 6.581793 -2.193931
Y -4.387862 4.387862 -4.387862
H -2.193931 6.581793 -6.581793
Y -0.000000 4.387862 -4.387862
Y -2.193931 2.193931 -6.581793


-122.413273	663023642747230
16

R 0.000000 0.000000 0.000000
H 2.193931 2.193931 -2.193931
Y 0.000000 0.000000 -4.387862
Y -2.193931 2.193931 -6.581793
K 0.000000 4.387862 -4.387862
F -2.193931 2.193931 -2.193931
N 0.000000 4.387862 -0.000000
S -2.193931 6.581793 -2.193931
T -4.387862 4.387862 -0.000000
G -2.193931 2.193931 2.193931
R -4.387862 0.000000 -0.000000
H -6.581793 2.193931 -2.193931
Y -4.387862 4.387862 -4.387862
H -6.581793 2.193931 -6.581793
Y -4.387862 0.000000 -4.387862
Y -2.193931 -2.193931 -2.193931


-122.413273	553013541747130
16

R 0.000000 0.000000 0.000000
H 2.193931 2.193931 -2.193931
Y 0.000000 0.000000 -4.387862
Y 2.193931 -2.193931 -6.581793
K 4.387862 0.000000 -4.387862
F 2.193931 -2.193931 -2.193931
N 4.387862 0.000000 -0.000000
S 6.581793 -2.193931 -2.193931
T 4.387862 -4.387862 -0.000000
G 2.193931 -2.193931 2.193931
R 0.000000 -4.387862 -0.000000
H 2.193931 -6.581793 -2.193931
Y 4.387862 -4.387862 -4.387862
H 2.193931 -6.581793 -6.581793
Y 0.000000 -4.387862 -4.387862
Y -2.193931 -2.193931 -2.193931


