-40.280000	712144710
10

D 0.000000 0.000000 0.000000
R 2.193931 2.193931 -2.193931
V 4.387862 0.000000 -4.387862
Y 6.581793 2.193931 -2.193931
I 4.387862 0.000000 0.000000
H 2.193931 -2.193931 2.193931
P 4.387862 -4.387862 0.000000
F 2.193931 -2.193931 -2.193931
H 4.387862 -4.387862 -4.387862
L 6.581793 -2.193931 -2.193931


-40.280000	217144210
10

D 0.000000 0.000000 0.000000
R 2.193931 2.193931 -2.193931
V 4.387862 0.000000 -4.387862
Y 2.193931 2.193931 -6.581793
I 0.000000 0.000000 -4.387862
H -2.193931 -2.193931 -2.193931
P 0.000000 -4.387862 -4.387862
F 2.193931 -2.193931 -2.193931
H 4.387862 -4.387862 -4.387862
L 2.193931 -2.193931 -6.581793


-40.200000	560144210
10

D 0.000000 0.000000 0.000000
R 2.193931 2.193931 -2.193931
V 4.387862 0.000000 -4.387862
Y 2.193931 2.193931 -6.581793
I 0.000000 0.000000 -4.387862
H -2.193931 -2.193931 -2.193931
P 0.000000 -4.387862 -4.387862
F 2.193931 -2.193931 -6.581793
H 4.387862 -4.387862 -4.387862
L 2.193931 -2.193931 -2.193931


-40.200000	530144710
10

D 0.000000 0.000000 0.000000
R 2.193931 2.193931 -2.193931
V 4.387862 0.000000 -4.387862
Y 6.581793 2.193931 -2.193931
I 4.387862 0.000000 0.000000
H 2.193931 -2.193931 2.193931
P 4.387862 -4.387862 0.000000
F 6.581793 -2.193931 -2.193931
H 4.387862 -4.387862 -4.387862
L 2.193931 -2.193931 -2.193931


-39.920000	243064710
10

D 0.000000 0.000000 0.000000
R 2.193931 2.193931 -2.193931
V 4.387862 0.000000 -4.387862
Y 6.581793 2.193931 -2.193931
I 4.387862 0.000000 0.000000
H 6.581793 -2.193931 2.193931
P 8.775724 0.000000 0.000000
F 6.581793 -2.193931 -2.193931
H 4.387862 -4.387862 0.000000
L 2.193931 -2.193931 -2.193931


-39.920000	564216030
10

D 0.000000 0.000000 0.000000
R 2.193931 2.193931 -2.193931
V 0.000000 0.000000 -4.387862
Y 2.193931 2.193931 -6.581793
I 4.387862 0.000000 -4.387862
H 6.581793 -2.193931 -6.581793
P 4.387862 0.000000 -8.775724
F 2.193931 -2.193931 -6.581793
H 4.387862 -4.387862 -4.387862
L 2.193931 -2.193931 -2.193931


-39.920000	654125030
10

D 0.000000 0.000000 0.000000
R 2.193931 2.193931 -2.193931
V 0.000000 0.000000 -4.387862
Y 2.193931 2.193931 -6.581793
I 0.000000 4.387862 -4.387862
H -2.193931 6.581793 -6.581793
P 0.000000 4.387862 -8.775724
F -2.193931 2.193931 -6.581793
H -4.387862 4.387862 -4.387862
L -2.193931 2.193931 -2.193931


-39.920000	746034210
10

D 0.000000 0.000000 0.000000
R 2.193931 2.193931 -2.193931
V 4.387862 0.000000 -4.387862
Y 2.193931 2.193931 -6.581793
I 0.000000 0.000000 -4.387862
H -2.193931 -2.193931 -6.581793
P 0.000000 0.000000 -8.775724
F 2.193931 -2.193931 -6.581793
H 0.000000 -4.387862 -4.387862
L 2.193931 -2.193931 -2.193931


-39.770000	146054230
10

D 0.000000 0.000000 0.000000
R 2.193931 2.193931 -2.193931
V 0.000000 0.000000 -4.387862
Y -2.193931 2.193931 -6.581793
I -4.387862 0.000000 -4.387862
H -6.581793 2.193931 -2.193931
P -4.387862 4.387862 -4.387862
F -2.193931 2.193931 -2.193931
H -4.387862 0.000000 -0.000000
L -2.193931 -2.193931 -2.193931


-39.770000	245064130
10

D 0.000000 0.000000 0.000000
R 2.193931 2.193931 -2.193931
V 0.000000 0.000000 -4.387862
Y 2.193931 -2.193931 -6.581793
I 0.000000 -4.387862 -4.387862
H 2.193931 -6.581793 -2.193931
P 4.387862 -4.387862 -4.387862
F 2.193931 -2.193931 -2.193931
H 0.000000 -4.387862 -0.000000
L -2.193931 -2.193931 -2.193931


-39.770000	067246330
10

D 0.000000 0.000000 0.000000
R 2.193931 2.193931 -2.193931
V 0.000000 0.000000 -4.387862
Y -2.193931 -2.193931 -6.581793
I 0.000000 -4.387862 -4.387862
H -2.193931 -6.581793 -2.193931
P -4.387862 -4.387862 -4.387862
F -2.193931 -2.193931 -2.193931
H 0.000000 -4.387862 -0.000000
L 2.193931 -2.193931 -2.193931


-39.770000	057145330
10

D 0.000000 0.000000 0.000000
R 2.193931 2.193931 -2.193931
V 0.000000 0.000000 -4.387862
Y -2.193931 -2.193931 -6.581793
I -4.387862 0.000000 -4.387862
H -6.581793 -2.193931 -2.193931
P -4.387862 -4.387862 -4.387862
F -2.193931 -2.193931 -2.193931
H -4.387862 0.000000 -0.000000
L -2.193931 2.193931 -2.193931


-39.280000	502410630
10

D 0.000000 0.000000 0.000000
R 2.193931 2.193931 -2.193931
V 0.000000 0.000000 -4.387862
Y 2.193931 -2.193931 -2.193931
I 4.387862 0.000000 -4.387862
H 6.581793 -2.193931 -6.581793
P 4.387862 -4.387862 -4.387862
F 2.193931 -2.193931 -6.581793
H 4.387862 0.000000 -8.775724
L 2.193931 2.193931 -6.581793


-39.280000	720632410
10

D 0.000000 0.000000 0.000000
R 2.193931 2.193931 -2.193931
V 4.387862 0.000000 -4.387862
Y 2.193931 -2.193931 -2.193931
I 0.000000 0.000000 -4.387862
H -2.193931 -2.193931 -6.581793
P 0.000000 -4.387862 -4.387862
F 2.193931 -2.193931 -6.581793
H 0.000000 0.000000 -8.775724
L 2.193931 2.193931 -6.581793


-39.280000	601420530
10

D 0.000000 0.000000 0.000000
R 2.193931 2.193931 -2.193931
V 0.000000 0.000000 -4.387862
Y -2.193931 2.193931 -2.193931
I 0.000000 4.387862 -4.387862
H -2.193931 6.581793 -6.581793
P -4.387862 4.387862 -4.387862
F -2.193931 2.193931 -6.581793
H 0.000000 4.387862 -8.775724
L 2.193931 2.193931 -6.581793


-39.280000	270367410
10

D 0.000000 0.000000 0.000000
R 2.193931 2.193931 -2.193931
V 4.387862 0.000000 -4.387862
Y 2.193931 -2.193931 -2.193931
I 4.387862 0.000000 0.000000
H 6.581793 -2.193931 2.193931
P 4.387862 -4.387862 0.000000
F 6.581793 -2.193931 -2.193931
H 8.775724 0.000000 0.000000
L 6.581793 2.193931 -2.193931


-39.250000	306052430
10

D 0.000000 0.000000 0.000000
R 2.193931 2.193931 -2.193931
V 0.000000 0.000000 -4.387862
Y -2.193931 -2.193931 -2.193931
I -4.387862 0.000000 -4.387862
H -6.581793 2.193931 -2.193931
P -4.387862 4.387862 -4.387862
F -2.193931 2.193931 -2.193931
H -0.000000 4.387862 -4.387862
L -2.193931 2.193931 -6.581793


-39.250000	306722430
10

D 0.000000 0.000000 0.000000
R 2.193931 2.193931 -2.193931
V 0.000000 0.000000 -4.387862
Y -2.193931 -2.193931 -2.193931
I -4.387862 0.000000 -4.387862
H -6.581793 2.193931 -6.581793
P -4.387862 4.387862 -4.387862
F -2.193931 2.193931 -2.193931
H -0.000000 4.387862 -4.387862
L -2.193931 2.193931 -6.581793


-39.250000	305061430
10

D 0.000000 0.000000 0.000000
R 2.193931 2.193931 -2.193931
V 0.000000 0.000000 -4.387862
Y -2.193931 -2.193931 -2.193931
I 0.000000 -4.387862 -4.387862
H 2.193931 -6.581793 -2.193931
P 4.387862 -4.387862 -4.387862
F 2.193931 -2.193931 -2.193931
H 4.387862 -0.000000 -4.387862
L 2.193931 -2.193931 -6.581793


-39.250000	305711430
10

D 0.000000 0.000000 0.000000
R 2.193931 2.193931 -2.193931
V 0.000000 0.000000 -4.387862
Y -2.193931 -2.193931 -2.193931
I 0.000000 -4.387862 -4.387862
H 2.193931 -6.581793 -6.581793
P 4.387862 -4.387862 -4.387862
F 2.193931 -2.193931 -2.193931
H 4.387862 -0.000000 -4.387862
L 2.193931 -2.193931 -6.581793


-39.170000	472061430
10

D 0.000000 0.000000 0.000000
R 2.193931 2.193931 -2.193931
V 0.000000 0.000000 -4.387862
Y -2.193931 -2.193931 -2.193931
I 0.000000 -4.387862 -4.387862
H 2.193931 -6.581793 -2.193931
P 4.387862 -4.387862 -4.387862
F 2.193931 -2.193931 -6.581793
H 4.387862 -0.000000 -4.387862
L 2.193931 -2.193931 -2.193931


-39.170000	472711430
10

D 0.000000 0.000000 0.000000
R 2.193931 2.193931 -2.193931
V 0.000000 0.000000 -4.387862
Y -2.193931 -2.193931 -2.193931
I 0.000000 -4.387862 -4.387862
H 2.193931 -6.581793 -6.581793
P 4.387862 -4.387862 -4.387862
F 2.193931 -2.193931 -6.581793
H 4.387862 -0.000000 -4.387862
L 2.193931 -2.193931 -2.193931


-39.170000	471052430
10

D 0.000000 0.000000 0.000000
R 2.193931 2.193931 -2.193931
V 0.000000 0.000000 -4.387862
Y -2.193931 -2.193931 -2.193931
I -4.387862 0.000000 -4.387862
H -6.581793 2.193931 -2.193931
P -4.387862 4.387862 -4.387862
F -2.193931 2.193931 -6.581793
H -0.000000 4.387862 -4.387862
L -2.193931 2.193931 -2.193931


-39.170000	471722430
10

D 0.000000 0.000000 0.000000
R 2.193931 2.193931 -2.193931
V 0.000000 0.000000 -4.387862
Y -2.193931 -2.193931 -2.193931
I -4.387862 0.000000 -4.387862
H -6.581793 2.193931 -6.581793
P -4.387862 4.387862 -4.387862
F -2.193931 2.193931 -6.581793
H -0.000000 4.387862 -4.387862
L -2.193931 2.193931 -2.193931


-39.130000	032743630
10

D 0.000000 0.000000 0.000000
R 2.193931 2.193931 -2.193931
V 0.000000 0.000000 -4.387862
Y 2.193931 -2.193931 -2.193931
I 0.000000 -4.387862 -4.387862
H -2.193931 -6.581793 -2.193931
P 0.000000 -4.387862 0.000000
F -2.193931 -2.193931 -2.193931
H -4.387862 -4.387862 -4.387862
L -2.193931 -2.193931 -6.581793


-39.130000	031743530
10

D 0.000000 0.000000 0.000000
R 2.193931 2.193931 -2.193931
V 0.000000 0.000000 -4.387862
Y -2.193931 2.193931 -2.193931
I -4.387862 0.000000 -4.387862
H -6.581793 -2.193931 -2.193931
P -4.387862 0.000000 0.000000
F -2.193931 -2.193931 -2.193931
H -4.387862 -4.387862 -4.387862
L -2.193931 -2.193931 -6.581793


-39.130000	120652430
10

D 0.000000 0.000000 0.000000
R 2.193931 2.193931 -2.193931
V 0.000000 0.000000 -4.387862
Y -2.193931 -2.193931 -2.193931
I -4.387862 0.000000 -4.387862
H -6.581793 2.193931 -2.193931
P -4.387862 0.000000 0.000000
F -2.193931 2.193931 -2.193931
H -4.387862 4.387862 -4.387862
L -2.193931 2.193931 -6.581793


-39.130000	210561430
10

D 0.000000 0.000000 0.000000
R 2.193931 2.193931 -2.193931
V 0.000000 0.000000 -4.387862
Y -2.193931 -2.193931 -2.193931
I 0.000000 -4.387862 -4.387862
H 2.193931 -6.581793 -2.193931
P 0.000000 -4.387862 0.000000
F 2.193931 -2.193931 -2.193931
H 4.387862 -4.387862 -4.387862
L 2.193931 -2.193931 -6.581793


-39.130000	030644210
10

D 0.000000 0.000000 0.000000
R 2.193931 2.193931 -2.193931
V 4.387862 0.000000 -4.387862
Y 2.193931 2.193931 -6.581793
I 0.000000 0.000000 -4.387862
H -2.193931 -2.193931 -2.193931
P 0.000000 -4.387862 -0.000000
F 2.193931 -2.193931 -2.193931
H 0.000000 -4.387862 -4.387862
L 2.193931 -2.193931 -6.581793


-39.130000	060344710
10

D 0.000000 0.000000 0.000000
R 2.193931 2.193931 -2.193931
V 4.387862 0.000000 -4.387862
Y 6.581793 2.193931 -2.193931
I 4.387862 0.000000 0.000000
H 2.193931 -2.193931 2.193931
P 0.000000 -4.387862 0.000000
F 2.193931 -2.193931 -2.193931
H 4.387862 -4.387862 0.000000
L 6.581793 -2.193931 -2.193931


-38.810000	144705330
10

D 0.000000 0.000000 0.000000
R 2.193931 2.193931 -2.193931
V 0.000000 0.000000 -4.387862
Y -2.193931 -2.193931 -6.581793
I -4.387862 0.000000 -4.387862
H -2.193931 2.193931 -6.581793
P 0.000000 4.387862 -4.387862
F -2.193931 2.193931 -2.193931
H -4.387862 0.000000 -0.000000
L -2.193931 -2.193931 -2.193931


-38.810000	244706330
10

D 0.000000 0.000000 0.000000
R 2.193931 2.193931 -2.193931
V 0.000000 0.000000 -4.387862
Y -2.193931 -2.193931 -6.581793
I 0.000000 -4.387862 -4.387862
H 2.193931 -2.193931 -6.581793
P 4.387862 0.000000 -4.387862
F 2.193931 -2.193931 -2.193931
H 0.000000 -4.387862 -0.000000
L -2.193931 -2.193931 -2.193931


-38.650000	035414710
10

D 0.000000 0.000000 0.000000
R 2.193931 2.193931 -2.193931
V 4.387862 0.000000 -4.387862
Y 6.581793 2.193931 -2.193931
I 4.387862 0.000000 0.000000
H 6.581793 -2.193931 -2.193931
P 4.387862 -4.387862 0.000000
F 2.193931 -2.193931 2.193931
H 0.000000 -4.387862 0.000000
L 2.193931 -2.193931 -2.193931


-38.650000	065414210
10

D 0.000000 0.000000 0.000000
R 2.193931 2.193931 -2.193931
V 4.387862 0.000000 -4.387862
Y 2.193931 2.193931 -6.581793
I 0.000000 0.000000 -4.387862
H 2.193931 -2.193931 -6.581793
P 0.000000 -4.387862 -4.387862
F -2.193931 -2.193931 -2.193931
H 0.000000 -4.387862 -0.000000
L 2.193931 -2.193931 -2.193931


-38.550000	477212430
10

D 0.000000 0.000000 0.000000
R 2.193931 2.193931 -2.193931
V 0.000000 0.000000 -4.387862
Y -2.193931 -2.193931 -2.193931
I -4.387862 0.000000 -4.387862
H -2.193931 -2.193931 -6.581793
P -4.387862 0.000000 -8.775724
F -2.193931 2.193931 -6.581793
H 0.000000 4.387862 -4.387862
L -2.193931 2.193931 -2.193931


-38.550000	477121430
10

D 0.000000 0.000000 0.000000
R 2.193931 2.193931 -2.193931
V 0.000000 0.000000 -4.387862
Y -2.193931 -2.193931 -2.193931
I 0.000000 -4.387862 -4.387862
H -2.193931 -2.193931 -6.581793
P 0.000000 -4.387862 -8.775724
F 2.193931 -2.193931 -6.581793
H 4.387862 0.000000 -4.387862
L 2.193931 -2.193931 -2.193931


-38.550000	500147410
10

D 0.000000 0.000000 0.000000
R 2.193931 2.193931 -2.193931
V 4.387862 0.000000 -4.387862
Y 2.193931 -2.193931 -2.193931
I 4.387862 0.000000 0.000000
H 2.193931 -2.193931 2.193931
P 4.387862 -4.387862 0.000000
F 6.581793 -2.193931 -2.193931
H 8.775724 0.000000 -4.387862
L 6.581793 2.193931 -2.193931


-38.550000	500142410
10

D 0.000000 0.000000 0.000000
R 2.193931 2.193931 -2.193931
V 4.387862 0.000000 -4.387862
Y 2.193931 -2.193931 -2.193931
I 0.000000 0.000000 -4.387862
H -2.193931 -2.193931 -2.193931
P 0.000000 -4.387862 -4.387862
F 2.193931 -2.193931 -6.581793
H 4.387862 0.000000 -8.775724
L 2.193931 2.193931 -6.581793


-38.550000	476021430
10

D 0.000000 0.000000 0.000000
R 2.193931 2.193931 -2.193931
V 0.000000 0.000000 -4.387862
Y -2.193931 -2.193931 -2.193931
I 0.000000 -4.387862 -4.387862
H -2.193931 -2.193931 -6.581793
P 0.000000 0.000000 -8.775724
F 2.193931 -2.193931 -6.581793
H 4.387862 0.000000 -4.387862
L 2.193931 -2.193931 -2.193931


-38.550000	475012430
10

D 0.000000 0.000000 0.000000
R 2.193931 2.193931 -2.193931
V 0.000000 0.000000 -4.387862
Y -2.193931 -2.193931 -2.193931
I -4.387862 0.000000 -4.387862
H -2.193931 -2.193931 -6.581793
P 0.000000 0.000000 -8.775724
F -2.193931 2.193931 -6.581793
H 0.000000 4.387862 -4.387862
L -2.193931 2.193931 -2.193931


-38.550000	720142410
10

D 0.000000 0.000000 0.000000
R 2.193931 2.193931 -2.193931
V 4.387862 0.000000 -4.387862
Y 2.193931 -2.193931 -2.193931
I 0.000000 0.000000 -4.387862
H -2.193931 -2.193931 -2.193931
P 0.000000 -4.387862 -4.387862
F 2.193931 -2.193931 -6.581793
H 0.000000 0.000000 -8.775724
L 2.193931 2.193931 -6.581793


-38.550000	270147410
10

D 0.000000 0.000000 0.000000
R 2.193931 2.193931 -2.193931
V 4.387862 0.000000 -4.387862
Y 2.193931 -2.193931 -2.193931
I 4.387862 0.000000 0.000000
H 2.193931 -2.193931 2.193931
P 4.387862 -4.387862 0.000000
F 6.581793 -2.193931 -2.193931
H 8.775724 0.000000 0.000000
L 6.581793 2.193931 -2.193931


-38.510000	123655030
10

D 0.000000 0.000000 0.000000
R 2.193931 2.193931 -2.193931
V 0.000000 0.000000 -4.387862
Y 2.193931 2.193931 -6.581793
I 0.000000 4.387862 -4.387862
H -2.193931 6.581793 -2.193931
P 0.000000 4.387862 -0.000000
F -2.193931 2.193931 -2.193931
H -4.387862 4.387862 -4.387862
L -2.193931 2.193931 -6.581793


-38.510000	213566030
10

D 0.000000 0.000000 0.000000
R 2.193931 2.193931 -2.193931
V 0.000000 0.000000 -4.387862
Y 2.193931 2.193931 -6.581793
I 4.387862 0.000000 -4.387862
H 6.581793 -2.193931 -2.193931
P 4.387862 0.000000 -0.000000
F 2.193931 -2.193931 -2.193931
H 4.387862 -4.387862 -4.387862
L 2.193931 -2.193931 -6.581793


-38.460000	742414710
10

D 0.000000 0.000000 0.000000
R 2.193931 2.193931 -2.193931
V 4.387862 0.000000 -4.387862
Y 6.581793 2.193931 -2.193931
I 4.387862 0.000000 0.000000
H 6.581793 -2.193931 -2.193931
P 4.387862 -4.387862 0.000000
F 2.193931 -2.193931 -2.193931
H 0.000000 -4.387862 0.000000
L 2.193931 -2.193931 2.193931


-38.460000	247414210
10

D 0.000000 0.000000 0.000000
R 2.193931 2.193931 -2.193931
V 4.387862 0.000000 -4.387862
Y 2.193931 2.193931 -6.581793
I 0.000000 0.000000 -4.387862
H 2.193931 -2.193931 -6.581793
P 0.000000 -4.387862 -4.387862
F 2.193931 -2.193931 -2.193931
H 0.000000 -4.387862 -0.000000
L -2.193931 -2.193931 -2.193931


-38.260000	035365610
10

D 0.000000 0.000000 0.000000
R 2.193931 2.193931 -2.193931
V 4.387862 0.000000 -4.387862
Y 6.581793 -2.193931 -2.193931
I 4.387862 0.000000 0.000000
H 6.581793 -2.193931 2.193931
P 4.387862 -4.387862 0.000000
F 2.193931 -2.193931 2.193931
H 0.000000 -4.387862 0.000000
L 2.193931 -2.193931 -2.193931


-38.260000	065635310
10

D 0.000000 0.000000 0.000000
R 2.193931 2.193931 -2.193931
V 4.387862 0.000000 -4.387862
Y 2.193931 -2.193931 -6.581793
I 0.000000 0.000000 -4.387862
H -2.193931 -2.193931 -6.581793
P 0.000000 -4.387862 -4.387862
F -2.193931 -2.193931 -2.193931
H 0.000000 -4.387862 -0.000000
L 2.193931 -2.193931 -2.193931


-38.240000	300742430
10

D 0.000000 0.000000 0.000000
R 2.193931 2.193931 -2.193931
V 0.000000 0.000000 -4.387862
Y -2.193931 -2.193931 -2.193931
I -4.387862 0.000000 -4.387862
H -6.581793 -2.193931 -2.193931
P -4.387862 0.000000 0.000000
F -2.193931 2.193931 -2.193931
H -0.000000 4.387862 -4.387862
L -2.193931 2.193931 -6.581793


-38.240000	300741430
10

D 0.000000 0.000000 0.000000
R 2.193931 2.193931 -2.193931
V 0.000000 0.000000 -4.387862
Y -2.193931 -2.193931 -2.193931
I 0.000000 -4.387862 -4.387862
H -2.193931 -6.581793 -2.193931
P 0.000000 -4.387862 0.000000
F 2.193931 -2.193931 -2.193931
H 4.387862 -0.000000 -4.387862
L 2.193931 -2.193931 -6.581793


