-68.525856	0130123102132103101	001011001001111000011011011000110
20

D 0.000000 0.000000 0.000000
A 2.193931 2.193931 -2.193931
Y 4.387862 0.000000 -4.387862
A 6.581793 2.193931 -6.581793
Q 4.387862 4.387862 -8.775724
W 2.193931 6.581793 -6.581793
L 0.000000 4.387862 -4.387862
K -2.193931 2.193931 -6.581793
D -4.387862 4.387862 -8.775724
G -2.193931 6.581793 -10.969655
G 0.000000 8.775724 -8.775724
P -2.193931 10.969655 -6.581793
S -4.387862 8.775724 -4.387862
S -2.193931 6.581793 -2.193931
G 0.000000 8.775724 -0.000000
R 2.193931 10.969655 -2.193931
P 4.387862 8.775724 -4.387862
P 6.581793 6.581793 -2.193931
P 4.387862 4.387862 -0.000000
S 2.193931 6.581793 2.193931


-68.525856	0120132103123102101	001001001011011000111001111000010
20

D 0.000000 0.000000 0.000000
A 2.193931 2.193931 -2.193931
Y 4.387862 0.000000 -4.387862
A 6.581793 2.193931 -6.581793
Q 8.775724 4.387862 -4.387862
W 6.581793 6.581793 -2.193931
L 4.387862 4.387862 -0.000000
K 6.581793 2.193931 2.193931
D 8.775724 4.387862 4.387862
G 10.969655 6.581793 2.193931
G 8.775724 8.775724 -0.000000
P 6.581793 10.969655 2.193931
S 4.387862 8.775724 4.387862
S 2.193931 6.581793 2.193931
G 0.000000 8.775724 -0.000000
R 2.193931 10.969655 -2.193931
P 4.387862 8.775724 -4.387862
P 2.193931 6.581793 -6.581793
P 0.000000 4.387862 -4.387862
S -2.193931 6.581793 -2.193931


-68.470680	1312010123103132101	101110010010001001111000111011010
20

D 0.000000 0.000000 0.000000
A 2.193931 2.193931 -2.193931
Y 4.387862 0.000000 -4.387862
A 6.581793 2.193931 -6.581793
Q 8.775724 4.387862 -4.387862
W 10.969655 2.193931 -2.193931
L 8.775724 0.000000 -0.000000
K 10.969655 -2.193931 2.193931
D 13.163586 -4.387862 -0.000000
G 15.357517 -2.193931 -2.193931
G 13.163586 0.000000 -4.387862
P 10.969655 -2.193931 -6.581793
S 8.775724 -4.387862 -4.387862
S 6.581793 -2.193931 -2.193931
G 4.387862 -4.387862 -0.000000
R 2.193931 -2.193931 2.193931
P 4.387862 0.000000 4.387862
P 6.581793 2.193931 2.193931
P 4.387862 4.387862 -0.000000
S 6.581793 6.581793 -2.193931


-68.470680	1213010132102123101	100110110010001011011000011001110
20

D 0.000000 0.000000 0.000000
A 2.193931 2.193931 -2.193931
Y 4.387862 0.000000 -4.387862
A 6.581793 2.193931 -6.581793
Q 4.387862 4.387862 -8.775724
W 2.193931 2.193931 -10.969655
L 0.000000 0.000000 -8.775724
K -2.193931 -2.193931 -10.969655
D 0.000000 -4.387862 -13.163586
G 2.193931 -2.193931 -15.357517
G 4.387862 0.000000 -13.163586
P 6.581793 -2.193931 -10.969655
S 4.387862 -4.387862 -8.775724
S 2.193931 -2.193931 -6.581793
G 0.000000 -4.387862 -4.387862
R -2.193931 -2.193931 -2.193931
P -4.387862 0.000000 -4.387862
P -2.193931 2.193931 -6.581793
P 0.000000 4.387862 -4.387862
S 2.193931 6.581793 -6.581793


-68.126389	1310313120130103101	101110001110111001001011001000110
20

D 0.000000 0.000000 0.000000
A 2.193931 2.193931 -2.193931
Y 4.387862 0.000000 -4.387862
A 6.581793 2.193931 -6.581793
Q 4.387862 4.387862 -8.775724
W 2.193931 6.581793 -6.581793
L 0.000000 4.387862 -4.387862
K -2.193931 6.581793 -2.193931
D -4.387862 8.775724 -4.387862
G -2.193931 10.969655 -6.581793
G 0.000000 8.775724 -8.775724
P -2.193931 6.581793 -10.969655
S -4.387862 4.387862 -8.775724
S -2.193931 2.193931 -6.581793
G -4.387862 0.000000 -4.387862
R -2.193931 -2.193931 -2.193931
P 0.000000 -4.387862 -4.387862
P 2.193931 -2.193931 -6.581793
P 0.000000 0.000000 -8.775724
S 2.193931 2.193931 -10.969655


-68.126389	1210212130120102101	100110000110011011001001001000010
20

D 0.000000 0.000000 0.000000
A 2.193931 2.193931 -2.193931
Y 4.387862 0.000000 -4.387862
A 6.581793 2.193931 -6.581793
Q 8.775724 4.387862 -4.387862
W 6.581793 6.581793 -2.193931
L 4.387862 4.387862 -0.000000
K 2.193931 6.581793 2.193931
D 4.387862 8.775724 4.387862
G 6.581793 10.969655 2.193931
G 8.775724 8.775724 -0.000000
P 10.969655 6.581793 2.193931
S 8.775724 4.387862 4.387862
S 6.581793 2.193931 2.193931
G 4.387862 0.000000 4.387862
R 2.193931 -2.193931 2.193931
P 4.387862 -4.387862 -0.000000
P 6.581793 -2.193931 -2.193931
P 8.775724 0.000000 -0.000000
S 10.969655 2.193931 -2.193931


-68.078824	0310323102132103101	001110001101111000011011011000110
20

D 0.000000 0.000000 0.000000
A 2.193931 2.193931 -2.193931
Y 4.387862 0.000000 -4.387862
A 6.581793 2.193931 -6.581793
Q 4.387862 4.387862 -8.775724
W 2.193931 6.581793 -6.581793
L 0.000000 4.387862 -4.387862
K -2.193931 2.193931 -6.581793
D -4.387862 4.387862 -8.775724
G -2.193931 6.581793 -10.969655
G 0.000000 8.775724 -8.775724
P -2.193931 10.969655 -6.581793
S -4.387862 8.775724 -4.387862
S -2.193931 6.581793 -2.193931
G 0.000000 8.775724 -0.000000
R 2.193931 6.581793 2.193931
P 4.387862 4.387862 -0.000000
P 6.581793 6.581793 -2.193931
P 4.387862 8.775724 -4.387862
S 2.193931 10.969655 -2.193931


-68.078824	0210232103123102101	000110000111011000111001111000010
20

D 0.000000 0.000000 0.000000
A 2.193931 2.193931 -2.193931
Y 4.387862 0.000000 -4.387862
A 6.581793 2.193931 -6.581793
Q 8.775724 4.387862 -4.387862
W 6.581793 6.581793 -2.193931
L 4.387862 4.387862 -0.000000
K 6.581793 2.193931 2.193931
D 8.775724 4.387862 4.387862
G 10.969655 6.581793 2.193931
G 8.775724 8.775724 -0.000000
P 6.581793 10.969655 2.193931
S 4.387862 8.775724 4.387862
S 2.193931 6.581793 2.193931
G 0.000000 8.775724 -0.000000
R -2.193931 6.581793 -2.193931
P 0.000000 4.387862 -4.387862
P 2.193931 6.581793 -6.581793
P 4.387862 8.775724 -4.387862
S 2.193931 10.969655 -2.193931


-66.865998	0312301320310321301	001110011100101101001110001101101
20

D 0.000000 0.000000 0.000000
A 2.193931 2.193931 -2.193931
Y 4.387862 0.000000 -4.387862
A 6.581793 -2.193931 -2.193931
Q 4.387862 -4.387862 0.000000
W 2.193931 -6.581793 -2.193931
L 0.000000 -4.387862 -4.387862
K -2.193931 -2.193931 -2.193931
D -4.387862 -4.387862 0.000000
G -2.193931 -6.581793 2.193931
G 0.000000 -8.775724 0.000000
P -2.193931 -10.969655 -2.193931
S -4.387862 -8.775724 -4.387862
S -2.193931 -6.581793 -6.581793
G 0.000000 -8.775724 -8.775724
R 2.193931 -10.969655 -6.581793
P 4.387862 -8.775724 -4.387862
P 6.581793 -6.581793 -6.581793
P 4.387862 -4.387862 -8.775724
S 2.193931 -2.193931 -6.581793


-66.188966	1302310321301321301	101100011110001101101100101101101
20

D 0.000000 0.000000 0.000000
A 2.193931 2.193931 -2.193931
Y 4.387862 0.000000 -4.387862
A 6.581793 -2.193931 -2.193931
Q 4.387862 -4.387862 0.000000
W 2.193931 -6.581793 -2.193931
L 0.000000 -4.387862 -4.387862
K 2.193931 -2.193931 -6.581793
D 4.387862 -4.387862 -8.775724
G 6.581793 -6.581793 -6.581793
G 4.387862 -8.775724 -4.387862
P 2.193931 -10.969655 -6.581793
S 0.000000 -8.775724 -8.775724
S -2.193931 -6.581793 -6.581793
G -4.387862 -8.775724 -4.387862
R -2.193931 -10.969655 -2.193931
P 0.000000 -8.775724 -0.000000
P -2.193931 -6.581793 2.193931
P -4.387862 -4.387862 -0.000000
S -2.193931 -2.193931 -2.193931


-65.226985	2031230102301302301	010011100111001000011100101100011
20

D 0.000000 0.000000 0.000000
A 2.193931 2.193931 -2.193931
Y 4.387862 0.000000 -4.387862
A 6.581793 -2.193931 -2.193931
Q 8.775724 0.000000 0.000000
W 6.581793 2.193931 2.193931
L 4.387862 4.387862 0.000000
K 6.581793 6.581793 -2.193931
D 8.775724 4.387862 -4.387862
G 10.969655 2.193931 -2.193931
G 13.163586 4.387862 0.000000
P 10.969655 6.581793 2.193931
S 8.775724 4.387862 4.387862
S 6.581793 6.581793 6.581793
G 4.387862 8.775724 4.387862
R 2.193931 6.581793 2.193931
P 0.000000 4.387862 4.387862
P 2.193931 2.193931 6.581793
P 4.387862 0.000000 4.387862
S 2.193931 -2.193931 2.193931


-65.217870	2103101232012103101	011000111000100111010010011000110
20

D 0.000000 0.000000 0.000000
A 2.193931 2.193931 -2.193931
Y 4.387862 0.000000 -4.387862
A 6.581793 2.193931 -6.581793
Q 4.387862 4.387862 -8.775724
W 2.193931 6.581793 -6.581793
L 0.000000 4.387862 -4.387862
K -2.193931 2.193931 -6.581793
D -4.387862 0.000000 -4.387862
G -6.581793 2.193931 -2.193931
G -4.387862 4.387862 -0.000000
P -2.193931 2.193931 2.193931
S 0.000000 4.387862 4.387862
S 2.193931 6.581793 2.193931
G 4.387862 4.387862 -0.000000
R 6.581793 6.581793 -2.193931
P 4.387862 8.775724 -4.387862
P 2.193931 10.969655 -2.193931
P 0.000000 8.775724 -0.000000
S -2.193931 6.581793 -2.193931


-65.217870	3102101323013102101	111000011000101101110010111000010
20

D 0.000000 0.000000 0.000000
A 2.193931 2.193931 -2.193931
Y 4.387862 0.000000 -4.387862
A 6.581793 2.193931 -6.581793
Q 8.775724 4.387862 -4.387862
W 6.581793 6.581793 -2.193931
L 4.387862 4.387862 -0.000000
K 6.581793 2.193931 2.193931
D 4.387862 0.000000 4.387862
G 2.193931 2.193931 6.581793
G 0.000000 4.387862 4.387862
P -2.193931 2.193931 2.193931
S -4.387862 4.387862 -0.000000
S -2.193931 6.581793 -2.193931
G 0.000000 4.387862 -4.387862
R 2.193931 6.581793 -6.581793
P 4.387862 8.775724 -4.387862
P 2.193931 10.969655 -2.193931
P 0.000000 8.775724 -0.000000
S 2.193931 6.581793 2.193931


-65.151582	2020312301321302301	010001001110011100101101101100011
20

D 0.000000 0.000000 0.000000
A 2.193931 2.193931 -2.193931
Y 4.387862 0.000000 -4.387862
A 6.581793 -2.193931 -2.193931
Q 8.775724 0.000000 0.000000
W 6.581793 2.193931 2.193931
L 4.387862 4.387862 0.000000
K 6.581793 6.581793 -2.193931
D 8.775724 8.775724 0.000000
G 10.969655 6.581793 2.193931
G 8.775724 4.387862 4.387862
P 6.581793 6.581793 6.581793
S 4.387862 8.775724 4.387862
S 2.193931 6.581793 2.193931
G 0.000000 4.387862 4.387862
R 2.193931 2.193931 6.581793
P 4.387862 0.000000 4.387862
P 2.193931 -2.193931 2.193931
P 4.387862 -4.387862 0.000000
S 2.193931 -6.581793 -2.193931


-65.151582	3020312301321302301	110001001110011100101101101100011
20

D 0.000000 0.000000 0.000000
A 2.193931 2.193931 -2.193931
Y 4.387862 0.000000 -4.387862
A 6.581793 -2.193931 -2.193931
Q 8.775724 0.000000 0.000000
W 6.581793 2.193931 2.193931
L 4.387862 4.387862 0.000000
K 6.581793 6.581793 -2.193931
D 8.775724 8.775724 0.000000
G 10.969655 6.581793 2.193931
G 8.775724 4.387862 4.387862
P 6.581793 6.581793 6.581793
S 4.387862 8.775724 4.387862
S 2.193931 6.581793 2.193931
G 0.000000 4.387862 4.387862
R 2.193931 2.193931 6.581793
P 4.387862 0.000000 4.387862
P 2.193931 -2.193931 2.193931
P 4.387862 -4.387862 0.000000
S 6.581793 -6.581793 2.193931


-64.916241	3201202303123102101	110100100100011100111001111000010
20

D 0.000000 0.000000 0.000000
A 2.193931 2.193931 -2.193931
Y 4.387862 0.000000 -4.387862
A 6.581793 2.193931 -6.581793
Q 8.775724 4.387862 -4.387862
W 6.581793 6.581793 -2.193931
L 4.387862 4.387862 -0.000000
K 6.581793 2.193931 2.193931
D 8.775724 4.387862 4.387862
G 10.969655 6.581793 2.193931
G 8.775724 8.775724 -0.000000
P 6.581793 10.969655 2.193931
S 4.387862 13.163586 -0.000000
S 2.193931 10.969655 -2.193931
G 4.387862 8.775724 -4.387862
R 2.193931 6.581793 -6.581793
P 0.000000 4.387862 -4.387862
P -2.193931 6.581793 -2.193931
P 0.000000 8.775724 -0.000000
S 2.193931 6.581793 2.193931


-64.916241	2301303202132103101	011100101100110100011011011000110
20

D 0.000000 0.000000 0.000000
A 2.193931 2.193931 -2.193931
Y 4.387862 0.000000 -4.387862
A 6.581793 2.193931 -6.581793
Q 4.387862 4.387862 -8.775724
W 2.193931 6.581793 -6.581793
L 0.000000 4.387862 -4.387862
K -2.193931 2.193931 -6.581793
D -4.387862 4.387862 -8.775724
G -2.193931 6.581793 -10.969655
G 0.000000 8.775724 -8.775724
P -2.193931 10.969655 -6.581793
S 0.000000 13.163586 -4.387862
S 2.193931 10.969655 -2.193931
G 4.387862 8.775724 -4.387862
R 6.581793 6.581793 -2.193931
P 4.387862 4.387862 -0.000000
P 2.193931 6.581793 2.193931
P 0.000000 8.775724 -0.000000
S -2.193931 6.581793 -2.193931


-64.691151	2120132103123102101	011001001011011000111001111000010
20

D 0.000000 0.000000 0.000000
A 2.193931 2.193931 -2.193931
Y 4.387862 0.000000 -4.387862
A 6.581793 2.193931 -6.581793
Q 8.775724 4.387862 -4.387862
W 6.581793 6.581793 -2.193931
L 4.387862 4.387862 -0.000000
K 6.581793 2.193931 2.193931
D 8.775724 4.387862 4.387862
G 10.969655 6.581793 2.193931
G 8.775724 8.775724 -0.000000
P 6.581793 10.969655 2.193931
S 4.387862 8.775724 4.387862
S 2.193931 6.581793 2.193931
G 0.000000 8.775724 -0.000000
R 2.193931 10.969655 -2.193931
P 4.387862 8.775724 -4.387862
P 2.193931 6.581793 -6.581793
P 0.000000 4.387862 -4.387862
S -2.193931 2.193931 -6.581793


-64.691151	3130123102132103101	111011001001111000011011011000110
20

D 0.000000 0.000000 0.000000
A 2.193931 2.193931 -2.193931
Y 4.387862 0.000000 -4.387862
A 6.581793 2.193931 -6.581793
Q 4.387862 4.387862 -8.775724
W 2.193931 6.581793 -6.581793
L 0.000000 4.387862 -4.387862
K -2.193931 2.193931 -6.581793
D -4.387862 4.387862 -8.775724
G -2.193931 6.581793 -10.969655
G 0.000000 8.775724 -8.775724
P -2.193931 10.969655 -6.581793
S -4.387862 8.775724 -4.387862
S -2.193931 6.581793 -2.193931
G 0.000000 8.775724 -0.000000
R 2.193931 10.969655 -2.193931
P 4.387862 8.775724 -4.387862
P 6.581793 6.581793 -2.193931
P 4.387862 4.387862 -0.000000
S 6.581793 2.193931 2.193931


-64.589374	2101301212012103101	011000101100100110010010011000110
20

D 0.000000 0.000000 0.000000
A 2.193931 2.193931 -2.193931
Y 4.387862 0.000000 -4.387862
A 6.581793 2.193931 -6.581793
Q 4.387862 4.387862 -8.775724
W 2.193931 6.581793 -6.581793
L 0.000000 4.387862 -4.387862
K -2.193931 2.193931 -6.581793
D -4.387862 0.000000 -4.387862
G -6.581793 2.193931 -2.193931
G -4.387862 4.387862 -0.000000
P -2.193931 6.581793 -2.193931
S 0.000000 8.775724 -0.000000
S 2.193931 10.969655 -2.193931
G 4.387862 8.775724 -4.387862
R 6.581793 6.581793 -2.193931
P 4.387862 4.387862 -0.000000
P 2.193931 6.581793 2.193931
P 0.000000 4.387862 4.387862
S -2.193931 2.193931 2.193931


-64.589374	3101201313013102101	111000100100101110110010111000010
20

D 0.000000 0.000000 0.000000
A 2.193931 2.193931 -2.193931
Y 4.387862 0.000000 -4.387862
A 6.581793 2.193931 -6.581793
Q 8.775724 4.387862 -4.387862
W 6.581793 6.581793 -2.193931
L 4.387862 4.387862 -0.000000
K 6.581793 2.193931 2.193931
D 4.387862 0.000000 4.387862
G 2.193931 2.193931 6.581793
G 0.000000 4.387862 4.387862
P 2.193931 6.581793 2.193931
S 0.000000 8.775724 -0.000000
S 2.193931 10.969655 -2.193931
G 4.387862 8.775724 -4.387862
R 2.193931 6.581793 -6.581793
P 0.000000 4.387862 -4.387862
P -2.193931 6.581793 -2.193931
P -4.387862 4.387862 -0.000000
S -2.193931 2.193931 2.193931


-64.578778	1303213030130321301	101100110110110011001011001101101
20

D 0.000000 0.000000 0.000000
A 2.193931 2.193931 -2.193931
Y 4.387862 0.000000 -4.387862
A 6.581793 -2.193931 -2.193931
Q 4.387862 -4.387862 0.000000
W 2.193931 -6.581793 -2.193931
L 0.000000 -4.387862 -4.387862
K -2.193931 -2.193931 -2.193931
D -4.387862 -0.000000 -4.387862
G -2.193931 2.193931 -6.581793
G 0.000000 -0.000000 -8.775724
P 2.193931 -2.193931 -6.581793
S 4.387862 -4.387862 -8.775724
S 6.581793 -6.581793 -6.581793
G 4.387862 -8.775724 -4.387862
R 2.193931 -10.969655 -6.581793
P 0.000000 -8.775724 -8.775724
P -2.193931 -6.581793 -6.581793
P -4.387862 -4.387862 -8.775724
S -2.193931 -2.193931 -10.969655


-64.392553	3132030321301312301	111011010011001101101100101110011
20

D 0.000000 0.000000 0.000000
A 2.193931 2.193931 -2.193931
Y 4.387862 0.000000 -4.387862
A 6.581793 -2.193931 -2.193931
Q 8.775724 0.000000 0.000000
W 10.969655 2.193931 -2.193931
L 8.775724 4.387862 -4.387862
K 10.969655 6.581793 -6.581793
D 13.163586 4.387862 -8.775724
G 15.357517 2.193931 -6.581793
G 13.163586 0.000000 -4.387862
P 10.969655 -2.193931 -6.581793
S 8.775724 0.000000 -8.775724
S 6.581793 2.193931 -6.581793
G 4.387862 4.387862 -8.775724
R 2.193931 6.581793 -6.581793
P 4.387862 8.775724 -4.387862
P 6.581793 6.581793 -2.193931
P 4.387862 4.387862 -0.000000
S 6.581793 2.193931 2.193931


-64.346116	0131301310210103101	001011101100101110000110001000110
20

D 0.000000 0.000000 0.000000
A 2.193931 2.193931 -2.193931
Y 4.387862 0.000000 -4.387862
A 6.581793 2.193931 -6.581793
Q 4.387862 4.387862 -8.775724
W 2.193931 6.581793 -6.581793
L 0.000000 4.387862 -4.387862
K -2.193931 6.581793 -2.193931
D -4.387862 4.387862 -0.000000
G -6.581793 2.193931 -2.193931
G -4.387862 0.000000 -4.387862
P -2.193931 2.193931 -6.581793
S -4.387862 4.387862 -8.775724
S -2.193931 6.581793 -10.969655
G 0.000000 4.387862 -13.163586
R 2.193931 2.193931 -10.969655
P 0.000000 0.000000 -8.775724
P 2.193931 -2.193931 -6.581793
P 0.000000 -4.387862 -4.387862
S -2.193931 -2.193931 -2.193931


-64.346116	0121201210310102101	001001100100100110001110001000010
20

D 0.000000 0.000000 0.000000
A 2.193931 2.193931 -2.193931
Y 4.387862 0.000000 -4.387862
A 6.581793 2.193931 -6.581793
Q 8.775724 4.387862 -4.387862
W 6.581793 6.581793 -2.193931
L 4.387862 4.387862 -0.000000
K 2.193931 6.581793 2.193931
D 0.000000 4.387862 4.387862
G 2.193931 2.193931 6.581793
G 4.387862 0.000000 4.387862
P 6.581793 2.193931 2.193931
S 8.775724 4.387862 4.387862
S 10.969655 6.581793 2.193931
G 13.163586 4.387862 -0.000000
R 10.969655 2.193931 -2.193931
P 8.775724 0.000000 -0.000000
P 6.581793 -2.193931 -2.193931
P 4.387862 -4.387862 -0.000000
S 2.193931 -2.193931 2.193931


-64.211559	2130320210230102101	011011001101000110000111001000010
20

D 0.000000 0.000000 0.000000
A 2.193931 2.193931 -2.193931
Y 4.387862 0.000000 -4.387862
A 6.581793 2.193931 -6.581793
Q 8.775724 4.387862 -4.387862
W 6.581793 6.581793 -2.193931
L 4.387862 4.387862 -0.000000
K 2.193931 6.581793 2.193931
D 0.000000 8.775724 -0.000000
G -2.193931 6.581793 -2.193931
G 0.000000 4.387862 -4.387862
P 2.193931 6.581793 -6.581793
S 4.387862 8.775724 -4.387862
S 2.193931 10.969655 -2.193931
G 4.387862 13.163586 -0.000000
R 6.581793 10.969655 2.193931
P 8.775724 8.775724 -0.000000
P 10.969655 6.581793 2.193931
P 8.775724 4.387862 4.387862
S 6.581793 2.193931 2.193931


-64.211559	3120230310320103101	111001000111001110001101001000110
20

D 0.000000 0.000000 0.000000
A 2.193931 2.193931 -2.193931
Y 4.387862 0.000000 -4.387862
A 6.581793 2.193931 -6.581793
Q 4.387862 4.387862 -8.775724
W 2.193931 6.581793 -6.581793
L 0.000000 4.387862 -4.387862
K -2.193931 6.581793 -2.193931
D 0.000000 8.775724 -0.000000
G 2.193931 6.581793 2.193931
G 4.387862 4.387862 -0.000000
P 6.581793 6.581793 -2.193931
S 4.387862 8.775724 -4.387862
S 2.193931 10.969655 -2.193931
G 0.000000 13.163586 -4.387862
R -2.193931 10.969655 -6.581793
P 0.000000 8.775724 -8.775724
P -2.193931 6.581793 -10.969655
P -4.387862 4.387862 -8.775724
S -2.193931 2.193931 -6.581793


-64.163727	0312303120130321301	001110011100111001001011001101101
20

D 0.000000 0.000000 0.000000
A 2.193931 2.193931 -2.193931
Y 4.387862 0.000000 -4.387862
A 6.581793 -2.193931 -2.193931
Q 4.387862 -4.387862 0.000000
W 2.193931 -6.581793 -2.193931
L 0.000000 -4.387862 -4.387862
K -2.193931 -2.193931 -2.193931
D -4.387862 -0.000000 -4.387862
G -2.193931 2.193931 -6.581793
G 0.000000 -0.000000 -8.775724
P -2.193931 -2.193931 -10.969655
S -4.387862 -4.387862 -8.775724
S -2.193931 -6.581793 -6.581793
G 0.000000 -8.775724 -8.775724
R 2.193931 -10.969655 -6.581793
P 4.387862 -8.775724 -4.387862
P 6.581793 -6.581793 -6.581793
P 4.387862 -4.387862 -8.775724
S 2.193931 -2.193931 -6.581793


-64.137706	0303123030230321301	001100111001110011000111001101101
20

D 0.000000 0.000000 0.000000
A 2.193931 2.193931 -2.193931
Y 4.387862 0.000000 -4.387862
A 6.581793 -2.193931 -2.193931
Q 4.387862 -4.387862 0.000000
W 2.193931 -6.581793 -2.193931
L 0.000000 -4.387862 -4.387862
K -2.193931 -2.193931 -2.193931
D -4.387862 -0.000000 -4.387862
G -6.581793 -2.193931 -6.581793
G -4.387862 -4.387862 -8.775724
P -2.193931 -6.581793 -6.581793
S 0.000000 -8.775724 -8.775724
S 2.193931 -10.969655 -6.581793
G 4.387862 -8.775724 -4.387862
R 6.581793 -6.581793 -6.581793
P 4.387862 -4.387862 -8.775724
P 2.193931 -2.193931 -6.581793
P 0.000000 -0.000000 -8.775724
S -2.193931 2.193931 -6.581793


-64.070345	0303213030130321301	001100110110110011001011001101101
20

D 0.000000 0.000000 0.000000
A 2.193931 2.193931 -2.193931
Y 4.387862 0.000000 -4.387862
A 6.581793 -2.193931 -2.193931
Q 4.387862 -4.387862 0.000000
W 2.193931 -6.581793 -2.193931
L 0.000000 -4.387862 -4.387862
K -2.193931 -2.193931 -2.193931
D -4.387862 -0.000000 -4.387862
G -2.193931 2.193931 -6.581793
G 0.000000 -0.000000 -8.775724
P 2.193931 -2.193931 -6.581793
S 4.387862 -4.387862 -8.775724
S 6.581793 -6.581793 -6.581793
G 4.387862 -8.775724 -4.387862
R 2.193931 -10.969655 -6.581793
P 0.000000 -8.775724 -8.775724
P -2.193931 -6.581793 -6.581793
P -4.387862 -4.387862 -8.775724
S -6.581793 -2.193931 -6.581793


-64.048262	3230232310320302301	110111000111011110001101001100011
20

D 0.000000 0.000000 0.000000
A 2.193931 2.193931 -2.193931
Y 4.387862 0.000000 -4.387862
A 6.581793 -2.193931 -2.193931
Q 8.775724 0.000000 0.000000
W 6.581793 2.193931 2.193931
L 4.387862 4.387862 0.000000
K 2.193931 6.581793 2.193931
D 4.387862 8.775724 4.387862
G 6.581793 6.581793 6.581793
G 8.775724 4.387862 4.387862
P 10.969655 6.581793 2.193931
S 8.775724 8.775724 0.000000
S 6.581793 6.581793 -2.193931
G 4.387862 8.775724 -4.387862
R 2.193931 6.581793 -6.581793
P 4.387862 4.387862 -8.775724
P 6.581793 2.193931 -6.581793
P 8.775724 4.387862 -4.387862
S 10.969655 2.193931 -2.193931


-63.968074	2031320103201302301	010011101101001000110100101100011
20

D 0.000000 0.000000 0.000000
A 2.193931 2.193931 -2.193931
Y 4.387862 0.000000 -4.387862
A 6.581793 -2.193931 -2.193931
Q 8.775724 0.000000 0.000000
W 6.581793 2.193931 2.193931
L 4.387862 4.387862 0.000000
K 6.581793 6.581793 -2.193931
D 8.775724 4.387862 -4.387862
G 6.581793 2.193931 -6.581793
G 4.387862 4.387862 -8.775724
P 2.193931 6.581793 -6.581793
S 0.000000 4.387862 -4.387862
S -2.193931 6.581793 -2.193931
G 0.000000 8.775724 -0.000000
R 2.193931 6.581793 2.193931
P 0.000000 4.387862 4.387862
P 2.193931 2.193931 6.581793
P 4.387862 0.000000 4.387862
S 2.193931 -2.193931 2.193931


-63.918818	0312010123103132101	001110010010001001111000111011010
20

D 0.000000 0.000000 0.000000
A 2.193931 2.193931 -2.193931
Y 4.387862 0.000000 -4.387862
A 6.581793 2.193931 -6.581793
Q 8.775724 4.387862 -4.387862
W 10.969655 2.193931 -2.193931
L 8.775724 0.000000 -0.000000
K 10.969655 -2.193931 2.193931
D 13.163586 -4.387862 -0.000000
G 15.357517 -2.193931 -2.193931
G 13.163586 0.000000 -4.387862
P 10.969655 -2.193931 -6.581793
S 8.775724 -4.387862 -4.387862
S 6.581793 -2.193931 -2.193931
G 4.387862 -4.387862 -0.000000
R 2.193931 -2.193931 2.193931
P 4.387862 0.000000 4.387862
P 6.581793 2.193931 2.193931
P 4.387862 4.387862 -0.000000
S 2.193931 6.581793 2.193931


-63.918818	0213010132102123101	000110110010001011011000011001110
20

D 0.000000 0.000000 0.000000
A 2.193931 2.193931 -2.193931
Y 4.387862 0.000000 -4.387862
A 6.581793 2.193931 -6.581793
Q 4.387862 4.387862 -8.775724
W 2.193931 2.193931 -10.969655
L 0.000000 0.000000 -8.775724
K -2.193931 -2.193931 -10.969655
D 0.000000 -4.387862 -13.163586
G 2.193931 -2.193931 -15.357517
G 4.387862 0.000000 -13.163586
P 6.581793 -2.193931 -10.969655
S 4.387862 -4.387862 -8.775724
S 2.193931 -2.193931 -6.581793
G 0.000000 -4.387862 -4.387862
R -2.193931 -2.193931 -2.193931
P -4.387862 0.000000 -4.387862
P -2.193931 2.193931 -6.581793
P 0.000000 4.387862 -4.387862
S -2.193931 6.581793 -2.193931


-63.732303	2102121020310102101	011000011001100001001110001000010
20

D 0.000000 0.000000 0.000000
A 2.193931 2.193931 -2.193931
Y 4.387862 0.000000 -4.387862
A 6.581793 2.193931 -6.581793
Q 8.775724 4.387862 -4.387862
W 6.581793 6.581793 -2.193931
L 4.387862 4.387862 -0.000000
K 2.193931 6.581793 2.193931
D 0.000000 4.387862 4.387862
G 2.193931 2.193931 6.581793
G 4.387862 0.000000 4.387862
P 2.193931 -2.193931 2.193931
S 4.387862 -4.387862 -0.000000
S 6.581793 -2.193931 -2.193931
G 8.775724 0.000000 -0.000000
R 10.969655 2.193931 -2.193931
P 13.163586 4.387862 -0.000000
P 10.969655 6.581793 2.193931
P 8.775724 4.387862 4.387862
S 6.581793 2.193931 2.193931


-63.732303	3103131030210103101	111000111011100011000110001000110
20

D 0.000000 0.000000 0.000000
A 2.193931 2.193931 -2.193931
Y 4.387862 0.000000 -4.387862
A 6.581793 2.193931 -6.581793
Q 4.387862 4.387862 -8.775724
W 2.193931 6.581793 -6.581793
L 0.000000 4.387862 -4.387862
K -2.193931 6.581793 -2.193931
D -4.387862 4.387862 -0.000000
G -6.581793 2.193931 -2.193931
G -4.387862 0.000000 -4.387862
P -2.193931 -2.193931 -2.193931
S 0.000000 -4.387862 -4.387862
S 2.193931 -2.193931 -6.581793
G 0.000000 0.000000 -8.775724
R 2.193931 2.193931 -10.969655
P 0.000000 4.387862 -13.163586
P -2.193931 6.581793 -10.969655
P -4.387862 4.387862 -8.775724
S -2.193931 2.193931 -6.581793


-63.694981	0313103130230103101	001110111000111011000111001000110
20

D 0.000000 0.000000 0.000000
A 2.193931 2.193931 -2.193931
Y 4.387862 0.000000 -4.387862
A 6.581793 2.193931 -6.581793
Q 4.387862 4.387862 -8.775724
W 2.193931 6.581793 -6.581793
L 0.000000 4.387862 -4.387862
K -2.193931 6.581793 -2.193931
D -4.387862 8.775724 -4.387862
G -6.581793 6.581793 -6.581793
G -4.387862 4.387862 -8.775724
P -2.193931 2.193931 -6.581793
S -4.387862 0.000000 -4.387862
S -2.193931 -2.193931 -2.193931
G 0.000000 -4.387862 -4.387862
R 2.193931 -2.193931 -6.581793
P 0.000000 0.000000 -8.775724
P 2.193931 2.193931 -10.969655
P 0.000000 4.387862 -13.163586
S -2.193931 6.581793 -10.969655


-63.694981	0212102120320102101	000110011000011001001101001000010
20

D 0.000000 0.000000 0.000000
A 2.193931 2.193931 -2.193931
Y 4.387862 0.000000 -4.387862
A 6.581793 2.193931 -6.581793
Q 8.775724 4.387862 -4.387862
W 6.581793 6.581793 -2.193931
L 4.387862 4.387862 -0.000000
K 2.193931 6.581793 2.193931
D 4.387862 8.775724 4.387862
G 6.581793 6.581793 6.581793
G 8.775724 4.387862 4.387862
P 6.581793 2.193931 2.193931
S 4.387862 0.000000 4.387862
S 2.193931 -2.193931 2.193931
G 4.387862 -4.387862 -0.000000
R 6.581793 -2.193931 -2.193931
P 8.775724 0.000000 -0.000000
P 10.969655 2.193931 -2.193931
P 13.163586 4.387862 -0.000000
S 10.969655 6.581793 2.193931


-63.534567	1301313020130103101	101100101110110001001011001000110
20

D 0.000000 0.000000 0.000000
A 2.193931 2.193931 -2.193931
Y 4.387862 0.000000 -4.387862
A 6.581793 2.193931 -6.581793
Q 4.387862 4.387862 -8.775724
W 2.193931 6.581793 -6.581793
L 0.000000 4.387862 -4.387862
K -2.193931 6.581793 -2.193931
D -4.387862 8.775724 -4.387862
G -2.193931 10.969655 -6.581793
G 0.000000 8.775724 -8.775724
P -2.193931 6.581793 -10.969655
S 0.000000 4.387862 -13.163586
S 2.193931 2.193931 -10.969655
G 0.000000 0.000000 -8.775724
R 2.193931 -2.193931 -6.581793
P 0.000000 -4.387862 -4.387862
P -2.193931 -2.193931 -2.193931
P -4.387862 0.000000 -4.387862
S -2.193931 2.193931 -6.581793


-63.534567	1201212030120102101	100100100110010011001001001000010
20

D 0.000000 0.000000 0.000000
A 2.193931 2.193931 -2.193931
Y 4.387862 0.000000 -4.387862
A 6.581793 2.193931 -6.581793
Q 8.775724 4.387862 -4.387862
W 6.581793 6.581793 -2.193931
L 4.387862 4.387862 -0.000000
K 2.193931 6.581793 2.193931
D 4.387862 8.775724 4.387862
G 6.581793 10.969655 2.193931
G 8.775724 8.775724 -0.000000
P 10.969655 6.581793 2.193931
S 13.163586 4.387862 -0.000000
S 10.969655 2.193931 -2.193931
G 8.775724 0.000000 -0.000000
R 6.581793 -2.193931 -2.193931
P 4.387862 -4.387862 -0.000000
P 2.193931 -2.193931 2.193931
P 4.387862 0.000000 4.387862
S 6.581793 2.193931 2.193931


-63.429907	1031013020130103101	100011100010110001001011001000110
20

D 0.000000 0.000000 0.000000
A 2.193931 2.193931 -2.193931
Y 4.387862 0.000000 -4.387862
A 6.581793 2.193931 -6.581793
Q 4.387862 4.387862 -8.775724
W 2.193931 6.581793 -6.581793
L 0.000000 4.387862 -4.387862
K -2.193931 6.581793 -2.193931
D -4.387862 8.775724 -4.387862
G -2.193931 10.969655 -6.581793
G 0.000000 8.775724 -8.775724
P -2.193931 6.581793 -10.969655
S 0.000000 4.387862 -13.163586
S 2.193931 2.193931 -10.969655
G 0.000000 0.000000 -8.775724
R -2.193931 2.193931 -6.581793
P -4.387862 0.000000 -4.387862
P -2.193931 -2.193931 -2.193931
P 0.000000 -4.387862 -4.387862
S 2.193931 -2.193931 -6.581793


-63.429907	1021012030120102101	100001100010010011001001001000010
20

D 0.000000 0.000000 0.000000
A 2.193931 2.193931 -2.193931
Y 4.387862 0.000000 -4.387862
A 6.581793 2.193931 -6.581793
Q 8.775724 4.387862 -4.387862
W 6.581793 6.581793 -2.193931
L 4.387862 4.387862 -0.000000
K 2.193931 6.581793 2.193931
D 4.387862 8.775724 4.387862
G 6.581793 10.969655 2.193931
G 8.775724 8.775724 -0.000000
P 10.969655 6.581793 2.193931
S 13.163586 4.387862 -0.000000
S 10.969655 2.193931 -2.193931
G 8.775724 0.000000 -0.000000
R 6.581793 2.193931 2.193931
P 4.387862 0.000000 4.387862
P 2.193931 -2.193931 2.193931
P 4.387862 -4.387862 -0.000000
S 6.581793 -2.193931 -2.193931


-63.415271	2303123030230321301	011100111001110011000111001101101
20

D 0.000000 0.000000 0.000000
A 2.193931 2.193931 -2.193931
Y 4.387862 0.000000 -4.387862
A 6.581793 -2.193931 -2.193931
Q 4.387862 -4.387862 0.000000
W 2.193931 -6.581793 -2.193931
L 0.000000 -4.387862 -4.387862
K -2.193931 -2.193931 -2.193931
D -4.387862 -0.000000 -4.387862
G -6.581793 -2.193931 -6.581793
G -4.387862 -4.387862 -8.775724
P -2.193931 -6.581793 -6.581793
S 0.000000 -8.775724 -8.775724
S 2.193931 -10.969655 -6.581793
G 4.387862 -8.775724 -4.387862
R 6.581793 -6.581793 -6.581793
P 4.387862 -4.387862 -8.775724
P 2.193931 -2.193931 -6.581793
P 0.000000 -0.000000 -8.775724
S -2.193931 -2.193931 -10.969655


-63.362263	2320323210230302301	011101001101110110000111001100011
20

D 0.000000 0.000000 0.000000
A 2.193931 2.193931 -2.193931
Y 4.387862 0.000000 -4.387862
A 6.581793 -2.193931 -2.193931
Q 8.775724 0.000000 0.000000
W 6.581793 2.193931 2.193931
L 4.387862 4.387862 0.000000
K 2.193931 6.581793 2.193931
D 0.000000 8.775724 0.000000
G -2.193931 6.581793 -2.193931
G 0.000000 4.387862 -4.387862
P 2.193931 6.581793 -6.581793
S 4.387862 8.775724 -4.387862
S 6.581793 6.581793 -2.193931
G 8.775724 8.775724 -0.000000
R 10.969655 6.581793 2.193931
P 13.163586 4.387862 -0.000000
P 10.969655 2.193931 -2.193931
P 8.775724 4.387862 -4.387862
S 6.581793 2.193931 -6.581793


-63.282694	1310323102132103101	101110001101111000011011011000110
20

D 0.000000 0.000000 0.000000
A 2.193931 2.193931 -2.193931
Y 4.387862 0.000000 -4.387862
A 6.581793 2.193931 -6.581793
Q 4.387862 4.387862 -8.775724
W 2.193931 6.581793 -6.581793
L 0.000000 4.387862 -4.387862
K -2.193931 2.193931 -6.581793
D -4.387862 4.387862 -8.775724
G -2.193931 6.581793 -10.969655
G 0.000000 8.775724 -8.775724
P -2.193931 10.969655 -6.581793
S -4.387862 8.775724 -4.387862
S -2.193931 6.581793 -2.193931
G 0.000000 8.775724 -0.000000
R 2.193931 6.581793 2.193931
P 4.387862 4.387862 -0.000000
P 6.581793 6.581793 -2.193931
P 4.387862 8.775724 -4.387862
S 6.581793 10.969655 -6.581793


-63.282694	1210232103123102101	100110000111011000111001111000010
20

D 0.000000 0.000000 0.000000
A 2.193931 2.193931 -2.193931
Y 4.387862 0.000000 -4.387862
A 6.581793 2.193931 -6.581793
Q 8.775724 4.387862 -4.387862
W 6.581793 6.581793 -2.193931
L 4.387862 4.387862 -0.000000
K 6.581793 2.193931 2.193931
D 8.775724 4.387862 4.387862
G 10.969655 6.581793 2.193931
G 8.775724 8.775724 -0.000000
P 6.581793 10.969655 2.193931
S 4.387862 8.775724 4.387862
S 2.193931 6.581793 2.193931
G 0.000000 8.775724 -0.000000
R -2.193931 6.581793 -2.193931
P 0.000000 4.387862 -4.387862
P 2.193931 6.581793 -6.581793
P 4.387862 8.775724 -4.387862
S 6.581793 10.969655 -6.581793


-63.168982	2012021020310102101	010010010001100001001110001000010
20

D 0.000000 0.000000 0.000000
A 2.193931 2.193931 -2.193931
Y 4.387862 0.000000 -4.387862
A 6.581793 2.193931 -6.581793
Q 8.775724 4.387862 -4.387862
W 6.581793 6.581793 -2.193931
L 4.387862 4.387862 -0.000000
K 2.193931 6.581793 2.193931
D 0.000000 4.387862 4.387862
G 2.193931 2.193931 6.581793
G 4.387862 0.000000 4.387862
P 2.193931 -2.193931 2.193931
S 4.387862 -4.387862 -0.000000
S 6.581793 -2.193931 -2.193931
G 8.775724 0.000000 -0.000000
R 6.581793 2.193931 2.193931
P 8.775724 4.387862 4.387862
P 10.969655 6.581793 2.193931
P 13.163586 4.387862 -0.000000
S 10.969655 2.193931 -2.193931


-63.168982	3013031030210103101	110010110011100011000110001000110
20

D 0.000000 0.000000 0.000000
A 2.193931 2.193931 -2.193931
Y 4.387862 0.000000 -4.387862
A 6.581793 2.193931 -6.581793
Q 4.387862 4.387862 -8.775724
W 2.193931 6.581793 -6.581793
L 0.000000 4.387862 -4.387862
K -2.193931 6.581793 -2.193931
D -4.387862 4.387862 -0.000000
G -6.581793 2.193931 -2.193931
G -4.387862 0.000000 -4.387862
P -2.193931 -2.193931 -2.193931
S 0.000000 -4.387862 -4.387862
S 2.193931 -2.193931 -6.581793
G 0.000000 0.000000 -8.775724
R -2.193931 2.193931 -6.581793
P -4.387862 4.387862 -8.775724
P -2.193931 6.581793 -10.969655
P 0.000000 4.387862 -13.163586
S 2.193931 2.193931 -10.969655


-63.113392	1231210303103201301	100111100110001100111000110100101
20

D 0.000000 0.000000 0.000000
A 2.193931 2.193931 -2.193931
Y 4.387862 0.000000 -4.387862
A 6.581793 -2.193931 -2.193931
Q 4.387862 -4.387862 0.000000
W 2.193931 -2.193931 2.193931
L 4.387862 0.000000 4.387862
K 6.581793 -2.193931 6.581793
D 8.775724 -4.387862 4.387862
G 10.969655 -2.193931 2.193931
G 8.775724 0.000000 0.000000
P 6.581793 2.193931 2.193931
S 4.387862 4.387862 0.000000
S 2.193931 6.581793 2.193931
G 0.000000 4.387862 4.387862
R -2.193931 2.193931 2.193931
P -4.387862 0.000000 4.387862
P -2.193931 -2.193931 6.581793
P 0.000000 0.000000 8.775724
S 2.193931 2.193931 6.581793


-63.028568	1312010310213132101	101110010010001110000110111011010
20

D 0.000000 0.000000 0.000000
A 2.193931 2.193931 -2.193931
Y 4.387862 0.000000 -4.387862
A 6.581793 2.193931 -6.581793
Q 8.775724 4.387862 -4.387862
W 10.969655 2.193931 -2.193931
L 8.775724 0.000000 -0.000000
K 10.969655 -2.193931 2.193931
D 8.775724 -4.387862 4.387862
G 6.581793 -6.581793 2.193931
G 8.775724 -8.775724 -0.000000
P 10.969655 -6.581793 -2.193931
S 8.775724 -4.387862 -4.387862
S 6.581793 -2.193931 -2.193931
G 4.387862 -4.387862 -0.000000
R 2.193931 -2.193931 2.193931
P 4.387862 -0.000000 4.387862
P 6.581793 2.193931 2.193931
P 4.387862 4.387862 -0.000000
S 6.581793 6.581793 -2.193931


-63.028568	1213010210312123101	100110110010000110001110011001110
20

D 0.000000 0.000000 0.000000
A 2.193931 2.193931 -2.193931
Y 4.387862 0.000000 -4.387862
A 6.581793 2.193931 -6.581793
Q 4.387862 4.387862 -8.775724
W 2.193931 2.193931 -10.969655
L 0.000000 0.000000 -8.775724
K -2.193931 -2.193931 -10.969655
D -4.387862 -4.387862 -8.775724
G -2.193931 -6.581793 -6.581793
G 0.000000 -8.775724 -8.775724
P 2.193931 -6.581793 -10.969655
S 4.387862 -4.387862 -8.775724
S 2.193931 -2.193931 -6.581793
G 0.000000 -4.387862 -4.387862
R -2.193931 -2.193931 -2.193931
P -4.387862 -0.000000 -4.387862
P -2.193931 2.193931 -6.581793
P 0.000000 4.387862 -4.387862
S 2.193931 6.581793 -6.581793


-63.024919	3123203210230302301	111001110100110110000111001100011
20

D 0.000000 0.000000 0.000000
A 2.193931 2.193931 -2.193931
Y 4.387862 0.000000 -4.387862
A 6.581793 -2.193931 -2.193931
Q 8.775724 0.000000 0.000000
W 6.581793 2.193931 2.193931
L 4.387862 4.387862 0.000000
K 2.193931 6.581793 2.193931
D 0.000000 8.775724 0.000000
G -2.193931 6.581793 -2.193931
G 0.000000 4.387862 -4.387862
P 2.193931 6.581793 -6.581793
S 4.387862 8.775724 -4.387862
S 6.581793 6.581793 -2.193931
G 8.775724 4.387862 -4.387862
R 6.581793 2.193931 -6.581793
P 4.387862 4.387862 -8.775724
P 2.193931 2.193931 -10.969655
P 0.000000 0.000000 -8.775724
S 2.193931 -2.193931 -6.581793


-62.892484	1310313013210103101	101110001110110010110110001000110
20

D 0.000000 0.000000 0.000000
A 2.193931 2.193931 -2.193931
Y 4.387862 0.000000 -4.387862
A 6.581793 2.193931 -6.581793
Q 4.387862 4.387862 -8.775724
W 2.193931 6.581793 -6.581793
L 0.000000 4.387862 -4.387862
K -2.193931 6.581793 -2.193931
D -4.387862 4.387862 -0.000000
G -6.581793 2.193931 -2.193931
G -8.775724 4.387862 -4.387862
P -6.581793 6.581793 -6.581793
S -4.387862 4.387862 -8.775724
S -2.193931 2.193931 -6.581793
G -4.387862 0.000000 -4.387862
R -2.193931 -2.193931 -2.193931
P 0.000000 -4.387862 -4.387862
P 2.193931 -2.193931 -6.581793
P 0.000000 0.000000 -8.775724
S 2.193931 2.193931 -10.969655


-62.892484	1210212012310102101	100110000110010010011110001000010
20

D 0.000000 0.000000 0.000000
A 2.193931 2.193931 -2.193931
Y 4.387862 0.000000 -4.387862
A 6.581793 2.193931 -6.581793
Q 8.775724 4.387862 -4.387862
W 6.581793 6.581793 -2.193931
L 4.387862 4.387862 -0.000000
K 2.193931 6.581793 2.193931
D 0.000000 4.387862 4.387862
G 2.193931 2.193931 6.581793
G 4.387862 4.387862 8.775724
P 6.581793 6.581793 6.581793
S 8.775724 4.387862 4.387862
S 6.581793 2.193931 2.193931
G 4.387862 0.000000 4.387862
R 2.193931 -2.193931 2.193931
P 4.387862 -4.387862 -0.000000
P 6.581793 -2.193931 -2.193931
P 8.775724 0.000000 -0.000000
S 10.969655 2.193931 -2.193931


-62.817002	3021032030130302301	110001100011010011001011001100011
20

D 0.000000 0.000000 0.000000
A 2.193931 2.193931 -2.193931
Y 4.387862 0.000000 -4.387862
A 6.581793 -2.193931 -2.193931
Q 8.775724 0.000000 0.000000
W 6.581793 2.193931 2.193931
L 4.387862 4.387862 0.000000
K 2.193931 6.581793 2.193931
D 0.000000 8.775724 0.000000
G 2.193931 10.969655 -2.193931
G 4.387862 8.775724 -4.387862
P 6.581793 6.581793 -2.193931
S 8.775724 4.387862 -4.387862
S 6.581793 2.193931 -6.581793
G 4.387862 4.387862 -8.775724
R 2.193931 6.581793 -6.581793
P 0.000000 4.387862 -4.387862
P -2.193931 2.193931 -6.581793
P 0.000000 0.000000 -8.775724
S 2.193931 -2.193931 -6.581793


-62.800713	2302321020230302301	011100011101100001000111001100011
20

D 0.000000 0.000000 0.000000
A 2.193931 2.193931 -2.193931
Y 4.387862 0.000000 -4.387862
A 6.581793 -2.193931 -2.193931
Q 8.775724 0.000000 0.000000
W 6.581793 2.193931 2.193931
L 4.387862 4.387862 0.000000
K 2.193931 6.581793 2.193931
D 0.000000 8.775724 0.000000
G -2.193931 6.581793 -2.193931
G 0.000000 4.387862 -4.387862
P -2.193931 2.193931 -6.581793
S 0.000000 0.000000 -8.775724
S 2.193931 2.193931 -10.969655
G 4.387862 4.387862 -8.775724
R 6.581793 2.193931 -6.581793
P 8.775724 4.387862 -4.387862
P 6.581793 6.581793 -2.193931
P 4.387862 8.775724 -4.387862
S 2.193931 6.581793 -6.581793


-62.789062	1031213202132123101	100011100110110100011011011001110
20

D 0.000000 0.000000 0.000000
A 2.193931 2.193931 -2.193931
Y 4.387862 0.000000 -4.387862
A 6.581793 2.193931 -6.581793
Q 4.387862 4.387862 -8.775724
W 2.193931 2.193931 -10.969655
L 0.000000 0.000000 -8.775724
K -2.193931 -2.193931 -10.969655
D -4.387862 0.000000 -13.163586
G -2.193931 2.193931 -15.357517
G 0.000000 4.387862 -13.163586
P -2.193931 6.581793 -10.969655
S 0.000000 8.775724 -8.775724
S 2.193931 6.581793 -6.581793
G 0.000000 4.387862 -4.387862
R -2.193931 2.193931 -6.581793
P -4.387862 0.000000 -4.387862
P -2.193931 -2.193931 -2.193931
P 0.000000 -4.387862 -4.387862
S 2.193931 -2.193931 -6.581793


-62.789062	1021312303123132101	100001101110011100111001111011010
20

D 0.000000 0.000000 0.000000
A 2.193931 2.193931 -2.193931
Y 4.387862 0.000000 -4.387862
A 6.581793 2.193931 -6.581793
Q 8.775724 4.387862 -4.387862
W 10.969655 2.193931 -2.193931
L 8.775724 0.000000 -0.000000
K 10.969655 -2.193931 2.193931
D 13.163586 0.000000 4.387862
G 15.357517 2.193931 2.193931
G 13.163586 4.387862 -0.000000
P 10.969655 6.581793 2.193931
S 8.775724 8.775724 -0.000000
S 6.581793 6.581793 -2.193931
G 4.387862 4.387862 -0.000000
R 6.581793 2.193931 2.193931
P 4.387862 0.000000 4.387862
P 2.193931 -2.193931 2.193931
P 4.387862 -4.387862 -0.000000
S 6.581793 -2.193931 -2.193931


-62.677433	1032310120130102101	100011011110001001001011001000010
20

D 0.000000 0.000000 0.000000
A 2.193931 2.193931 -2.193931
Y 4.387862 0.000000 -4.387862
A 6.581793 2.193931 -6.581793
Q 8.775724 4.387862 -4.387862
W 6.581793 6.581793 -2.193931
L 4.387862 4.387862 -0.000000
K 2.193931 6.581793 2.193931
D 0.000000 8.775724 -0.000000
G 2.193931 10.969655 -2.193931
G 4.387862 8.775724 -4.387862
P 2.193931 6.581793 -6.581793
S 0.000000 4.387862 -4.387862
S -2.193931 6.581793 -2.193931
G -4.387862 4.387862 -0.000000
R -2.193931 2.193931 2.193931
P 0.000000 4.387862 4.387862
P 2.193931 2.193931 6.581793
P 4.387862 0.000000 4.387862
S 6.581793 2.193931 2.193931


-62.677433	1023210130120103101	100001110110001011001001001000110
20

D 0.000000 0.000000 0.000000
A 2.193931 2.193931 -2.193931
Y 4.387862 0.000000 -4.387862
A 6.581793 2.193931 -6.581793
Q 4.387862 4.387862 -8.775724
W 2.193931 6.581793 -6.581793
L 0.000000 4.387862 -4.387862
K -2.193931 6.581793 -2.193931
D 0.000000 8.775724 -0.000000
G 2.193931 10.969655 -2.193931
G 4.387862 8.775724 -4.387862
P 6.581793 6.581793 -2.193931
S 4.387862 4.387862 -0.000000
S 2.193931 6.581793 2.193931
G 0.000000 4.387862 4.387862
R -2.193931 2.193931 2.193931
P -4.387862 4.387862 -0.000000
P -6.581793 2.193931 -2.193931
P -4.387862 0.000000 -4.387862
S -2.193931 2.193931 -6.581793


-62.668176	0130210202132120101	001011000110000100011011011001000
20

D 0.000000 0.000000 0.000000
A 2.193931 2.193931 -2.193931
Y 4.387862 0.000000 -4.387862
A 6.581793 2.193931 -6.581793
Q 8.775724 0.000000 -8.775724
W 6.581793 -2.193931 -10.969655
L 4.387862 -4.387862 -8.775724
K 2.193931 -6.581793 -10.969655
D 0.000000 -4.387862 -13.163586
G 2.193931 -2.193931 -15.357517
G 4.387862 -0.000000 -13.163586
P 2.193931 2.193931 -10.969655
S 4.387862 4.387862 -8.775724
S 2.193931 6.581793 -6.581793
G 0.000000 4.387862 -4.387862
R -2.193931 2.193931 -6.581793
P 0.000000 -0.000000 -8.775724
P 2.193931 -2.193931 -6.581793
P 0.000000 -4.387862 -4.387862
S -2.193931 -2.193931 -2.193931


-62.668176	0120310303123130101	001001001110001100111001111011000
20

D 0.000000 0.000000 0.000000
A 2.193931 2.193931 -2.193931
Y 4.387862 0.000000 -4.387862
A 6.581793 2.193931 -6.581793
Q 8.775724 0.000000 -8.775724
W 10.969655 -2.193931 -6.581793
L 8.775724 -4.387862 -4.387862
K 10.969655 -6.581793 -2.193931
D 13.163586 -4.387862 -0.000000
G 15.357517 -2.193931 -2.193931
G 13.163586 -0.000000 -4.387862
P 10.969655 2.193931 -2.193931
S 8.775724 4.387862 -4.387862
S 6.581793 6.581793 -2.193931
G 4.387862 4.387862 -0.000000
R 6.581793 2.193931 2.193931
P 8.775724 -0.000000 -0.000000
P 6.581793 -2.193931 -2.193931
P 4.387862 -4.387862 -0.000000
S 2.193931 -2.193931 2.193931


-62.635185	3021310303103201301	110001101110001100111000110100101
20

D 0.000000 0.000000 0.000000
A 2.193931 2.193931 -2.193931
Y 4.387862 0.000000 -4.387862
A 6.581793 -2.193931 -2.193931
Q 4.387862 -4.387862 0.000000
W 2.193931 -2.193931 2.193931
L 4.387862 0.000000 4.387862
K 6.581793 -2.193931 6.581793
D 8.775724 -4.387862 4.387862
G 10.969655 -2.193931 2.193931
G 8.775724 0.000000 0.000000
P 6.581793 2.193931 2.193931
S 4.387862 4.387862 0.000000
S 2.193931 6.581793 2.193931
G 0.000000 4.387862 4.387862
R 2.193931 2.193931 6.581793
P 0.000000 0.000000 8.775724
P -2.193931 -2.193931 6.581793
P 0.000000 -4.387862 4.387862
S 2.193931 -6.581793 6.581793


-62.629516	1201213030130201301	100100100110110011001011000100101
20

D 0.000000 0.000000 0.000000
A 2.193931 2.193931 -2.193931
Y 4.387862 0.000000 -4.387862
A 6.581793 -2.193931 -2.193931
Q 4.387862 -4.387862 0.000000
W 2.193931 -2.193931 2.193931
L 4.387862 0.000000 4.387862
K 2.193931 2.193931 6.581793
D 0.000000 4.387862 4.387862
G 2.193931 6.581793 2.193931
G 4.387862 4.387862 0.000000
P 6.581793 2.193931 2.193931
S 8.775724 0.000000 0.000000
S 10.969655 -2.193931 2.193931
G 8.775724 -4.387862 4.387862
R 6.581793 -6.581793 2.193931
P 4.387862 -8.775724 4.387862
P 2.193931 -6.581793 6.581793
P 4.387862 -4.387862 8.775724
S 6.581793 -2.193931 6.581793


-62.613102	3210212130120102101	110110000110011011001001001000010
20

D 0.000000 0.000000 0.000000
A 2.193931 2.193931 -2.193931
Y 4.387862 0.000000 -4.387862
A 6.581793 2.193931 -6.581793
Q 8.775724 4.387862 -4.387862
W 6.581793 6.581793 -2.193931
L 4.387862 4.387862 -0.000000
K 2.193931 6.581793 2.193931
D 4.387862 8.775724 4.387862
G 6.581793 10.969655 2.193931
G 8.775724 8.775724 -0.000000
P 10.969655 6.581793 2.193931
S 8.775724 4.387862 4.387862
S 6.581793 2.193931 2.193931
G 4.387862 0.000000 4.387862
R 2.193931 -2.193931 2.193931
P 4.387862 -4.387862 -0.000000
P 6.581793 -2.193931 -2.193931
P 8.775724 0.000000 -0.000000
S 10.969655 -2.193931 2.193931


-62.613102	2310313120130103101	011110001110111001001011001000110
20

D 0.000000 0.000000 0.000000
A 2.193931 2.193931 -2.193931
Y 4.387862 0.000000 -4.387862
A 6.581793 2.193931 -6.581793
Q 4.387862 4.387862 -8.775724
W 2.193931 6.581793 -6.581793
L 0.000000 4.387862 -4.387862
K -2.193931 6.581793 -2.193931
D -4.387862 8.775724 -4.387862
G -2.193931 10.969655 -6.581793
G 0.000000 8.775724 -8.775724
P -2.193931 6.581793 -10.969655
S -4.387862 4.387862 -8.775724
S -2.193931 2.193931 -6.581793
G -4.387862 0.000000 -4.387862
R -2.193931 -2.193931 -2.193931
P 0.000000 -4.387862 -4.387862
P 2.193931 -2.193931 -6.581793
P 0.000000 0.000000 -8.775724
S -2.193931 -2.193931 -10.969655


-62.486320	2101321010210132101	011000101101100010000110001011010
20

D 0.000000 0.000000 0.000000
A 2.193931 2.193931 -2.193931
Y 4.387862 0.000000 -4.387862
A 6.581793 2.193931 -6.581793
Q 8.775724 4.387862 -4.387862
W 10.969655 2.193931 -2.193931
L 8.775724 0.000000 -0.000000
K 6.581793 2.193931 2.193931
D 4.387862 0.000000 4.387862
G 2.193931 -2.193931 2.193931
G 4.387862 -4.387862 -0.000000
P 6.581793 -2.193931 -2.193931
S 8.775724 -4.387862 -4.387862
S 10.969655 -2.193931 -6.581793
G 13.163586 0.000000 -4.387862
R 15.357517 -2.193931 -2.193931
P 13.163586 -4.387862 -0.000000
P 10.969655 -2.193931 2.193931
P 8.775724 -4.387862 4.387862
S 6.581793 -6.581793 2.193931


-62.486320	3101231010310123101	111000100111100010001110001001110
20

D 0.000000 0.000000 0.000000
A 2.193931 2.193931 -2.193931
Y 4.387862 0.000000 -4.387862
A 6.581793 2.193931 -6.581793
Q 4.387862 4.387862 -8.775724
W 2.193931 2.193931 -10.969655
L 0.000000 0.000000 -8.775724
K -2.193931 2.193931 -6.581793
D -4.387862 0.000000 -4.387862
G -2.193931 -2.193931 -2.193931
G 0.000000 -4.387862 -4.387862
P 2.193931 -2.193931 -6.581793
S 4.387862 -4.387862 -8.775724
S 6.581793 -2.193931 -10.969655
G 4.387862 0.000000 -13.163586
R 2.193931 -2.193931 -15.357517
P 0.000000 -4.387862 -13.163586
P -2.193931 -2.193931 -10.969655
P -4.387862 -4.387862 -8.775724
S -2.193931 -6.581793 -6.581793


-62.479555	2130321312012132101	011011001101101110010010011011010
20

D 0.000000 0.000000 0.000000
A 2.193931 2.193931 -2.193931
Y 4.387862 0.000000 -4.387862
A 6.581793 2.193931 -6.581793
Q 8.775724 4.387862 -4.387862
W 10.969655 2.193931 -2.193931
L 8.775724 0.000000 -0.000000
K 6.581793 -2.193931 -2.193931
D 4.387862 -4.387862 -0.000000
G 2.193931 -2.193931 2.193931
G 4.387862 0.000000 4.387862
P 6.581793 2.193931 2.193931
S 4.387862 4.387862 -0.000000
S 6.581793 6.581793 -2.193931
G 8.775724 8.775724 -0.000000
R 10.969655 6.581793 2.193931
P 13.163586 4.387862 -0.000000
P 15.357517 2.193931 2.193931
P 13.163586 0.000000 4.387862
S 10.969655 -2.193931 2.193931


-62.479555	3120231213013123101	111001000111100110110010111001110
20

D 0.000000 0.000000 0.000000
A 2.193931 2.193931 -2.193931
Y 4.387862 0.000000 -4.387862
A 6.581793 2.193931 -6.581793
Q 4.387862 4.387862 -8.775724
W 2.193931 2.193931 -10.969655
L 0.000000 0.000000 -8.775724
K 2.193931 -2.193931 -6.581793
D 0.000000 -4.387862 -4.387862
G -2.193931 -2.193931 -2.193931
G -4.387862 0.000000 -4.387862
P -2.193931 2.193931 -6.581793
S 0.000000 4.387862 -4.387862
S 2.193931 6.581793 -6.581793
G 0.000000 8.775724 -8.775724
R -2.193931 6.581793 -10.969655
P 0.000000 4.387862 -13.163586
P -2.193931 2.193931 -15.357517
P -4.387862 0.000000 -13.163586
S -2.193931 -2.193931 -10.969655


-62.471536	1321310303103201301	101101101110001100111000110100101
20

D 0.000000 0.000000 0.000000
A 2.193931 2.193931 -2.193931
Y 4.387862 0.000000 -4.387862
A 6.581793 -2.193931 -2.193931
Q 4.387862 -4.387862 0.000000
W 2.193931 -2.193931 2.193931
L 4.387862 0.000000 4.387862
K 6.581793 -2.193931 6.581793
D 8.775724 -4.387862 4.387862
G 10.969655 -2.193931 2.193931
G 8.775724 0.000000 0.000000
P 6.581793 2.193931 2.193931
S 4.387862 4.387862 0.000000
S 2.193931 6.581793 2.193931
G 0.000000 4.387862 4.387862
R 2.193931 2.193931 6.581793
P 0.000000 0.000000 8.775724
P -2.193931 -2.193931 6.581793
P -4.387862 0.000000 4.387862
S -2.193931 2.193931 2.193931


-62.466320	1231210313123101301	100111100110001110111001111000101
20

D 0.000000 0.000000 0.000000
A 2.193931 2.193931 -2.193931
Y 4.387862 0.000000 -4.387862
A 6.581793 -2.193931 -2.193931
Q 4.387862 -4.387862 0.000000
W 2.193931 -2.193931 2.193931
L 0.000000 -4.387862 4.387862
K 2.193931 -6.581793 6.581793
D 4.387862 -4.387862 8.775724
G 6.581793 -2.193931 6.581793
G 4.387862 -0.000000 4.387862
P 6.581793 2.193931 2.193931
S 4.387862 4.387862 0.000000
S 2.193931 6.581793 2.193931
G 0.000000 4.387862 4.387862
R -2.193931 2.193931 2.193931
P -4.387862 -0.000000 4.387862
P -2.193931 -2.193931 6.581793
P 0.000000 -0.000000 8.775724
S 2.193931 2.193931 6.581793


-62.458301	1323021032012132101	101101110001100011010010011011010
20

D 0.000000 0.000000 0.000000
A 2.193931 2.193931 -2.193931
Y 4.387862 0.000000 -4.387862
A 6.581793 2.193931 -6.581793
Q 8.775724 4.387862 -4.387862
W 10.969655 2.193931 -2.193931
L 8.775724 0.000000 -0.000000
K 6.581793 -2.193931 -2.193931
D 4.387862 -4.387862 -0.000000
G 2.193931 -2.193931 2.193931
G 4.387862 0.000000 4.387862
P 6.581793 -2.193931 6.581793
S 8.775724 -4.387862 4.387862
S 10.969655 -2.193931 2.193931
G 13.163586 0.000000 4.387862
R 10.969655 2.193931 6.581793
P 8.775724 4.387862 4.387862
P 6.581793 2.193931 2.193931
P 4.387862 4.387862 -0.000000
S 6.581793 6.581793 -2.193931


-62.458301	1232031023013123101	100111010011100001110010111001110
20

D 0.000000 0.000000 0.000000
A 2.193931 2.193931 -2.193931
Y 4.387862 0.000000 -4.387862
A 6.581793 2.193931 -6.581793
Q 4.387862 4.387862 -8.775724
W 2.193931 2.193931 -10.969655
L 0.000000 0.000000 -8.775724
K 2.193931 -2.193931 -6.581793
D 0.000000 -4.387862 -4.387862
G -2.193931 -2.193931 -2.193931
G -4.387862 0.000000 -4.387862
P -6.581793 -2.193931 -6.581793
S -4.387862 -4.387862 -8.775724
S -2.193931 -2.193931 -10.969655
G -4.387862 0.000000 -13.163586
R -6.581793 2.193931 -10.969655
P -4.387862 4.387862 -8.775724
P -2.193931 2.193931 -6.581793
P 0.000000 4.387862 -4.387862
S 2.193931 6.581793 -6.581793


-62.455083	1301313010230103101	101100101110110010000111001000110
20

D 0.000000 0.000000 0.000000
A 2.193931 2.193931 -2.193931
Y 4.387862 0.000000 -4.387862
A 6.581793 2.193931 -6.581793
Q 4.387862 4.387862 -8.775724
W 2.193931 6.581793 -6.581793
L 0.000000 4.387862 -4.387862
K -2.193931 6.581793 -2.193931
D -4.387862 8.775724 -4.387862
G -6.581793 6.581793 -6.581793
G -4.387862 4.387862 -8.775724
P -2.193931 6.581793 -10.969655
S 0.000000 4.387862 -13.163586
S 2.193931 2.193931 -10.969655
G 0.000000 0.000000 -8.775724
R 2.193931 -2.193931 -6.581793
P 0.000000 -4.387862 -4.387862
P -2.193931 -2.193931 -2.193931
P -4.387862 0.000000 -4.387862
S -2.193931 2.193931 -6.581793


-62.455083	1201212010320102101	100100100110010010001101001000010
20

D 0.000000 0.000000 0.000000
A 2.193931 2.193931 -2.193931
Y 4.387862 0.000000 -4.387862
A 6.581793 2.193931 -6.581793
Q 8.775724 4.387862 -4.387862
W 6.581793 6.581793 -2.193931
L 4.387862 4.387862 -0.000000
K 2.193931 6.581793 2.193931
D 4.387862 8.775724 4.387862
G 6.581793 6.581793 6.581793
G 8.775724 4.387862 4.387862
P 10.969655 6.581793 2.193931
S 13.163586 4.387862 -0.000000
S 10.969655 2.193931 -2.193931
G 8.775724 0.000000 -0.000000
R 6.581793 -2.193931 -2.193931
P 4.387862 -4.387862 -0.000000
P 2.193931 -2.193931 2.193931
P 4.387862 0.000000 4.387862
S 6.581793 2.193931 2.193931


-62.449312	2032021020230302301	010011010001100001000111001100011
20

D 0.000000 0.000000 0.000000
A 2.193931 2.193931 -2.193931
Y 4.387862 0.000000 -4.387862
A 6.581793 -2.193931 -2.193931
Q 8.775724 0.000000 0.000000
W 6.581793 2.193931 2.193931
L 4.387862 4.387862 0.000000
K 2.193931 6.581793 2.193931
D 0.000000 8.775724 0.000000
G -2.193931 6.581793 -2.193931
G 0.000000 4.387862 -4.387862
P -2.193931 2.193931 -6.581793
S 0.000000 0.000000 -8.775724
S 2.193931 2.193931 -10.969655
G 4.387862 4.387862 -8.775724
R 2.193931 6.581793 -6.581793
P 4.387862 8.775724 -4.387862
P 6.581793 6.581793 -2.193931
P 8.775724 4.387862 -4.387862
S 6.581793 2.193931 -6.581793


-62.422115	3203231030320302301	110100110111100011001101001100011
20

D 0.000000 0.000000 0.000000
A 2.193931 2.193931 -2.193931
Y 4.387862 0.000000 -4.387862
A 6.581793 -2.193931 -2.193931
Q 8.775724 0.000000 0.000000
W 6.581793 2.193931 2.193931
L 4.387862 4.387862 0.000000
K 2.193931 6.581793 2.193931
D 4.387862 8.775724 4.387862
G 6.581793 6.581793 6.581793
G 8.775724 4.387862 4.387862
P 10.969655 2.193931 6.581793
S 13.163586 0.000000 4.387862
S 15.357517 2.193931 2.193931
G 13.163586 4.387862 0.000000
R 10.969655 2.193931 -2.193931
P 8.775724 4.387862 -4.387862
P 6.581793 6.581793 -2.193931
P 8.775724 8.775724 0.000000
S 10.969655 6.581793 2.193931


-62.422115	1301312010130103101	101100101110010010001011001000110
20

D 0.000000 0.000000 0.000000
A 2.193931 2.193931 -2.193931
Y 4.387862 0.000000 -4.387862
A 6.581793 2.193931 -6.581793
Q 4.387862 4.387862 -8.775724
W 2.193931 6.581793 -6.581793
L 0.000000 4.387862 -4.387862
K -2.193931 6.581793 -2.193931
D -4.387862 8.775724 -4.387862
G -2.193931 10.969655 -6.581793
G 0.000000 8.775724 -8.775724
P 2.193931 10.969655 -10.969655
S 4.387862 8.775724 -13.163586
S 2.193931 6.581793 -15.357517
G 0.000000 4.387862 -13.163586
R 2.193931 2.193931 -10.969655
P 0.000000 0.000000 -8.775724
P -2.193931 2.193931 -6.581793
P -4.387862 4.387862 -8.775724
S -2.193931 6.581793 -10.969655


-62.422115	1201213010120102101	100100100110110010001001001000010
20

D 0.000000 0.000000 0.000000
A 2.193931 2.193931 -2.193931
Y 4.387862 0.000000 -4.387862
A 6.581793 2.193931 -6.581793
Q 8.775724 4.387862 -4.387862
W 6.581793 6.581793 -2.193931
L 4.387862 4.387862 -0.000000
K 2.193931 6.581793 2.193931
D 4.387862 8.775724 4.387862
G 6.581793 10.969655 2.193931
G 8.775724 8.775724 -0.000000
P 10.969655 10.969655 -2.193931
S 13.163586 8.775724 -4.387862
S 15.357517 6.581793 -2.193931
G 13.163586 4.387862 -0.000000
R 10.969655 2.193931 -2.193931
P 8.775724 0.000000 -0.000000
P 6.581793 2.193931 2.193931
P 8.775724 4.387862 4.387862
S 10.969655 6.581793 2.193931


-62.413227	0312021020310102101	001110010001100001001110001000010
20

D 0.000000 0.000000 0.000000
A 2.193931 2.193931 -2.193931
Y 4.387862 0.000000 -4.387862
A 6.581793 2.193931 -6.581793
Q 8.775724 4.387862 -4.387862
W 6.581793 6.581793 -2.193931
L 4.387862 4.387862 -0.000000
K 2.193931 6.581793 2.193931
D 0.000000 4.387862 4.387862
G 2.193931 2.193931 6.581793
G 4.387862 0.000000 4.387862
P 2.193931 -2.193931 2.193931
S 4.387862 -4.387862 -0.000000
S 6.581793 -2.193931 -2.193931
G 8.775724 0.000000 -0.000000
R 6.581793 2.193931 2.193931
P 8.775724 4.387862 4.387862
P 10.969655 6.581793 2.193931
P 8.775724 8.775724 -0.000000
S 6.581793 10.969655 2.193931


-62.413227	0213031030210103101	000110110011100011000110001000110
20

D 0.000000 0.000000 0.000000
A 2.193931 2.193931 -2.193931
Y 4.387862 0.000000 -4.387862
A 6.581793 2.193931 -6.581793
Q 4.387862 4.387862 -8.775724
W 2.193931 6.581793 -6.581793
L 0.000000 4.387862 -4.387862
K -2.193931 6.581793 -2.193931
D -4.387862 4.387862 -0.000000
G -6.581793 2.193931 -2.193931
G -4.387862 0.000000 -4.387862
P -2.193931 -2.193931 -2.193931
S 0.000000 -4.387862 -4.387862
S 2.193931 -2.193931 -6.581793
G 0.000000 0.000000 -8.775724
R -2.193931 2.193931 -6.581793
P -4.387862 4.387862 -8.775724
P -2.193931 6.581793 -10.969655
P 0.000000 8.775724 -8.775724
S -2.193931 10.969655 -6.581793


-62.396360	0321013030130201301	001101100010110011001011000100101
20

D 0.000000 0.000000 0.000000
A 2.193931 2.193931 -2.193931
Y 4.387862 0.000000 -4.387862
A 6.581793 -2.193931 -2.193931
Q 4.387862 -4.387862 0.000000
W 2.193931 -2.193931 2.193931
L 4.387862 0.000000 4.387862
K 2.193931 2.193931 6.581793
D 0.000000 4.387862 4.387862
G 2.193931 6.581793 2.193931
G 4.387862 4.387862 0.000000
P 6.581793 2.193931 2.193931
S 8.775724 0.000000 0.000000
S 10.969655 -2.193931 2.193931
G 8.775724 -4.387862 4.387862
R 6.581793 -2.193931 6.581793
P 4.387862 -4.387862 8.775724
P 2.193931 -6.581793 6.581793
P 0.000000 -4.387862 4.387862
S -2.193931 -2.193931 6.581793


-62.375600	0321303210230321301	001101101100110110000111001101101
20

D 0.000000 0.000000 0.000000
A 2.193931 2.193931 -2.193931
Y 4.387862 0.000000 -4.387862
A 6.581793 -2.193931 -2.193931
Q 4.387862 -4.387862 0.000000
W 2.193931 -6.581793 -2.193931
L 0.000000 -4.387862 -4.387862
K -2.193931 -2.193931 -2.193931
D -4.387862 -0.000000 -4.387862
G -6.581793 -2.193931 -6.581793
G -4.387862 -4.387862 -8.775724
P -2.193931 -2.193931 -10.969655
S 0.000000 -0.000000 -8.775724
S 2.193931 -2.193931 -6.581793
G 4.387862 -4.387862 -8.775724
R 6.581793 -6.581793 -6.581793
P 4.387862 -8.775724 -4.387862
P 2.193931 -10.969655 -6.581793
P 0.000000 -8.775724 -8.775724
S -2.193931 -6.581793 -6.581793


-62.363125	1312032102302132101	101110010011011000011100011011010
20

D 0.000000 0.000000 0.000000
A 2.193931 2.193931 -2.193931
Y 4.387862 0.000000 -4.387862
A 6.581793 2.193931 -6.581793
Q 8.775724 4.387862 -4.387862
W 10.969655 2.193931 -2.193931
L 8.775724 0.000000 -0.000000
K 6.581793 -2.193931 -2.193931
D 8.775724 -4.387862 -4.387862
G 10.969655 -6.581793 -2.193931
G 13.163586 -4.387862 -0.000000
P 10.969655 -2.193931 2.193931
S 8.775724 -4.387862 4.387862
S 6.581793 -6.581793 2.193931
G 4.387862 -4.387862 -0.000000
R 2.193931 -2.193931 2.193931
P 4.387862 -0.000000 4.387862
P 6.581793 2.193931 2.193931
P 4.387862 4.387862 -0.000000
S 6.581793 6.581793 -2.193931


-62.363125	1213023103203123101	100110110001111000110100111001110
20

D 0.000000 0.000000 0.000000
A 2.193931 2.193931 -2.193931
Y 4.387862 0.000000 -4.387862
A 6.581793 2.193931 -6.581793
Q 4.387862 4.387862 -8.775724
W 2.193931 2.193931 -10.969655
L 0.000000 0.000000 -8.775724
K 2.193931 -2.193931 -6.581793
D 4.387862 -4.387862 -8.775724
G 2.193931 -6.581793 -10.969655
G 0.000000 -4.387862 -13.163586
P -2.193931 -2.193931 -10.969655
S -4.387862 -4.387862 -8.775724
S -2.193931 -6.581793 -6.581793
G 0.000000 -4.387862 -4.387862
R -2.193931 -2.193931 -2.193931
P -4.387862 -0.000000 -4.387862
P -2.193931 2.193931 -6.581793
P 0.000000 4.387862 -4.387862
S 2.193931 6.581793 -6.581793


-62.353227	0303101230210201301	001100111000100111000110000100101
20

D 0.000000 0.000000 0.000000
A 2.193931 2.193931 -2.193931
Y 4.387862 0.000000 -4.387862
A 6.581793 -2.193931 -2.193931
Q 4.387862 -4.387862 0.000000
W 2.193931 -2.193931 2.193931
L 4.387862 0.000000 4.387862
K 2.193931 2.193931 6.581793
D 0.000000 0.000000 8.775724
G -2.193931 -2.193931 6.581793
G 0.000000 -4.387862 4.387862
P 2.193931 -6.581793 6.581793
S 4.387862 -4.387862 8.775724
S 6.581793 -2.193931 6.581793
G 8.775724 -4.387862 4.387862
R 10.969655 -2.193931 2.193931
P 8.775724 -0.000000 0.000000
P 6.581793 2.193931 2.193931
P 4.387862 4.387862 0.000000
S 2.193931 6.581793 2.193931


-62.337660	1021013030130201301	100001100010110011001011000100101
20

D 0.000000 0.000000 0.000000
A 2.193931 2.193931 -2.193931
Y 4.387862 0.000000 -4.387862
A 6.581793 -2.193931 -2.193931
Q 4.387862 -4.387862 0.000000
W 2.193931 -2.193931 2.193931
L 4.387862 0.000000 4.387862
K 2.193931 2.193931 6.581793
D 0.000000 4.387862 4.387862
G 2.193931 6.581793 2.193931
G 4.387862 4.387862 0.000000
P 6.581793 2.193931 2.193931
S 8.775724 0.000000 0.000000
S 10.969655 -2.193931 2.193931
G 8.775724 -4.387862 4.387862
R 6.581793 -2.193931 6.581793
P 4.387862 -4.387862 8.775724
P 2.193931 -6.581793 6.581793
P 4.387862 -8.775724 4.387862
S 6.581793 -6.581793 2.193931


-62.310361	3030131203213201301	110011001011100100110110110100101
20

D 0.000000 0.000000 0.000000
A 2.193931 2.193931 -2.193931
Y 4.387862 0.000000 -4.387862
A 6.581793 -2.193931 -2.193931
Q 4.387862 -4.387862 0.000000
W 2.193931 -2.193931 2.193931
L 4.387862 0.000000 4.387862
K 6.581793 -2.193931 6.581793
D 4.387862 -4.387862 8.775724
G 2.193931 -6.581793 6.581793
G 0.000000 -4.387862 4.387862
P -2.193931 -2.193931 6.581793
S 0.000000 -0.000000 8.775724
S 2.193931 2.193931 6.581793
G 0.000000 4.387862 4.387862
R 2.193931 6.581793 2.193931
P 4.387862 4.387862 0.000000
P 6.581793 2.193931 2.193931
P 8.775724 -0.000000 0.000000
S 10.969655 -2.193931 2.193931


-62.261411	1231010313103121301	100111100010001110111000111001101
20

D 0.000000 0.000000 0.000000
A 2.193931 2.193931 -2.193931
Y 4.387862 0.000000 -4.387862
A 6.581793 -2.193931 -2.193931
Q 4.387862 -4.387862 0.000000
W 2.193931 -6.581793 -2.193931
L 0.000000 -8.775724 0.000000
K 2.193931 -10.969655 2.193931
D 4.387862 -13.163586 0.000000
G 6.581793 -10.969655 -2.193931
G 4.387862 -8.775724 -4.387862
P 6.581793 -6.581793 -6.581793
S 4.387862 -4.387862 -8.775724
S 2.193931 -2.193931 -6.581793
G 0.000000 -4.387862 -4.387862
R -2.193931 -2.193931 -2.193931
P -4.387862 -4.387862 -0.000000
P -2.193931 -6.581793 2.193931
P 0.000000 -4.387862 4.387862
S 2.193931 -2.193931 2.193931


-62.261411	1231010312102121301	100111100010001110011000011001101
20

D 0.000000 0.000000 0.000000
A 2.193931 2.193931 -2.193931
Y 4.387862 0.000000 -4.387862
A 6.581793 -2.193931 -2.193931
Q 4.387862 -4.387862 0.000000
W 2.193931 -6.581793 -2.193931
L 0.000000 -8.775724 0.000000
K -2.193931 -10.969655 -2.193931
D 0.000000 -13.163586 -4.387862
G 2.193931 -10.969655 -6.581793
G 4.387862 -8.775724 -4.387862
P 6.581793 -6.581793 -6.581793
S 4.387862 -4.387862 -8.775724
S 2.193931 -2.193931 -6.581793
G 0.000000 -4.387862 -4.387862
R -2.193931 -2.193931 -2.193931
P -4.387862 -4.387862 -0.000000
P -2.193931 -6.581793 2.193931
P 0.000000 -4.387862 4.387862
S 2.193931 -2.193931 2.193931


-62.189187	1031013010230103101	100011100010110010000111001000110
20

D 0.000000 0.000000 0.000000
A 2.193931 2.193931 -2.193931
Y 4.387862 0.000000 -4.387862
A 6.581793 2.193931 -6.581793
Q 4.387862 4.387862 -8.775724
W 2.193931 6.581793 -6.581793
L 0.000000 4.387862 -4.387862
K -2.193931 6.581793 -2.193931
D -4.387862 8.775724 -4.387862
G -6.581793 6.581793 -6.581793
G -4.387862 4.387862 -8.775724
P -2.193931 6.581793 -10.969655
S 0.000000 4.387862 -13.163586
S 2.193931 2.193931 -10.969655
G 0.000000 0.000000 -8.775724
R -2.193931 2.193931 -6.581793
P -4.387862 0.000000 -4.387862
P -2.193931 -2.193931 -2.193931
P 0.000000 -4.387862 -4.387862
S 2.193931 -2.193931 -6.581793


-62.189187	1021012010320102101	100001100010010010001101001000010
20

D 0.000000 0.000000 0.000000
A 2.193931 2.193931 -2.193931
Y 4.387862 0.000000 -4.387862
A 6.581793 2.193931 -6.581793
Q 8.775724 4.387862 -4.387862
W 6.581793 6.581793 -2.193931
L 4.387862 4.387862 -0.000000
K 2.193931 6.581793 2.193931
D 4.387862 8.775724 4.387862
G 6.581793 6.581793 6.581793
G 8.775724 4.387862 4.387862
P 10.969655 6.581793 2.193931
S 13.163586 4.387862 -0.000000
S 10.969655 2.193931 -2.193931
G 8.775724 0.000000 -0.000000
R 6.581793 2.193931 2.193931
P 4.387862 0.000000 4.387862
P 2.193931 -2.193931 2.193931
P 4.387862 -4.387862 -0.000000
S 6.581793 -2.193931 -2.193931


-62.178403	1201213010120101301	100100100110110010001001001000101
20

D 0.000000 0.000000 0.000000
A 2.193931 2.193931 -2.193931
Y 4.387862 0.000000 -4.387862
A 6.581793 -2.193931 -2.193931
Q 4.387862 -4.387862 0.000000
W 2.193931 -2.193931 2.193931
L 0.000000 -4.387862 4.387862
K -2.193931 -2.193931 6.581793
D 0.000000 0.000000 8.775724
G 2.193931 2.193931 6.581793
G 4.387862 0.000000 4.387862
P 6.581793 2.193931 2.193931
S 8.775724 0.000000 0.000000
S 10.969655 -2.193931 2.193931
G 8.775724 -4.387862 4.387862
R 6.581793 -6.581793 2.193931
P 4.387862 -8.775724 4.387862
P 2.193931 -6.581793 6.581793
P 4.387862 -4.387862 8.775724
S 6.581793 -2.193931 6.581793


-62.153165	3202102323023102101	110100011000011101110001111000010
20

D 0.000000 0.000000 0.000000
A 2.193931 2.193931 -2.193931
Y 4.387862 0.000000 -4.387862
A 6.581793 2.193931 -6.581793
Q 8.775724 4.387862 -4.387862
W 6.581793 6.581793 -2.193931
L 4.387862 4.387862 -0.000000
K 6.581793 2.193931 2.193931
D 8.775724 4.387862 4.387862
G 6.581793 6.581793 6.581793
G 4.387862 8.775724 4.387862
P 2.193931 6.581793 2.193931
S 0.000000 8.775724 -0.000000
S -2.193931 6.581793 -2.193931
G 0.000000 4.387862 -4.387862
R 2.193931 6.581793 -6.581793
P 4.387862 8.775724 -4.387862
P 2.193931 10.969655 -2.193931
P 4.387862 13.163586 -0.000000
S 6.581793 10.969655 2.193931


-62.153165	2303103232032103101	011100111000110111010011011000110
20

D 0.000000 0.000000 0.000000
A 2.193931 2.193931 -2.193931
Y 4.387862 0.000000 -4.387862
A 6.581793 2.193931 -6.581793
Q 4.387862 4.387862 -8.775724
W 2.193931 6.581793 -6.581793
L 0.000000 4.387862 -4.387862
K -2.193931 2.193931 -6.581793
D -4.387862 4.387862 -8.775724
G -6.581793 6.581793 -6.581793
G -4.387862 8.775724 -4.387862
P -2.193931 6.581793 -2.193931
S 0.000000 8.775724 -0.000000
S 2.193931 6.581793 2.193931
G 4.387862 4.387862 -0.000000
R 6.581793 6.581793 -2.193931
P 4.387862 8.775724 -4.387862
P 2.193931 10.969655 -2.193931
P 0.000000 13.163586 -4.387862
S -2.193931 10.969655 -6.581793


-62.140713	1031012010130103101	100011100010010010001011001000110
20

D 0.000000 0.000000 0.000000
A 2.193931 2.193931 -2.193931
Y 4.387862 0.000000 -4.387862
A 6.581793 2.193931 -6.581793
Q 4.387862 4.387862 -8.775724
W 2.193931 6.581793 -6.581793
L 0.000000 4.387862 -4.387862
K -2.193931 6.581793 -2.193931
D -4.387862 8.775724 -4.387862
G -2.193931 10.969655 -6.581793
G 0.000000 8.775724 -8.775724
P 2.193931 10.969655 -10.969655
S 4.387862 8.775724 -13.163586
S 2.193931 6.581793 -15.357517
G 0.000000 4.387862 -13.163586
R -2.193931 6.581793 -10.969655
P -4.387862 4.387862 -8.775724
P -2.193931 2.193931 -6.581793
P 0.000000 0.000000 -8.775724
S 2.193931 2.193931 -10.969655


-62.140713	1021013010120102101	100001100010110010001001001000010
20

D 0.000000 0.000000 0.000000
A 2.193931 2.193931 -2.193931
Y 4.387862 0.000000 -4.387862
A 6.581793 2.193931 -6.581793
Q 8.775724 4.387862 -4.387862
W 6.581793 6.581793 -2.193931
L 4.387862 4.387862 -0.000000
K 2.193931 6.581793 2.193931
D 4.387862 8.775724 4.387862
G 6.581793 10.969655 2.193931
G 8.775724 8.775724 -0.000000
P 10.969655 10.969655 -2.193931
S 13.163586 8.775724 -4.387862
S 15.357517 6.581793 -2.193931
G 13.163586 4.387862 -0.000000
R 10.969655 6.581793 2.193931
P 8.775724 4.387862 4.387862
P 6.581793 2.193931 2.193931
P 8.775724 0.000000 -0.000000
S 10.969655 2.193931 -2.193931


-62.140713	3023031030320302301	110001110011100011001101001100011
20

D 0.000000 0.000000 0.000000
A 2.193931 2.193931 -2.193931
Y 4.387862 0.000000 -4.387862
A 6.581793 -2.193931 -2.193931
Q 8.775724 0.000000 0.000000
W 6.581793 2.193931 2.193931
L 4.387862 4.387862 0.000000
K 2.193931 6.581793 2.193931
D 4.387862 8.775724 4.387862
G 6.581793 6.581793 6.581793
G 8.775724 4.387862 4.387862
P 10.969655 2.193931 6.581793
S 13.163586 0.000000 4.387862
S 15.357517 2.193931 2.193931
G 13.163586 4.387862 0.000000
R 10.969655 6.581793 2.193931
P 8.775724 8.775724 0.000000
P 6.581793 6.581793 -2.193931
P 8.775724 4.387862 -4.387862
S 10.969655 2.193931 -2.193931


-62.095889	0131321023120103101	001011101101100001111001001000110
20

D 0.000000 0.000000 0.000000
A 2.193931 2.193931 -2.193931
Y 4.387862 0.000000 -4.387862
A 6.581793 2.193931 -6.581793
Q 4.387862 4.387862 -8.775724
W 2.193931 6.581793 -6.581793
L 0.000000 4.387862 -4.387862
K -2.193931 6.581793 -2.193931
D 0.000000 8.775724 -0.000000
G 2.193931 10.969655 -2.193931
G 0.000000 13.163586 -4.387862
P -2.193931 10.969655 -6.581793
S 0.000000 8.775724 -8.775724
S 2.193931 10.969655 -10.969655
G 4.387862 13.163586 -8.775724
R 6.581793 10.969655 -6.581793
P 4.387862 8.775724 -4.387862
P 6.581793 6.581793 -2.193931
P 4.387862 4.387862 -0.000000
S 2.193931 6.581793 2.193931


