-149.849145	9480a3274ba0
13

I 0.000000 0.000000 0.000000
F 2.687006 2.687006 0.000000
G 0.000000 2.687006 -2.687006
A -2.687006 2.687006 0.000000
I 0.000000 2.687006 2.687006
A 2.687006 0.000000 2.687006
G 2.687006 2.687006 5.374012
F 2.687006 5.374012 2.687006
I 0.000000 5.374012 0.000000
K 2.687006 8.061017 0.000000
N 2.687006 5.374012 -2.687006
I 5.374012 5.374012 0.000000
W 5.374012 2.687006 2.687006


-149.849145	a3b073279ba0
13

I 0.000000 0.000000 0.000000
F 2.687006 2.687006 0.000000
G 0.000000 2.687006 -2.687006
A -2.687006 2.687006 0.000000
I -2.687006 0.000000 2.687006
A 0.000000 -2.687006 2.687006
G 0.000000 0.000000 5.374012
F 0.000000 2.687006 2.687006
I 2.687006 0.000000 2.687006
K 5.374012 2.687006 2.687006
N 2.687006 2.687006 5.374012
I 2.687006 5.374012 2.687006
W 0.000000 5.374012 0.000000


-149.849145	873412975610
13

I 0.000000 0.000000 0.000000
F 2.687006 2.687006 0.000000
G 0.000000 5.374012 0.000000
A -2.687006 2.687006 0.000000
I 0.000000 2.687006 -2.687006
A 2.687006 0.000000 -2.687006
G 2.687006 -2.687006 0.000000
F 2.687006 0.000000 2.687006
I 0.000000 2.687006 2.687006
K 2.687006 2.687006 5.374012
N 2.687006 5.374012 2.687006
I 5.374012 2.687006 2.687006
W 5.374012 0.000000 0.000000


-149.849145	972513874610
13

I 0.000000 0.000000 0.000000
F 2.687006 2.687006 0.000000
G 0.000000 5.374012 0.000000
A -2.687006 2.687006 0.000000
I 0.000000 2.687006 2.687006
A 2.687006 0.000000 2.687006
G 2.687006 -2.687006 0.000000
F 2.687006 0.000000 -2.687006
I 0.000000 2.687006 -2.687006
K 2.687006 2.687006 -5.374012
N 2.687006 5.374012 -2.687006
I 5.374012 2.687006 -2.687006
W 5.374012 0.000000 0.000000


-149.589145	2725138b6540
13

I 0.000000 0.000000 0.000000
F 2.687006 2.687006 0.000000
G 5.374012 2.687006 2.687006
A 8.061017 2.687006 0.000000
I 5.374012 0.000000 0.000000
A 2.687006 0.000000 2.687006
G 2.687006 -2.687006 0.000000
F 2.687006 0.000000 -2.687006
I 0.000000 2.687006 -2.687006
K 2.687006 2.687006 -5.374012
N 2.687006 5.374012 -2.687006
I 5.374012 2.687006 -2.687006
W 5.374012 5.374012 0.000000


-149.589145	b3b077620ba0
13

I 0.000000 0.000000 0.000000
F 2.687006 2.687006 0.000000
G 0.000000 2.687006 -2.687006
A -2.687006 2.687006 0.000000
I 0.000000 5.374012 0.000000
A 0.000000 8.061017 2.687006
G -2.687006 5.374012 2.687006
F 0.000000 2.687006 2.687006
I 2.687006 0.000000 2.687006
K 5.374012 2.687006 2.687006
N 2.687006 2.687006 5.374012
I 2.687006 5.374012 2.687006
W 0.000000 5.374012 5.374012


-149.572074	041674b8a140
13

I 0.000000 0.000000 0.000000
F 2.687006 2.687006 0.000000
G 5.374012 2.687006 2.687006
A 2.687006 5.374012 2.687006
I 0.000000 5.374012 0.000000
A 0.000000 2.687006 -2.687006
G -2.687006 2.687006 0.000000
F 0.000000 2.687006 2.687006
I 2.687006 0.000000 2.687006
K 0.000000 -2.687006 2.687006
N -2.687006 0.000000 2.687006
I 0.000000 0.000000 5.374012
W 2.687006 2.687006 5.374012


-149.572074	1a08746a3b40
13

I 0.000000 0.000000 0.000000
F 2.687006 2.687006 0.000000
G 5.374012 2.687006 2.687006
A 2.687006 2.687006 5.374012
I 2.687006 5.374012 2.687006
A 0.000000 5.374012 0.000000
G -2.687006 2.687006 0.000000
F 0.000000 2.687006 2.687006
I 2.687006 0.000000 2.687006
K 2.687006 -2.687006 0.000000
N 5.374012 0.000000 0.000000
I 2.687006 0.000000 -2.687006
W 0.000000 2.687006 -2.687006


-149.572074	3a267ab742a0
13

I 0.000000 0.000000 0.000000
F 2.687006 2.687006 0.000000
G 0.000000 2.687006 -2.687006
A 0.000000 5.374012 0.000000
I 2.687006 5.374012 2.687006
A 5.374012 2.687006 2.687006
G 2.687006 2.687006 5.374012
F 0.000000 2.687006 2.687006
I 2.687006 0.000000 2.687006
K 0.000000 -2.687006 2.687006
N 0.000000 0.000000 5.374012
I -2.687006 0.000000 2.687006
W -2.687006 2.687006 0.000000


-149.572074	24387a940ba0
13

I 0.000000 0.000000 0.000000
F 2.687006 2.687006 0.000000
G 0.000000 2.687006 -2.687006
A -2.687006 2.687006 0.000000
I 0.000000 5.374012 0.000000
A 2.687006 5.374012 2.687006
G 2.687006 2.687006 5.374012
F 0.000000 2.687006 2.687006
I 2.687006 0.000000 2.687006
K 2.687006 -2.687006 0.000000
N 2.687006 0.000000 -2.687006
I 5.374012 0.000000 0.000000
W 5.374012 2.687006 2.687006


-149.508642	7ba750a69100
13

I 0.000000 0.000000 0.000000
F 2.687006 2.687006 0.000000
G 5.374012 5.374012 0.000000
A 2.687006 8.061017 0.000000
I 2.687006 5.374012 2.687006
A 0.000000 2.687006 2.687006
G -2.687006 2.687006 0.000000
F 0.000000 5.374012 0.000000
I 2.687006 5.374012 -2.687006
K 5.374012 2.687006 -2.687006
N 2.687006 2.687006 -5.374012
I 0.000000 2.687006 -2.687006
W 2.687006 0.000000 -2.687006


-149.508642	7ab740b68100
13

I 0.000000 0.000000 0.000000
F 2.687006 2.687006 0.000000
G 5.374012 5.374012 0.000000
A 2.687006 8.061017 0.000000
I 2.687006 5.374012 -2.687006
A 0.000000 2.687006 -2.687006
G -2.687006 2.687006 0.000000
F 0.000000 5.374012 0.000000
I 2.687006 5.374012 2.687006
K 5.374012 2.687006 2.687006
N 2.687006 2.687006 5.374012
I 0.000000 2.687006 2.687006
W 2.687006 0.000000 2.687006


-149.508642	19813086b700
13

I 0.000000 0.000000 0.000000
F 2.687006 2.687006 0.000000
G 5.374012 5.374012 0.000000
A 8.061017 2.687006 0.000000
I 5.374012 2.687006 2.687006
A 2.687006 0.000000 2.687006
G 2.687006 -2.687006 0.000000
F 5.374012 0.000000 0.000000
I 5.374012 2.687006 -2.687006
K 2.687006 5.374012 -2.687006
N 2.687006 2.687006 -5.374012
I 2.687006 0.000000 -2.687006
W 0.000000 2.687006 -2.687006


-149.508642	18912096a700
13

I 0.000000 0.000000 0.000000
F 2.687006 2.687006 0.000000
G 5.374012 5.374012 0.000000
A 8.061017 2.687006 0.000000
I 5.374012 2.687006 -2.687006
A 2.687006 0.000000 -2.687006
G 2.687006 -2.687006 0.000000
F 5.374012 0.000000 0.000000
I 5.374012 2.687006 2.687006
K 2.687006 5.374012 2.687006
N 2.687006 2.687006 5.374012
I 2.687006 0.000000 2.687006
W 0.000000 2.687006 2.687006


-149.470358	7ab959250ba0
13

I 0.000000 0.000000 0.000000
F 2.687006 2.687006 0.000000
G 0.000000 2.687006 -2.687006
A -2.687006 2.687006 0.000000
I 0.000000 5.374012 0.000000
A 2.687006 5.374012 -2.687006
G 2.687006 8.061017 0.000000
F 2.687006 5.374012 2.687006
I 5.374012 5.374012 0.000000
K 5.374012 2.687006 2.687006
N 2.687006 2.687006 5.374012
I 0.000000 2.687006 2.687006
W 2.687006 0.000000 2.687006


-149.456302	7ab748342ba0
13

I 0.000000 0.000000 0.000000
F 2.687006 2.687006 0.000000
G 0.000000 2.687006 -2.687006
A -2.687006 2.687006 0.000000
I -2.687006 5.374012 2.687006
A 0.000000 5.374012 5.374012
G 0.000000 8.061017 2.687006
F 0.000000 5.374012 0.000000
I 2.687006 5.374012 2.687006
K 5.374012 2.687006 2.687006
N 2.687006 2.687006 5.374012
I 0.000000 2.687006 2.687006
W 2.687006 0.000000 2.687006


-149.380358	561373274ba0
13

I 0.000000 0.000000 0.000000
F 2.687006 2.687006 0.000000
G 0.000000 2.687006 -2.687006
A -2.687006 2.687006 0.000000
I 0.000000 2.687006 2.687006
A 2.687006 0.000000 2.687006
G 2.687006 2.687006 5.374012
F 2.687006 5.374012 2.687006
I 5.374012 2.687006 2.687006
K 5.374012 5.374012 0.000000
N 2.687006 8.061017 0.000000
I 0.000000 5.374012 0.000000
W 2.687006 5.374012 -2.687006


-149.380358	267433279ba0
13

I 0.000000 0.000000 0.000000
F 2.687006 2.687006 0.000000
G 0.000000 2.687006 -2.687006
A -2.687006 2.687006 0.000000
I -2.687006 0.000000 2.687006
A 0.000000 -2.687006 2.687006
G 0.000000 0.000000 5.374012
F 0.000000 2.687006 2.687006
I 0.000000 5.374012 0.000000
K 2.687006 5.374012 2.687006
N 5.374012 2.687006 2.687006
I 2.687006 0.000000 2.687006
W 2.687006 2.687006 5.374012


-149.380358	0ba343874610
13

I 0.000000 0.000000 0.000000
F 2.687006 2.687006 0.000000
G 0.000000 5.374012 0.000000
A -2.687006 2.687006 0.000000
I 0.000000 2.687006 2.687006
A 2.687006 0.000000 2.687006
G 2.687006 -2.687006 0.000000
F 2.687006 0.000000 -2.687006
I 5.374012 0.000000 0.000000
K 5.374012 2.687006 -2.687006
N 2.687006 2.687006 -5.374012
I 0.000000 2.687006 -2.687006
W 2.687006 5.374012 -2.687006


-149.380358	0ab252975610
13

I 0.000000 0.000000 0.000000
F 2.687006 2.687006 0.000000
G 0.000000 5.374012 0.000000
A -2.687006 2.687006 0.000000
I 0.000000 2.687006 -2.687006
A 2.687006 0.000000 -2.687006
G 2.687006 -2.687006 0.000000
F 2.687006 0.000000 2.687006
I 5.374012 0.000000 0.000000
K 5.374012 2.687006 2.687006
N 2.687006 2.687006 5.374012
I 0.000000 2.687006 2.687006
W 2.687006 5.374012 2.687006


-149.259145	9725a3274ba0
13

I 0.000000 0.000000 0.000000
F 2.687006 2.687006 0.000000
G 0.000000 2.687006 -2.687006
A -2.687006 2.687006 0.000000
I 0.000000 2.687006 2.687006
A 2.687006 0.000000 2.687006
G 2.687006 2.687006 5.374012
F 2.687006 5.374012 2.687006
I 0.000000 5.374012 0.000000
K 2.687006 5.374012 -2.687006
N 2.687006 8.061017 0.000000
I 5.374012 5.374012 0.000000
W 5.374012 2.687006 2.687006


-149.259145	859012975610
13

I 0.000000 0.000000 0.000000
F 2.687006 2.687006 0.000000
G 0.000000 5.374012 0.000000
A -2.687006 2.687006 0.000000
I 0.000000 2.687006 -2.687006
A 2.687006 0.000000 -2.687006
G 2.687006 -2.687006 0.000000
F 2.687006 0.000000 2.687006
I 0.000000 2.687006 2.687006
K 2.687006 5.374012 2.687006
N 2.687006 2.687006 5.374012
I 5.374012 2.687006 2.687006
W 5.374012 0.000000 0.000000


-149.259145	948013874610
13

I 0.000000 0.000000 0.000000
F 2.687006 2.687006 0.000000
G 0.000000 5.374012 0.000000
A -2.687006 2.687006 0.000000
I 0.000000 2.687006 2.687006
A 2.687006 0.000000 2.687006
G 2.687006 -2.687006 0.000000
F 2.687006 0.000000 -2.687006
I 0.000000 2.687006 -2.687006
K 2.687006 5.374012 -2.687006
N 2.687006 2.687006 -5.374012
I 5.374012 2.687006 -2.687006
W 5.374012 0.000000 0.000000


-149.259145	a15273279ba0
13

I 0.000000 0.000000 0.000000
F 2.687006 2.687006 0.000000
G 0.000000 2.687006 -2.687006
A -2.687006 2.687006 0.000000
I -2.687006 0.000000 2.687006
A 0.000000 -2.687006 2.687006
G 0.000000 0.000000 5.374012
F 0.000000 2.687006 2.687006
I 2.687006 0.000000 2.687006
K 2.687006 2.687006 5.374012
N 5.374012 2.687006 2.687006
I 2.687006 5.374012 2.687006
W 0.000000 5.374012 0.000000


-149.209145	2480138b6540
13

I 0.000000 0.000000 0.000000
F 2.687006 2.687006 0.000000
G 5.374012 2.687006 2.687006
A 8.061017 2.687006 0.000000
I 5.374012 0.000000 0.000000
A 2.687006 0.000000 2.687006
G 2.687006 -2.687006 0.000000
F 2.687006 0.000000 -2.687006
I 0.000000 2.687006 -2.687006
K 2.687006 5.374012 -2.687006
N 2.687006 2.687006 -5.374012
I 5.374012 2.687006 -2.687006
W 5.374012 5.374012 0.000000


-149.209145	b15277620ba0
13

I 0.000000 0.000000 0.000000
F 2.687006 2.687006 0.000000
G 0.000000 2.687006 -2.687006
A -2.687006 2.687006 0.000000
I 0.000000 5.374012 0.000000
A 0.000000 8.061017 2.687006
G -2.687006 5.374012 2.687006
F 0.000000 2.687006 2.687006
I 2.687006 0.000000 2.687006
K 2.687006 2.687006 5.374012
N 5.374012 2.687006 2.687006
I 2.687006 5.374012 2.687006
W 0.000000 5.374012 5.374012


-149.115800	361520849ba0
13

I 0.000000 0.000000 0.000000
F 2.687006 2.687006 0.000000
G 0.000000 2.687006 -2.687006
A -2.687006 2.687006 0.000000
I -2.687006 0.000000 2.687006
A 0.000000 0.000000 5.374012
G 0.000000 -2.687006 2.687006
F 2.687006 0.000000 2.687006
I 2.687006 2.687006 5.374012
K 5.374012 2.687006 2.687006
N 2.687006 5.374012 2.687006
I 0.000000 2.687006 2.687006
W 0.000000 5.374012 0.000000


-149.085800	9615207962a0
13

I 0.000000 0.000000 0.000000
F 2.687006 2.687006 0.000000
G 0.000000 2.687006 -2.687006
A 0.000000 5.374012 0.000000
I -2.687006 2.687006 0.000000
A -2.687006 0.000000 2.687006
G 0.000000 -2.687006 2.687006
F 2.687006 0.000000 2.687006
I 2.687006 2.687006 5.374012
K 5.374012 2.687006 2.687006
N 2.687006 5.374012 2.687006
I 0.000000 2.687006 2.687006
W 0.000000 0.000000 5.374012


-149.079145	308469250ba0
13

I 0.000000 0.000000 0.000000
F 2.687006 2.687006 0.000000
G 0.000000 2.687006 -2.687006
A -2.687006 2.687006 0.000000
I 0.000000 5.374012 0.000000
A 2.687006 5.374012 -2.687006
G 2.687006 8.061017 0.000000
F 2.687006 5.374012 2.687006
I 0.000000 2.687006 2.687006
K 2.687006 2.687006 5.374012
N 2.687006 0.000000 2.687006
I 5.374012 2.687006 2.687006
W 5.374012 5.374012 0.000000


-149.066719	2723843a6b00
13

I 0.000000 0.000000 0.000000
F 2.687006 2.687006 0.000000
G 5.374012 5.374012 0.000000
A 2.687006 5.374012 2.687006
I 0.000000 2.687006 2.687006
A -2.687006 2.687006 0.000000
G -2.687006 5.374012 -2.687006
F 0.000000 5.374012 0.000000
I 0.000000 2.687006 -2.687006
K 0.000000 5.374012 -5.374012
N 0.000000 8.061017 -2.687006
I 2.687006 5.374012 -2.687006
W 2.687006 8.061017 0.000000


-149.066719	3732952b6a00
13

I 0.000000 0.000000 0.000000
F 2.687006 2.687006 0.000000
G 5.374012 5.374012 0.000000
A 2.687006 5.374012 -2.687006
I 0.000000 2.687006 -2.687006
A -2.687006 2.687006 0.000000
G -2.687006 5.374012 2.687006
F 0.000000 5.374012 0.000000
I 0.000000 2.687006 2.687006
K 0.000000 5.374012 5.374012
N 0.000000 8.061017 2.687006
I 2.687006 5.374012 2.687006
W 2.687006 8.061017 0.000000


-149.066719	4145a2586900
13

I 0.000000 0.000000 0.000000
F 2.687006 2.687006 0.000000
G 5.374012 5.374012 0.000000
A 5.374012 2.687006 2.687006
I 2.687006 0.000000 2.687006
A 2.687006 -2.687006 0.000000
G 5.374012 -2.687006 -2.687006
F 5.374012 0.000000 0.000000
I 2.687006 0.000000 -2.687006
K 5.374012 0.000000 -5.374012
N 8.061017 0.000000 -2.687006
I 5.374012 2.687006 -2.687006
W 8.061017 2.687006 0.000000


-149.066719	5154b3496800
13

I 0.000000 0.000000 0.000000
F 2.687006 2.687006 0.000000
G 5.374012 5.374012 0.000000
A 5.374012 2.687006 -2.687006
I 2.687006 0.000000 -2.687006
A 2.687006 -2.687006 0.000000
G 5.374012 -2.687006 2.687006
F 5.374012 0.000000 0.000000
I 2.687006 0.000000 2.687006
K 5.374012 0.000000 5.374012
N 8.061017 0.000000 2.687006
I 5.374012 2.687006 2.687006
W 8.061017 2.687006 0.000000


-149.060653	126707620ba0
13

I 0.000000 0.000000 0.000000
F 2.687006 2.687006 0.000000
G 0.000000 2.687006 -2.687006
A -2.687006 2.687006 0.000000
I 0.000000 5.374012 0.000000
A 0.000000 8.061017 2.687006
G -2.687006 5.374012 2.687006
F 0.000000 2.687006 2.687006
I 2.687006 5.374012 2.687006
K 5.374012 2.687006 2.687006
N 2.687006 0.000000 2.687006
I 2.687006 2.687006 5.374012
W 0.000000 5.374012 5.374012


-149.060653	40ba038b6540
13

I 0.000000 0.000000 0.000000
F 2.687006 2.687006 0.000000
G 5.374012 2.687006 2.687006
A 8.061017 2.687006 0.000000
I 5.374012 0.000000 0.000000
A 2.687006 0.000000 2.687006
G 2.687006 -2.687006 0.000000
F 2.687006 0.000000 -2.687006
I 5.374012 2.687006 -2.687006
K 2.687006 2.687006 -5.374012
N 0.000000 2.687006 -2.687006
I 2.687006 5.374012 -2.687006
W 5.374012 5.374012 0.000000


-149.045297	a3b4352995a0
13

I 0.000000 0.000000 0.000000
F 2.687006 2.687006 0.000000
G 0.000000 2.687006 -2.687006
A 2.687006 2.687006 -5.374012
I 2.687006 0.000000 -2.687006
A 2.687006 -2.687006 0.000000
G 2.687006 0.000000 2.687006
F 5.374012 0.000000 0.000000
I 5.374012 2.687006 -2.687006
K 8.061017 2.687006 0.000000
N 5.374012 2.687006 2.687006
I 5.374012 5.374012 0.000000
W 2.687006 5.374012 -2.687006


-149.037724	9125784b0ba0
13

I 0.000000 0.000000 0.000000
F 2.687006 2.687006 0.000000
G 0.000000 2.687006 -2.687006
A -2.687006 2.687006 0.000000
I 0.000000 5.374012 0.000000
A -2.687006 5.374012 2.687006
G 0.000000 5.374012 5.374012
F 0.000000 2.687006 2.687006
I 2.687006 0.000000 2.687006
K 5.374012 0.000000 0.000000
N 5.374012 2.687006 2.687006
I 2.687006 5.374012 2.687006
W 2.687006 2.687006 5.374012


-149.037724	2695084b0ba0
13

I 0.000000 0.000000 0.000000
F 2.687006 2.687006 0.000000
G 0.000000 2.687006 -2.687006
A -2.687006 2.687006 0.000000
I 0.000000 5.374012 0.000000
A -2.687006 5.374012 2.687006
G 0.000000 5.374012 5.374012
F 0.000000 2.687006 2.687006
I 2.687006 5.374012 2.687006
K 5.374012 5.374012 0.000000
N 5.374012 2.687006 2.687006
I 2.687006 0.000000 2.687006
W 2.687006 2.687006 5.374012


-149.037724	1509129a9800
13

I 0.000000 0.000000 0.000000
F 2.687006 2.687006 0.000000
G 5.374012 5.374012 0.000000
A 5.374012 2.687006 -2.687006
I 5.374012 0.000000 0.000000
A 2.687006 0.000000 -2.687006
G 2.687006 -2.687006 0.000000
F 2.687006 0.000000 2.687006
I 0.000000 2.687006 2.687006
K 0.000000 0.000000 5.374012
N 2.687006 2.687006 5.374012
I 5.374012 2.687006 2.687006
W 2.687006 5.374012 2.687006


-149.037724	1408138b8900
13

I 0.000000 0.000000 0.000000
F 2.687006 2.687006 0.000000
G 5.374012 5.374012 0.000000
A 5.374012 2.687006 2.687006
I 5.374012 0.000000 0.000000
A 2.687006 0.000000 2.687006
G 2.687006 -2.687006 0.000000
F 2.687006 0.000000 -2.687006
I 0.000000 2.687006 -2.687006
K 0.000000 0.000000 -5.374012
N 2.687006 2.687006 -5.374012
I 5.374012 2.687006 -2.687006
W 2.687006 5.374012 -2.687006


-149.037724	0b18038b8900
13

I 0.000000 0.000000 0.000000
F 2.687006 2.687006 0.000000
G 5.374012 5.374012 0.000000
A 5.374012 2.687006 2.687006
I 5.374012 0.000000 0.000000
A 2.687006 0.000000 2.687006
G 2.687006 -2.687006 0.000000
F 2.687006 0.000000 -2.687006
I 5.374012 2.687006 -2.687006
K 5.374012 0.000000 -5.374012
N 2.687006 2.687006 -5.374012
I 0.000000 2.687006 -2.687006
W 2.687006 5.374012 -2.687006


-149.037724	0a19029a9800
13

I 0.000000 0.000000 0.000000
F 2.687006 2.687006 0.000000
G 5.374012 5.374012 0.000000
A 5.374012 2.687006 -2.687006
I 5.374012 0.000000 0.000000
A 2.687006 0.000000 -2.687006
G 2.687006 -2.687006 0.000000
F 2.687006 0.000000 2.687006
I 5.374012 2.687006 2.687006
K 5.374012 0.000000 5.374012
N 2.687006 2.687006 5.374012
I 0.000000 2.687006 2.687006
W 2.687006 5.374012 2.687006


-149.037724	097a05a9ab00
13

I 0.000000 0.000000 0.000000
F 2.687006 2.687006 0.000000
G 5.374012 5.374012 0.000000
A 2.687006 5.374012 2.687006
I 0.000000 5.374012 0.000000
A 0.000000 2.687006 2.687006
G -2.687006 2.687006 0.000000
F 0.000000 2.687006 -2.687006
I 2.687006 5.374012 -2.687006
K 0.000000 5.374012 -5.374012
N 2.687006 2.687006 -5.374012
I 2.687006 0.000000 -2.687006
W 5.374012 2.687006 -2.687006


-149.037724	087b04b8ba00
13

I 0.000000 0.000000 0.000000
F 2.687006 2.687006 0.000000
G 5.374012 5.374012 0.000000
A 2.687006 5.374012 -2.687006
I 0.000000 5.374012 0.000000
A 0.000000 2.687006 -2.687006
G -2.687006 2.687006 0.000000
F 0.000000 2.687006 2.687006
I 2.687006 5.374012 2.687006
K 0.000000 5.374012 5.374012
N 2.687006 2.687006 5.374012
I 2.687006 0.000000 2.687006
W 5.374012 2.687006 2.687006


-149.037724	730b74b8ba00
13

I 0.000000 0.000000 0.000000
F 2.687006 2.687006 0.000000
G 5.374012 5.374012 0.000000
A 2.687006 5.374012 -2.687006
I 0.000000 5.374012 0.000000
A 0.000000 2.687006 -2.687006
G -2.687006 2.687006 0.000000
F 0.000000 2.687006 2.687006
I 2.687006 0.000000 2.687006
K 0.000000 0.000000 5.374012
N 2.687006 2.687006 5.374012
I 2.687006 5.374012 2.687006
W 5.374012 2.687006 2.687006


-149.037724	720a75a9ab00
13

I 0.000000 0.000000 0.000000
F 2.687006 2.687006 0.000000
G 5.374012 5.374012 0.000000
A 2.687006 5.374012 2.687006
I 0.000000 5.374012 0.000000
A 0.000000 2.687006 2.687006
G -2.687006 2.687006 0.000000
F 0.000000 2.687006 -2.687006
I 2.687006 0.000000 -2.687006
K 0.000000 0.000000 -5.374012
N 2.687006 2.687006 -5.374012
I 2.687006 5.374012 -2.687006
W 5.374012 2.687006 -2.687006


-149.008642	1541b096a700
13

I 0.000000 0.000000 0.000000
F 2.687006 2.687006 0.000000
G 5.374012 5.374012 0.000000
A 8.061017 2.687006 0.000000
I 5.374012 2.687006 -2.687006
A 2.687006 0.000000 -2.687006
G 2.687006 -2.687006 0.000000
F 5.374012 0.000000 0.000000
I 2.687006 0.000000 2.687006
K 0.000000 2.687006 2.687006
N 2.687006 2.687006 5.374012
I 5.374012 2.687006 2.687006
W 2.687006 5.374012 2.687006


-149.008642	1451a086b700
13

I 0.000000 0.000000 0.000000
F 2.687006 2.687006 0.000000
G 5.374012 5.374012 0.000000
A 8.061017 2.687006 0.000000
I 5.374012 2.687006 2.687006
A 2.687006 0.000000 2.687006
G 2.687006 -2.687006 0.000000
F 5.374012 0.000000 0.000000
I 2.687006 0.000000 -2.687006
K 0.000000 2.687006 -2.687006
N 2.687006 2.687006 -5.374012
I 5.374012 2.687006 -2.687006
W 2.687006 5.374012 -2.687006


-149.008642	732790b68100
13

I 0.000000 0.000000 0.000000
F 2.687006 2.687006 0.000000
G 5.374012 5.374012 0.000000
A 2.687006 8.061017 0.000000
I 2.687006 5.374012 -2.687006
A 0.000000 2.687006 -2.687006
G -2.687006 2.687006 0.000000
F 0.000000 5.374012 0.000000
I 0.000000 2.687006 2.687006
K 2.687006 0.000000 2.687006
N 2.687006 2.687006 5.374012
I 2.687006 5.374012 2.687006
W 5.374012 2.687006 2.687006


-149.008642	723780a69100
13

I 0.000000 0.000000 0.000000
F 2.687006 2.687006 0.000000
G 5.374012 5.374012 0.000000
A 2.687006 8.061017 0.000000
I 2.687006 5.374012 2.687006
A 0.000000 2.687006 2.687006
G -2.687006 2.687006 0.000000
F 0.000000 5.374012 0.000000
I 0.000000 2.687006 -2.687006
K 2.687006 0.000000 -2.687006
N 2.687006 2.687006 -5.374012
I 2.687006 5.374012 -2.687006
W 5.374012 2.687006 -2.687006


-149.008642	b079aab742a0
13

I 0.000000 0.000000 0.000000
F 2.687006 2.687006 0.000000
G 0.000000 2.687006 -2.687006
A 0.000000 5.374012 0.000000
I 2.687006 5.374012 2.687006
A 5.374012 2.687006 2.687006
G 2.687006 2.687006 5.374012
F 0.000000 2.687006 2.687006
I -2.687006 2.687006 0.000000
K -2.687006 0.000000 2.687006
N 0.000000 -2.687006 2.687006
I 2.687006 0.000000 2.687006
W 0.000000 0.000000 5.374012


-148.985800	86143078a910
13

I 0.000000 0.000000 0.000000
F 2.687006 2.687006 0.000000
G 0.000000 5.374012 0.000000
A 0.000000 2.687006 2.687006
I -2.687006 2.687006 0.000000
A -2.687006 0.000000 -2.687006
G 0.000000 -2.687006 -2.687006
F 2.687006 0.000000 -2.687006
I 2.687006 2.687006 -5.374012
K 5.374012 2.687006 -2.687006
N 2.687006 5.374012 -2.687006
I 0.000000 2.687006 -2.687006
W 0.000000 0.000000 -5.374012


-148.985800	96152079b810
13

I 0.000000 0.000000 0.000000
F 2.687006 2.687006 0.000000
G 0.000000 5.374012 0.000000
A 0.000000 2.687006 -2.687006
I -2.687006 2.687006 0.000000
A -2.687006 0.000000 2.687006
G 0.000000 -2.687006 2.687006
F 2.687006 0.000000 2.687006
I 2.687006 2.687006 5.374012
K 5.374012 2.687006 2.687006
N 2.687006 5.374012 2.687006
I 0.000000 2.687006 2.687006
W 0.000000 0.000000 5.374012


-148.935211	207a94b8a140
13

I 0.000000 0.000000 0.000000
F 2.687006 2.687006 0.000000
G 5.374012 2.687006 2.687006
A 2.687006 5.374012 2.687006
I 0.000000 5.374012 0.000000
A 0.000000 2.687006 -2.687006
G -2.687006 2.687006 0.000000
F 0.000000 2.687006 2.687006
I 0.000000 0.000000 5.374012
K -2.687006 0.000000 2.687006
N 0.000000 -2.687006 2.687006
I 2.687006 0.000000 2.687006
W 2.687006 2.687006 5.374012


-148.935211	138b948a1540
13

I 0.000000 0.000000 0.000000
F 2.687006 2.687006 0.000000
G 5.374012 2.687006 2.687006
A 8.061017 2.687006 0.000000
I 5.374012 5.374012 0.000000
A 2.687006 5.374012 -2.687006
G 2.687006 2.687006 -5.374012
F 5.374012 2.687006 -2.687006
I 5.374012 0.000000 0.000000
K 2.687006 0.000000 2.687006
N 2.687006 -2.687006 0.000000
I 2.687006 0.000000 -2.687006
W 0.000000 2.687006 -2.687006


-148.935211	1365746a3b40
13

I 0.000000 0.000000 0.000000
F 2.687006 2.687006 0.000000
G 5.374012 2.687006 2.687006
A 2.687006 2.687006 5.374012
I 2.687006 5.374012 2.687006
A 0.000000 5.374012 0.000000
G -2.687006 2.687006 0.000000
F 0.000000 2.687006 2.687006
I 2.687006 0.000000 2.687006
K 5.374012 0.000000 0.000000
N 2.687006 -2.687006 0.000000
I 2.687006 0.000000 -2.687006
W 0.000000 2.687006 -2.687006


-148.935211	318b7ab742a0
13

I 0.000000 0.000000 0.000000
F 2.687006 2.687006 0.000000
G 0.000000 2.687006 -2.687006
A 0.000000 5.374012 0.000000
I 2.687006 5.374012 2.687006
A 5.374012 2.687006 2.687006
G 2.687006 2.687006 5.374012
F 0.000000 2.687006 2.687006
I 2.687006 0.000000 2.687006
K 0.000000 0.000000 5.374012
N 0.000000 -2.687006 2.687006
I -2.687006 0.000000 2.687006
W -2.687006 2.687006 0.000000


-148.934378	416748342ba0
13

I 0.000000 0.000000 0.000000
F 2.687006 2.687006 0.000000
G 0.000000 2.687006 -2.687006
A -2.687006 2.687006 0.000000
I -2.687006 5.374012 2.687006
A 0.000000 5.374012 5.374012
G 0.000000 8.061017 2.687006
F 0.000000 5.374012 0.000000
I 2.687006 5.374012 2.687006
K 5.374012 2.687006 2.687006
N 2.687006 0.000000 2.687006
I 0.000000 2.687006 2.687006
W 2.687006 2.687006 5.374012


-148.917221	9125734962a0
13

I 0.000000 0.000000 0.000000
F 2.687006 2.687006 0.000000
G 0.000000 2.687006 -2.687006
A 0.000000 5.374012 0.000000
I -2.687006 2.687006 0.000000
A -2.687006 0.000000 2.687006
G 0.000000 0.000000 5.374012
F 0.000000 2.687006 2.687006
I 2.687006 0.000000 2.687006
K 5.374012 0.000000 0.000000
N 5.374012 2.687006 2.687006
I 2.687006 5.374012 2.687006
W 2.687006 2.687006 5.374012


-148.917221	150912647810
13

I 0.000000 0.000000 0.000000
F 2.687006 2.687006 0.000000
G 0.000000 5.374012 0.000000
A 0.000000 2.687006 -2.687006
I 2.687006 0.000000 -2.687006
A 5.374012 0.000000 0.000000
G 2.687006 -2.687006 0.000000
F 2.687006 0.000000 2.687006
I 0.000000 2.687006 2.687006
K 0.000000 0.000000 5.374012
N 2.687006 2.687006 5.374012
I 5.374012 2.687006 2.687006
W 2.687006 5.374012 2.687006


-148.917221	140813657910
13

I 0.000000 0.000000 0.000000
F 2.687006 2.687006 0.000000
G 0.000000 5.374012 0.000000
A 0.000000 2.687006 2.687006
I 2.687006 0.000000 2.687006
A 5.374012 0.000000 0.000000
G 2.687006 -2.687006 0.000000
F 2.687006 0.000000 -2.687006
I 0.000000 2.687006 -2.687006
K 0.000000 0.000000 -5.374012
N 2.687006 2.687006 -5.374012
I 5.374012 2.687006 -2.687006
W 2.687006 5.374012 -2.687006


-148.903775	65ab00ab8b40
13

I 0.000000 0.000000 0.000000
F 2.687006 2.687006 0.000000
G 5.374012 2.687006 2.687006
A 2.687006 2.687006 5.374012
I 2.687006 0.000000 2.687006
A 0.000000 0.000000 5.374012
G -2.687006 0.000000 2.687006
F 0.000000 2.687006 2.687006
I 2.687006 5.374012 2.687006
K 0.000000 5.374012 5.374012
N -2.687006 5.374012 2.687006
I 0.000000 5.374012 0.000000
W -2.687006 2.687006 0.000000


-148.903775	a983089092a0
13

I 0.000000 0.000000 0.000000
F 2.687006 2.687006 0.000000
G 0.000000 2.687006 -2.687006
A 0.000000 5.374012 0.000000
I 0.000000 2.687006 2.687006
A 2.687006 5.374012 2.687006
G 2.687006 2.687006 5.374012
F 2.687006 0.000000 2.687006
I 5.374012 2.687006 2.687006
K 5.374012 5.374012 0.000000
N 5.374012 2.687006 -2.687006
I 5.374012 0.000000 0.000000
W 2.687006 0.000000 -2.687006


-148.902074	252764b8a140
13

I 0.000000 0.000000 0.000000
F 2.687006 2.687006 0.000000
G 5.374012 2.687006 2.687006
A 2.687006 5.374012 2.687006
I 0.000000 5.374012 0.000000
A 0.000000 2.687006 -2.687006
G -2.687006 2.687006 0.000000
F 0.000000 2.687006 2.687006
I -2.687006 0.000000 2.687006
K 0.000000 -2.687006 2.687006
N 0.000000 0.000000 5.374012
I 2.687006 0.000000 2.687006
W 2.687006 2.687006 5.374012


-148.902074	25296a7425a0
13

I 0.000000 0.000000 0.000000
F 2.687006 2.687006 0.000000
G 0.000000 2.687006 -2.687006
A 2.687006 2.687006 -5.374012
I 2.687006 5.374012 -2.687006
A 5.374012 5.374012 0.000000
G 8.061017 2.687006 0.000000
F 5.374012 2.687006 -2.687006
I 2.687006 0.000000 -2.687006
K 2.687006 -2.687006 0.000000
N 2.687006 0.000000 2.687006
I 5.374012 0.000000 0.000000
W 5.374012 2.687006 2.687006


-148.882871	47b81a574610
13

I 0.000000 0.000000 0.000000
F 2.687006 2.687006 0.000000
G 0.000000 5.374012 0.000000
A -2.687006 2.687006 0.000000
I 0.000000 2.687006 2.687006
A 2.687006 0.000000 2.687006
G 5.374012 0.000000 0.000000
F 2.687006 0.000000 -2.687006
I 0.000000 2.687006 -2.687006
K 0.000000 0.000000 -5.374012
N -2.687006 0.000000 -2.687006
I 0.000000 -2.687006 -2.687006
W 2.687006 -2.687006 0.000000


-148.882871	57a91b475610
13

I 0.000000 0.000000 0.000000
F 2.687006 2.687006 0.000000
G 0.000000 5.374012 0.000000
A -2.687006 2.687006 0.000000
I 0.000000 2.687006 -2.687006
A 2.687006 0.000000 -2.687006
G 5.374012 0.000000 0.000000
F 2.687006 0.000000 2.687006
I 0.000000 2.687006 2.687006
K 0.000000 0.000000 5.374012
N -2.687006 0.000000 2.687006
I 0.000000 -2.687006 2.687006
W 2.687006 -2.687006 0.000000


-148.882871	136573279610
13

I 0.000000 0.000000 0.000000
F 2.687006 2.687006 0.000000
G 0.000000 5.374012 0.000000
A -2.687006 2.687006 0.000000
I -2.687006 0.000000 2.687006
A 0.000000 -2.687006 2.687006
G 0.000000 0.000000 5.374012
F 0.000000 2.687006 2.687006
I 2.687006 0.000000 2.687006
K 5.374012 0.000000 0.000000
N 2.687006 -2.687006 0.000000
I 2.687006 0.000000 -2.687006
W 0.000000 2.687006 -2.687006


-148.882871	126472378610
13

I 0.000000 0.000000 0.000000
F 2.687006 2.687006 0.000000
G 0.000000 5.374012 0.000000
A -2.687006 2.687006 0.000000
I -2.687006 0.000000 -2.687006
A 0.000000 -2.687006 -2.687006
G 0.000000 0.000000 -5.374012
F 0.000000 2.687006 -2.687006
I 2.687006 0.000000 -2.687006
K 5.374012 0.000000 0.000000
N 2.687006 -2.687006 0.000000
I 2.687006 0.000000 2.687006
W 0.000000 2.687006 2.687006


-148.882871	7462a1074ba0
13

I 0.000000 0.000000 0.000000
F 2.687006 2.687006 0.000000
G 0.000000 2.687006 -2.687006
A -2.687006 2.687006 0.000000
I 0.000000 2.687006 2.687006
A 2.687006 0.000000 2.687006
G 5.374012 2.687006 2.687006
F 2.687006 5.374012 2.687006
I 0.000000 5.374012 0.000000
K 0.000000 8.061017 2.687006
N -2.687006 5.374012 2.687006
I 0.000000 5.374012 5.374012
W 2.687006 2.687006 5.374012


-148.882871	74b8a70a1b40
13

I 0.000000 0.000000 0.000000
F 2.687006 2.687006 0.000000
G 5.374012 2.687006 2.687006
A 2.687006 2.687006 5.374012
I 0.000000 5.374012 5.374012
A -2.687006 5.374012 2.687006
G 0.000000 8.061017 2.687006
F 2.687006 5.374012 2.687006
I 0.000000 5.374012 0.000000
K 0.000000 2.687006 -2.687006
N -2.687006 2.687006 0.000000
I 0.000000 2.687006 2.687006
W 2.687006 0.000000 2.687006


-148.882871	4018b6740ba0
13

I 0.000000 0.000000 0.000000
F 2.687006 2.687006 0.000000
G 0.000000 2.687006 -2.687006
A -2.687006 2.687006 0.000000
I 0.000000 5.374012 0.000000
A 2.687006 5.374012 2.687006
G 5.374012 2.687006 2.687006
F 2.687006 0.000000 2.687006
I 0.000000 0.000000 5.374012
K 0.000000 -2.687006 2.687006
N -2.687006 0.000000 2.687006
I 0.000000 2.687006 2.687006
W 2.687006 2.687006 5.374012


-148.870379	6910752962a0
13

I 0.000000 0.000000 0.000000
F 2.687006 2.687006 0.000000
G 0.000000 2.687006 -2.687006
A 0.000000 5.374012 0.000000
I -2.687006 2.687006 0.000000
A -2.687006 0.000000 2.687006
G -2.687006 2.687006 5.374012
F 0.000000 2.687006 2.687006
I 2.687006 0.000000 2.687006
K 5.374012 2.687006 2.687006
N 2.687006 5.374012 2.687006
I 2.687006 2.687006 5.374012
W 0.000000 0.000000 5.374012


-148.870379	972375631640
13

I 0.000000 0.000000 0.000000
F 2.687006 2.687006 0.000000
G 5.374012 2.687006 2.687006
A 2.687006 0.000000 2.687006
I 0.000000 2.687006 2.687006
A 0.000000 5.374012 0.000000
G -2.687006 2.687006 0.000000
F 0.000000 2.687006 -2.687006
I 2.687006 0.000000 -2.687006
K 2.687006 2.687006 -5.374012
N 2.687006 5.374012 -2.687006
I 5.374012 2.687006 -2.687006
W 5.374012 0.000000 0.000000


-148.849145	352769250ba0
13

I 0.000000 0.000000 0.000000
F 2.687006 2.687006 0.000000
G 0.000000 2.687006 -2.687006
A -2.687006 2.687006 0.000000
I 0.000000 5.374012 0.000000
A 2.687006 5.374012 -2.687006
G 2.687006 8.061017 0.000000
F 2.687006 5.374012 2.687006
I 0.000000 2.687006 2.687006
K 2.687006 0.000000 2.687006
N 2.687006 2.687006 5.374012
I 5.374012 2.687006 2.687006
W 5.374012 5.374012 0.000000


-148.849145	425363268b40
13

I 0.000000 0.000000 0.000000
F 2.687006 2.687006 0.000000
G 5.374012 2.687006 2.687006
A 2.687006 2.687006 5.374012
I 2.687006 0.000000 2.687006
A 0.000000 -2.687006 2.687006
G 0.000000 0.000000 5.374012
F 0.000000 2.687006 2.687006
I -2.687006 0.000000 2.687006
K -2.687006 2.687006 0.000000
N 0.000000 2.687006 -2.687006
I 0.000000 5.374012 0.000000
W 2.687006 5.374012 2.687006


-148.845211	889434b1a840
13

I 0.000000 0.000000 0.000000
F 2.687006 2.687006 0.000000
G 5.374012 2.687006 2.687006
A 5.374012 0.000000 0.000000
I 2.687006 0.000000 -2.687006
A 0.000000 2.687006 -2.687006
G -2.687006 2.687006 0.000000
F 0.000000 2.687006 2.687006
I 0.000000 5.374012 0.000000
K 2.687006 5.374012 2.687006
N 2.687006 2.687006 5.374012
I 2.687006 0.000000 2.687006
W 2.687006 -2.687006 0.000000


-148.845211	66743a049ba0
13

I 0.000000 0.000000 0.000000
F 2.687006 2.687006 0.000000
G 0.000000 2.687006 -2.687006
A -2.687006 2.687006 0.000000
I -2.687006 0.000000 2.687006
A 0.000000 0.000000 5.374012
G 2.687006 2.687006 5.374012
F 0.000000 2.687006 2.687006
I 0.000000 5.374012 0.000000
K 2.687006 5.374012 2.687006
N 5.374012 2.687006 2.687006
I 2.687006 0.000000 2.687006
W 0.000000 -2.687006 2.687006


-148.843876	21981a087910
13

I 0.000000 0.000000 0.000000
F 2.687006 2.687006 0.000000
G 0.000000 5.374012 0.000000
A 0.000000 2.687006 2.687006
I 2.687006 0.000000 2.687006
A 2.687006 -2.687006 0.000000
G 5.374012 0.000000 0.000000
F 2.687006 0.000000 -2.687006
I 0.000000 2.687006 -2.687006
K 0.000000 0.000000 -5.374012
N 0.000000 -2.687006 -2.687006
I -2.687006 0.000000 -2.687006
W -2.687006 2.687006 0.000000


-148.843876	31891b097810
13

I 0.000000 0.000000 0.000000
F 2.687006 2.687006 0.000000
G 0.000000 5.374012 0.000000
A 0.000000 2.687006 -2.687006
I 2.687006 0.000000 -2.687006
A 2.687006 -2.687006 0.000000
G 5.374012 0.000000 0.000000
F 2.687006 0.000000 2.687006
I 0.000000 2.687006 2.687006
K 0.000000 0.000000 5.374012
N 0.000000 -2.687006 2.687006
I -2.687006 0.000000 2.687006
W -2.687006 2.687006 0.000000


-148.843876	7461425a1640
13

I 0.000000 0.000000 0.000000
F 2.687006 2.687006 0.000000
G 5.374012 2.687006 2.687006
A 2.687006 0.000000 2.687006
I 0.000000 2.687006 2.687006
A -2.687006 2.687006 0.000000
G 0.000000 2.687006 -2.687006
F 0.000000 5.374012 0.000000
I 2.687006 5.374012 2.687006
K 0.000000 8.061017 2.687006
N -2.687006 5.374012 2.687006
I 0.000000 5.374012 5.374012
W 2.687006 2.687006 5.374012


-148.843876	a8b47258a910
13

I 0.000000 0.000000 0.000000
F 2.687006 2.687006 0.000000
G 0.000000 5.374012 0.000000
A 0.000000 2.687006 2.687006
I -2.687006 2.687006 0.000000
A -2.687006 0.000000 -2.687006
G 0.000000 0.000000 -5.374012
F 0.000000 2.687006 -2.687006
I 2.687006 0.000000 -2.687006
K 5.374012 0.000000 0.000000
N 2.687006 0.000000 2.687006
I 2.687006 -2.687006 0.000000
W 0.000000 -2.687006 -2.687006


-148.843876	b9a57349b810
13

I 0.000000 0.000000 0.000000
F 2.687006 2.687006 0.000000
G 0.000000 5.374012 0.000000
A 0.000000 2.687006 -2.687006
I -2.687006 2.687006 0.000000
A -2.687006 0.000000 2.687006
G 0.000000 0.000000 5.374012
F 0.000000 2.687006 2.687006
I 2.687006 0.000000 2.687006
K 5.374012 0.000000 0.000000
N 2.687006 0.000000 -2.687006
I 2.687006 -2.687006 0.000000
W 0.000000 -2.687006 2.687006


-148.812368	14b8a7312640
13

I 0.000000 0.000000 0.000000
F 2.687006 2.687006 0.000000
G 5.374012 2.687006 2.687006
A 2.687006 0.000000 2.687006
I 2.687006 2.687006 5.374012
A 0.000000 5.374012 5.374012
G 0.000000 8.061017 2.687006
F 2.687006 5.374012 2.687006
I 0.000000 5.374012 0.000000
K 0.000000 2.687006 -2.687006
N -2.687006 2.687006 0.000000
I 0.000000 2.687006 2.687006
W -2.687006 5.374012 2.687006


-148.812368	a018b65942a0
13

I 0.000000 0.000000 0.000000
F 2.687006 2.687006 0.000000
G 0.000000 2.687006 -2.687006
A 0.000000 5.374012 0.000000
I 2.687006 5.374012 2.687006
A 2.687006 2.687006 5.374012
G 5.374012 2.687006 2.687006
F 2.687006 0.000000 2.687006
I 0.000000 0.000000 5.374012
K 0.000000 -2.687006 2.687006
N -2.687006 0.000000 2.687006
I 0.000000 2.687006 2.687006
W -2.687006 2.687006 0.000000


-148.812368	a0a26b097810
13

I 0.000000 0.000000 0.000000
F 2.687006 2.687006 0.000000
G 0.000000 5.374012 0.000000
A 0.000000 2.687006 -2.687006
I 2.687006 0.000000 -2.687006
A 2.687006 -2.687006 0.000000
G 5.374012 0.000000 0.000000
F 2.687006 0.000000 2.687006
I 0.000000 -2.687006 2.687006
K 0.000000 0.000000 5.374012
N -2.687006 0.000000 2.687006
I 0.000000 2.687006 2.687006
W -2.687006 2.687006 0.000000


-148.812368	b0b36a087910
13

I 0.000000 0.000000 0.000000
F 2.687006 2.687006 0.000000
G 0.000000 5.374012 0.000000
A 0.000000 2.687006 2.687006
I 2.687006 0.000000 2.687006
A 2.687006 -2.687006 0.000000
G 5.374012 0.000000 0.000000
F 2.687006 0.000000 -2.687006
I 0.000000 -2.687006 -2.687006
K 0.000000 0.000000 -5.374012
N -2.687006 0.000000 -2.687006
I 0.000000 2.687006 -2.687006
W -2.687006 2.687006 0.000000


-148.812368	9590b25a1640
13

I 0.000000 0.000000 0.000000
F 2.687006 2.687006 0.000000
G 5.374012 2.687006 2.687006
A 2.687006 0.000000 2.687006
I 0.000000 2.687006 2.687006
A -2.687006 2.687006 0.000000
G 0.000000 2.687006 -2.687006
F 0.000000 5.374012 0.000000
I -2.687006 5.374012 2.687006
K 0.000000 8.061017 2.687006
N 0.000000 5.374012 5.374012
I 2.687006 5.374012 2.687006
W 2.687006 2.687006 5.374012


-148.805526	a3b435297810
13

I 0.000000 0.000000 0.000000
F 2.687006 2.687006 0.000000
G 0.000000 5.374012 0.000000
A 0.000000 2.687006 -2.687006
I 2.687006 0.000000 -2.687006
A 2.687006 -2.687006 0.000000
G 2.687006 0.000000 2.687006
F 5.374012 0.000000 0.000000
I 5.374012 2.687006 -2.687006
K 8.061017 2.687006 0.000000
N 5.374012 2.687006 2.687006
I 5.374012 5.374012 0.000000
W 2.687006 5.374012 -2.687006


-148.805526	b2a524387910
13

I 0.000000 0.000000 0.000000
F 2.687006 2.687006 0.000000
G 0.000000 5.374012 0.000000
A 0.000000 2.687006 2.687006
I 2.687006 0.000000 2.687006
A 2.687006 -2.687006 0.000000
G 2.687006 0.000000 -2.687006
F 5.374012 0.000000 0.000000
I 5.374012 2.687006 2.687006
K 8.061017 2.687006 0.000000
N 5.374012 2.687006 -2.687006
I 5.374012 5.374012 0.000000
W 2.687006 5.374012 2.687006


-148.805526	69107529b810
13

I 0.000000 0.000000 0.000000
F 2.687006 2.687006 0.000000
G 0.000000 5.374012 0.000000
A 0.000000 2.687006 -2.687006
I -2.687006 2.687006 0.000000
A -2.687006 0.000000 2.687006
G -2.687006 2.687006 5.374012
F 0.000000 2.687006 2.687006
I 2.687006 0.000000 2.687006
K 5.374012 2.687006 2.687006
N 2.687006 5.374012 2.687006
I 2.687006 2.687006 5.374012
W 0.000000 0.000000 5.374012


-148.805526	68107438a910
13

I 0.000000 0.000000 0.000000
F 2.687006 2.687006 0.000000
G 0.000000 5.374012 0.000000
A 0.000000 2.687006 2.687006
I -2.687006 2.687006 0.000000
A -2.687006 0.000000 -2.687006
G -2.687006 2.687006 -5.374012
F 0.000000 2.687006 -2.687006
I 2.687006 0.000000 -2.687006
K 5.374012 2.687006 -2.687006
N 2.687006 5.374012 -2.687006
I 2.687006 2.687006 -5.374012
W 0.000000 0.000000 -5.374012


-148.805526	9723780a1640
13

I 0.000000 0.000000 0.000000
F 2.687006 2.687006 0.000000
G 5.374012 2.687006 2.687006
A 2.687006 0.000000 2.687006
I 0.000000 2.687006 2.687006
A -2.687006 2.687006 0.000000
G 0.000000 5.374012 0.000000
F 0.000000 2.687006 -2.687006
I 2.687006 0.000000 -2.687006
K 2.687006 2.687006 -5.374012
N 2.687006 5.374012 -2.687006
I 5.374012 2.687006 -2.687006
W 5.374012 0.000000 0.000000


-148.783790	136808904610
13

I 0.000000 0.000000 0.000000
F 2.687006 2.687006 0.000000
G 0.000000 5.374012 0.000000
A -2.687006 2.687006 0.000000
I 0.000000 2.687006 2.687006
A 2.687006 5.374012 2.687006
G 2.687006 2.687006 5.374012
F 2.687006 0.000000 2.687006
I 5.374012 2.687006 2.687006
K 5.374012 0.000000 0.000000
N 2.687006 -2.687006 0.000000
I 2.687006 0.000000 -2.687006
W 0.000000 2.687006 -2.687006


-148.783790	126909805610
13

I 0.000000 0.000000 0.000000
F 2.687006 2.687006 0.000000
G 0.000000 5.374012 0.000000
A -2.687006 2.687006 0.000000
I 0.000000 2.687006 -2.687006
A 2.687006 5.374012 -2.687006
G 2.687006 2.687006 -5.374012
F 2.687006 0.000000 -2.687006
I 5.374012 2.687006 -2.687006
K 5.374012 0.000000 0.000000
N 2.687006 -2.687006 0.000000
I 2.687006 0.000000 2.687006
W 0.000000 2.687006 2.687006


-148.783790	74b656153b40
13

I 0.000000 0.000000 0.000000
F 2.687006 2.687006 0.000000
G 5.374012 2.687006 2.687006
A 2.687006 2.687006 5.374012
I 2.687006 5.374012 2.687006
A 5.374012 5.374012 0.000000
G 2.687006 8.061017 0.000000
F 0.000000 5.374012 0.000000
I 2.687006 5.374012 -2.687006
K 0.000000 2.687006 -2.687006
N -2.687006 2.687006 0.000000
I 0.000000 2.687006 2.687006
W 2.687006 0.000000 2.687006


-148.783790	b10847620ba0
13

I 0.000000 0.000000 0.000000
F 2.687006 2.687006 0.000000
G 0.000000 2.687006 -2.687006
A -2.687006 2.687006 0.000000
I 0.000000 5.374012 0.000000
A 0.000000 8.061017 2.687006
G -2.687006 5.374012 2.687006
F 0.000000 2.687006 2.687006
I 2.687006 2.687006 5.374012
K 2.687006 0.000000 2.687006
N 5.374012 2.687006 2.687006
I 2.687006 5.374012 2.687006
W 0.000000 5.374012 5.374012


-148.783790	9b8a03268b40
13

I 0.000000 0.000000 0.000000
F 2.687006 2.687006 0.000000
G 5.374012 2.687006 2.687006
A 2.687006 2.687006 5.374012
I 2.687006 0.000000 2.687006
A 0.000000 -2.687006 2.687006
G 0.000000 0.000000 5.374012
F 0.000000 2.687006 2.687006
I 2.687006 5.374012 2.687006
K 0.000000 5.374012 0.000000
N 0.000000 2.687006 -2.687006
I -2.687006 2.687006 0.000000
W -2.687006 0.000000 2.687006


-148.708729	219813657910
13

I 0.000000 0.000000 0.000000
F 2.687006 2.687006 0.000000
G 0.000000 5.374012 0.000000
A 0.000000 2.687006 2.687006
I 2.687006 0.000000 2.687006
A 5.374012 0.000000 0.000000
G 2.687006 -2.687006 0.000000
F 2.687006 0.000000 -2.687006
I 0.000000 2.687006 -2.687006
K 0.000000 0.000000 -5.374012
N 0.000000 -2.687006 -2.687006
I -2.687006 0.000000 -2.687006
W -2.687006 2.687006 0.000000


-148.708729	b9a5734962a0
13

I 0.000000 0.000000 0.000000
F 2.687006 2.687006 0.000000
G 0.000000 2.687006 -2.687006
A 0.000000 5.374012 0.000000
I -2.687006 2.687006 0.000000
A -2.687006 0.000000 2.687006
G 0.000000 0.000000 5.374012
F 0.000000 2.687006 2.687006
I 2.687006 0.000000 2.687006
K 5.374012 0.000000 0.000000
N 2.687006 0.000000 -2.687006
I 2.687006 -2.687006 0.000000
W 0.000000 -2.687006 2.687006


