-21.480000	103101201301	1000111000100100101
13

I 0.000000 0.000000 0.000000
F 2.193931 2.193931 -2.193931
G 4.387862 0.000000 -4.387862
A 6.581793 -2.193931 -2.193931
I 4.387862 -4.387862 0.000000
A 2.193931 -2.193931 2.193931
G 4.387862 0.000000 4.387862
F 6.581793 2.193931 2.193931
I 8.775724 0.000000 0.000000
K 10.969655 2.193931 -2.193931
N 8.775724 4.387862 -4.387862
I 6.581793 6.581793 -2.193931
W 4.387862 4.387862 0.000000


-21.400000	130131201301	1011001011100100101
13

I 0.000000 0.000000 0.000000
F 2.193931 2.193931 -2.193931
G 4.387862 0.000000 -4.387862
A 6.581793 -2.193931 -2.193931
I 4.387862 -4.387862 0.000000
A 2.193931 -2.193931 2.193931
G 4.387862 0.000000 4.387862
F 6.581793 2.193931 2.193931
I 4.387862 4.387862 0.000000
K 6.581793 6.581793 -2.193931
N 8.775724 4.387862 -4.387862
I 10.969655 2.193931 -2.193931
W 8.775724 0.000000 0.000000


-20.290000	312032132301	1110010011011011011
13

I 0.000000 0.000000 0.000000
F 2.193931 2.193931 -2.193931
G 4.387862 0.000000 -4.387862
A 6.581793 -2.193931 -2.193931
I 8.775724 0.000000 0.000000
A 10.969655 -2.193931 2.193931
G 8.775724 -4.387862 4.387862
F 6.581793 -6.581793 2.193931
I 4.387862 -4.387862 0.000000
K 2.193931 -2.193931 2.193931
N 4.387862 -0.000000 4.387862
I 6.581793 2.193931 2.193931
W 4.387862 4.387862 0.000000


-20.290000	103102101301	1000111000011000101
13

I 0.000000 0.000000 0.000000
F 2.193931 2.193931 -2.193931
G 4.387862 0.000000 -4.387862
A 6.581793 -2.193931 -2.193931
I 4.387862 -4.387862 0.000000
A 2.193931 -2.193931 2.193931
G 0.000000 -4.387862 4.387862
F -2.193931 -6.581793 2.193931
I 0.000000 -8.775724 0.000000
K 2.193931 -6.581793 -2.193931
N 0.000000 -4.387862 -4.387862
I -2.193931 -2.193931 -2.193931
W -4.387862 -4.387862 0.000000


-20.290000	130132101301	1011001011011000101
13

I 0.000000 0.000000 0.000000
F 2.193931 2.193931 -2.193931
G 4.387862 0.000000 -4.387862
A 6.581793 -2.193931 -2.193931
I 4.387862 -4.387862 0.000000
A 2.193931 -2.193931 2.193931
G 0.000000 -4.387862 4.387862
F -2.193931 -6.581793 2.193931
I -4.387862 -4.387862 0.000000
K -2.193931 -2.193931 -2.193931
N 0.000000 -4.387862 -4.387862
I 2.193931 -6.581793 -2.193931
W 0.000000 -8.775724 0.000000


-20.210000	021310312301	0001101110001110011
13

I 0.000000 0.000000 0.000000
F 2.193931 2.193931 -2.193931
G 4.387862 0.000000 -4.387862
A 6.581793 -2.193931 -2.193931
I 8.775724 0.000000 0.000000
A 10.969655 2.193931 -2.193931
G 8.775724 4.387862 -4.387862
F 6.581793 6.581793 -2.193931
I 4.387862 4.387862 0.000000
K 6.581793 2.193931 2.193931
N 4.387862 0.000000 4.387862
I 2.193931 -2.193931 2.193931
W 4.387862 -4.387862 0.000000


-19.920000	212310321301	0110011110001101101
13

I 0.000000 0.000000 0.000000
F 2.193931 2.193931 -2.193931
G 4.387862 0.000000 -4.387862
A 6.581793 -2.193931 -2.193931
I 4.387862 -4.387862 0.000000
A 2.193931 -6.581793 -2.193931
G 0.000000 -4.387862 -4.387862
F -2.193931 -2.193931 -2.193931
I -4.387862 -4.387862 0.000000
K -2.193931 -6.581793 2.193931
N 0.000000 -4.387862 4.387862
I 2.193931 -2.193931 2.193931
W 4.387862 -0.000000 4.387862


-19.240000	123120131301	1001111001001011101
13

I 0.000000 0.000000 0.000000
F 2.193931 2.193931 -2.193931
G 4.387862 0.000000 -4.387862
A 6.581793 -2.193931 -2.193931
I 4.387862 -4.387862 0.000000
A 6.581793 -6.581793 2.193931
G 4.387862 -8.775724 4.387862
F 2.193931 -6.581793 6.581793
I 4.387862 -4.387862 8.775724
K 6.581793 -2.193931 6.581793
N 4.387862 -0.000000 4.387862
I 2.193931 -2.193931 2.193931
W 0.000000 -4.387862 4.387862


-19.240000	213210231301	0110110110000111101
13

I 0.000000 0.000000 0.000000
F 2.193931 2.193931 -2.193931
G 4.387862 0.000000 -4.387862
A 6.581793 -2.193931 -2.193931
I 4.387862 -4.387862 0.000000
A 6.581793 -6.581793 2.193931
G 8.775724 -4.387862 4.387862
F 6.581793 -2.193931 6.581793
I 4.387862 -4.387862 8.775724
K 2.193931 -6.581793 6.581793
N 0.000000 -4.387862 4.387862
I 2.193931 -2.193931 2.193931
W 4.387862 -0.000000 4.387862


-18.860000	123120132101	1001111001001011010
13

I 0.000000 0.000000 0.000000
F 2.193931 2.193931 -2.193931
G 4.387862 0.000000 -4.387862
A 6.581793 2.193931 -6.581793
I 8.775724 4.387862 -4.387862
A 10.969655 2.193931 -2.193931
G 8.775724 0.000000 -0.000000
F 6.581793 2.193931 2.193931
I 8.775724 4.387862 4.387862
K 10.969655 6.581793 2.193931
N 8.775724 8.775724 -0.000000
I 6.581793 6.581793 -2.193931
W 4.387862 4.387862 -0.000000


-18.860000	321320312301	1101101101001110011
13

I 0.000000 0.000000 0.000000
F 2.193931 2.193931 -2.193931
G 4.387862 0.000000 -4.387862
A 6.581793 -2.193931 -2.193931
I 8.775724 0.000000 0.000000
A 10.969655 2.193931 -2.193931
G 8.775724 4.387862 -4.387862
F 6.581793 6.581793 -2.193931
I 8.775724 8.775724 0.000000
K 10.969655 6.581793 2.193931
N 8.775724 4.387862 4.387862
I 6.581793 2.193931 2.193931
W 4.387862 4.387862 0.000000


-18.860000	132130123101	1011011011001001110
13

I 0.000000 0.000000 0.000000
F 2.193931 2.193931 -2.193931
G 4.387862 0.000000 -4.387862
A 6.581793 2.193931 -6.581793
I 4.387862 4.387862 -8.775724
A 2.193931 2.193931 -10.969655
G 0.000000 0.000000 -8.775724
F -2.193931 2.193931 -6.581793
I -4.387862 4.387862 -8.775724
K -2.193931 6.581793 -10.969655
N 0.000000 8.775724 -8.775724
I 2.193931 6.581793 -6.581793
W 0.000000 4.387862 -4.387862


-17.980000	201203102101	0100100100111000010
13

I 0.000000 0.000000 0.000000
F 2.193931 2.193931 -2.193931
G 4.387862 0.000000 -4.387862
A 6.581793 2.193931 -6.581793
I 8.775724 4.387862 -4.387862
A 6.581793 6.581793 -2.193931
G 4.387862 4.387862 -0.000000
F 6.581793 2.193931 2.193931
I 8.775724 0.000000 -0.000000
K 6.581793 -2.193931 -2.193931
N 4.387862 -4.387862 -0.000000
I 2.193931 -2.193931 2.193931
W 4.387862 0.000000 4.387862


-17.980000	301302103101	1100101100011000110
13

I 0.000000 0.000000 0.000000
F 2.193931 2.193931 -2.193931
G 4.387862 0.000000 -4.387862
A 6.581793 2.193931 -6.581793
I 4.387862 4.387862 -8.775724
A 2.193931 6.581793 -6.581793
G 0.000000 4.387862 -4.387862
F -2.193931 2.193931 -6.581793
I 0.000000 0.000000 -8.775724
K 2.193931 -2.193931 -6.581793
N 0.000000 -4.387862 -4.387862
I -2.193931 -2.193931 -2.193931
W -4.387862 0.000000 -4.387862


-17.960000	121031201301	1001100011100100101
13

I 0.000000 0.000000 0.000000
F 2.193931 2.193931 -2.193931
G 4.387862 0.000000 -4.387862
A 6.581793 -2.193931 -2.193931
I 4.387862 -4.387862 0.000000
A 2.193931 -2.193931 2.193931
G 4.387862 0.000000 4.387862
F 6.581793 2.193931 2.193931
I 4.387862 4.387862 0.000000
K 2.193931 6.581793 2.193931
N 0.000000 4.387862 4.387862
I -2.193931 2.193931 2.193931
W -4.387862 0.000000 4.387862


-17.960000	303202102301	1100110100011000011
13

I 0.000000 0.000000 0.000000
F 2.193931 2.193931 -2.193931
G 4.387862 0.000000 -4.387862
A 6.581793 -2.193931 -2.193931
I 8.775724 0.000000 0.000000
A 6.581793 2.193931 2.193931
G 4.387862 0.000000 4.387862
F 2.193931 -2.193931 2.193931
I 4.387862 -4.387862 0.000000
K 2.193931 -6.581793 -2.193931
N 0.000000 -4.387862 -4.387862
I -2.193931 -2.193931 -2.193931
W -4.387862 -0.000000 -4.387862


-17.960000	212302102301	0110011100011000011
13

I 0.000000 0.000000 0.000000
F 2.193931 2.193931 -2.193931
G 4.387862 0.000000 -4.387862
A 6.581793 -2.193931 -2.193931
I 8.775724 0.000000 0.000000
A 6.581793 2.193931 2.193931
G 4.387862 0.000000 4.387862
F 2.193931 -2.193931 2.193931
I 4.387862 -4.387862 0.000000
K 6.581793 -6.581793 2.193931
N 8.775724 -4.387862 4.387862
I 10.969655 -2.193931 2.193931
W 13.163586 -0.000000 4.387862


-17.960000	321031201301	1101100011100100101
13

I 0.000000 0.000000 0.000000
F 2.193931 2.193931 -2.193931
G 4.387862 0.000000 -4.387862
A 6.581793 -2.193931 -2.193931
I 4.387862 -4.387862 0.000000
A 2.193931 -2.193931 2.193931
G 4.387862 0.000000 4.387862
F 6.581793 2.193931 2.193931
I 4.387862 4.387862 0.000000
K 2.193931 6.581793 2.193931
N 0.000000 4.387862 4.387862
I -2.193931 2.193931 2.193931
W -4.387862 4.387862 0.000000


-17.960000	103202102301	1000110100011000011
13

I 0.000000 0.000000 0.000000
F 2.193931 2.193931 -2.193931
G 4.387862 0.000000 -4.387862
A 6.581793 -2.193931 -2.193931
I 8.775724 0.000000 0.000000
A 6.581793 2.193931 2.193931
G 4.387862 0.000000 4.387862
F 2.193931 -2.193931 2.193931
I 4.387862 -4.387862 0.000000
K 2.193931 -6.581793 -2.193931
N 0.000000 -4.387862 -4.387862
I -2.193931 -2.193931 -2.193931
W -4.387862 -4.387862 0.000000


-17.960000	012302102301	0010011100011000011
13

I 0.000000 0.000000 0.000000
F 2.193931 2.193931 -2.193931
G 4.387862 0.000000 -4.387862
A 6.581793 -2.193931 -2.193931
I 8.775724 0.000000 0.000000
A 6.581793 2.193931 2.193931
G 4.387862 0.000000 4.387862
F 2.193931 -2.193931 2.193931
I 4.387862 -4.387862 0.000000
K 6.581793 -6.581793 2.193931
N 8.775724 -4.387862 4.387862
I 10.969655 -2.193931 2.193931
W 13.163586 -4.387862 0.000000


-17.660000	121031231301	1001100011100111101
13

I 0.000000 0.000000 0.000000
F 2.193931 2.193931 -2.193931
G 4.387862 0.000000 -4.387862
A 6.581793 -2.193931 -2.193931
I 4.387862 -4.387862 0.000000
A 6.581793 -6.581793 2.193931
G 8.775724 -4.387862 4.387862
F 10.969655 -2.193931 2.193931
I 8.775724 -0.000000 0.000000
K 6.581793 2.193931 2.193931
N 4.387862 -0.000000 4.387862
I 2.193931 -2.193931 2.193931
W 0.000000 -4.387862 4.387862


-17.580000	132131201301	1011011011100100101
13

I 0.000000 0.000000 0.000000
F 2.193931 2.193931 -2.193931
G 4.387862 0.000000 -4.387862
A 6.581793 -2.193931 -2.193931
I 4.387862 -4.387862 0.000000
A 2.193931 -2.193931 2.193931
G 4.387862 0.000000 4.387862
F 6.581793 2.193931 2.193931
I 4.387862 4.387862 0.000000
K 6.581793 6.581793 -2.193931
N 8.775724 8.775724 0.000000
I 10.969655 6.581793 2.193931
W 8.775724 4.387862 4.387862


-17.580000	032031201301	0011010011100100101
13

I 0.000000 0.000000 0.000000
F 2.193931 2.193931 -2.193931
G 4.387862 0.000000 -4.387862
A 6.581793 -2.193931 -2.193931
I 4.387862 -4.387862 0.000000
A 2.193931 -2.193931 2.193931
G 4.387862 0.000000 4.387862
F 6.581793 2.193931 2.193931
I 4.387862 4.387862 0.000000
K 2.193931 6.581793 2.193931
N 4.387862 8.775724 4.387862
I 6.581793 6.581793 6.581793
W 8.775724 4.387862 4.387862


-17.580000	023031201301	0001110011100100101
13

I 0.000000 0.000000 0.000000
F 2.193931 2.193931 -2.193931
G 4.387862 0.000000 -4.387862
A 6.581793 -2.193931 -2.193931
I 4.387862 -4.387862 0.000000
A 2.193931 -2.193931 2.193931
G 4.387862 0.000000 4.387862
F 6.581793 2.193931 2.193931
I 4.387862 4.387862 0.000000
K 2.193931 6.581793 2.193931
N 0.000000 8.775724 0.000000
I -2.193931 6.581793 -2.193931
W 0.000000 4.387862 -4.387862


-17.580000	301302102301	1100101100011000011
13

I 0.000000 0.000000 0.000000
F 2.193931 2.193931 -2.193931
G 4.387862 0.000000 -4.387862
A 6.581793 -2.193931 -2.193931
I 8.775724 0.000000 0.000000
A 6.581793 2.193931 2.193931
G 4.387862 0.000000 4.387862
F 2.193931 -2.193931 2.193931
I 4.387862 -4.387862 0.000000
K 6.581793 -6.581793 2.193931
N 4.387862 -8.775724 4.387862
I 2.193931 -6.581793 6.581793
W 0.000000 -4.387862 4.387862


-17.580000	201202102301	0100100100011000011
13

I 0.000000 0.000000 0.000000
F 2.193931 2.193931 -2.193931
G 4.387862 0.000000 -4.387862
A 6.581793 -2.193931 -2.193931
I 8.775724 0.000000 0.000000
A 6.581793 2.193931 2.193931
G 4.387862 0.000000 4.387862
F 2.193931 -2.193931 2.193931
I 4.387862 -4.387862 0.000000
K 2.193931 -6.581793 -2.193931
N 0.000000 -8.775724 0.000000
I -2.193931 -6.581793 2.193931
W 0.000000 -4.387862 4.387862


-17.580000	123131201301	1001111011100100101
13

I 0.000000 0.000000 0.000000
F 2.193931 2.193931 -2.193931
G 4.387862 0.000000 -4.387862
A 6.581793 -2.193931 -2.193931
I 4.387862 -4.387862 0.000000
A 2.193931 -2.193931 2.193931
G 4.387862 0.000000 4.387862
F 6.581793 2.193931 2.193931
I 4.387862 4.387862 0.000000
K 6.581793 6.581793 -2.193931
N 4.387862 8.775724 -4.387862
I 2.193931 6.581793 -6.581793
W 0.000000 4.387862 -4.387862


-17.280000	120123101301	1001001001111000101
13

I 0.000000 0.000000 0.000000
F 2.193931 2.193931 -2.193931
G 4.387862 0.000000 -4.387862
A 6.581793 -2.193931 -2.193931
I 4.387862 -4.387862 0.000000
A 2.193931 -2.193931 2.193931
G 0.000000 -4.387862 4.387862
F 2.193931 -6.581793 6.581793
I 4.387862 -4.387862 8.775724
K 6.581793 -2.193931 6.581793
N 8.775724 -4.387862 4.387862
I 6.581793 -6.581793 2.193931
W 4.387862 -8.775724 4.387862


-17.280000	123120101301	1001111001001000101
13

I 0.000000 0.000000 0.000000
F 2.193931 2.193931 -2.193931
G 4.387862 0.000000 -4.387862
A 6.581793 -2.193931 -2.193931
I 4.387862 -4.387862 0.000000
A 2.193931 -2.193931 2.193931
G 0.000000 -4.387862 4.387862
F -2.193931 -2.193931 6.581793
I 0.000000 0.000000 8.775724
K 2.193931 2.193931 6.581793
N 0.000000 4.387862 4.387862
I -2.193931 2.193931 2.193931
W -4.387862 0.000000 4.387862


-17.280000	210213201301	0110000110110100101
13

I 0.000000 0.000000 0.000000
F 2.193931 2.193931 -2.193931
G 4.387862 0.000000 -4.387862
A 6.581793 -2.193931 -2.193931
I 4.387862 -4.387862 0.000000
A 2.193931 -2.193931 2.193931
G 4.387862 0.000000 4.387862
F 6.581793 -2.193931 6.581793
I 4.387862 -4.387862 8.775724
K 2.193931 -6.581793 6.581793
N 4.387862 -8.775724 4.387862
I 6.581793 -6.581793 2.193931
W 8.775724 -4.387862 4.387862


-17.280000	213210201301	0110110110000100101
13

I 0.000000 0.000000 0.000000
F 2.193931 2.193931 -2.193931
G 4.387862 0.000000 -4.387862
A 6.581793 -2.193931 -2.193931
I 4.387862 -4.387862 0.000000
A 2.193931 -2.193931 2.193931
G 4.387862 0.000000 4.387862
F 2.193931 2.193931 6.581793
I 0.000000 0.000000 8.775724
K -2.193931 -2.193931 6.581793
N -4.387862 0.000000 4.387862
I -2.193931 2.193931 2.193931
W 0.000000 4.387862 4.387862


-17.280000	132012312101	1011010010011110010
13

I 0.000000 0.000000 0.000000
F 2.193931 2.193931 -2.193931
G 4.387862 0.000000 -4.387862
A 6.581793 2.193931 -6.581793
I 8.775724 4.387862 -4.387862
A 10.969655 6.581793 -6.581793
G 8.775724 8.775724 -8.775724
F 6.581793 6.581793 -10.969655
I 4.387862 4.387862 -8.775724
K 2.193931 6.581793 -6.581793
N 4.387862 8.775724 -4.387862
I 6.581793 6.581793 -2.193931
W 4.387862 4.387862 -0.000000


-17.280000	123013213101	1001110010110110110
13

I 0.000000 0.000000 0.000000
F 2.193931 2.193931 -2.193931
G 4.387862 0.000000 -4.387862
A 6.581793 2.193931 -6.581793
I 4.387862 4.387862 -8.775724
A 6.581793 6.581793 -10.969655
G 8.775724 8.775724 -8.775724
F 10.969655 6.581793 -6.581793
I 8.775724 4.387862 -4.387862
K 6.581793 6.581793 -2.193931
N 4.387862 8.775724 -4.387862
I 2.193931 6.581793 -6.581793
W 0.000000 4.387862 -4.387862


-17.080000	312012132101	1110010010011011010
13

I 0.000000 0.000000 0.000000
F 2.193931 2.193931 -2.193931
G 4.387862 0.000000 -4.387862
A 6.581793 2.193931 -6.581793
I 8.775724 4.387862 -4.387862
A 10.969655 2.193931 -2.193931
G 8.775724 0.000000 -0.000000
F 6.581793 -2.193931 -2.193931
I 4.387862 -4.387862 -0.000000
K 2.193931 -2.193931 2.193931
N 4.387862 0.000000 4.387862
I 6.581793 2.193931 2.193931
W 4.387862 4.387862 -0.000000


-17.080000	213013123101	0110110010111001110
13

I 0.000000 0.000000 0.000000
F 2.193931 2.193931 -2.193931
G 4.387862 0.000000 -4.387862
A 6.581793 2.193931 -6.581793
I 4.387862 4.387862 -8.775724
A 2.193931 2.193931 -10.969655
G 0.000000 0.000000 -8.775724
F 2.193931 -2.193931 -6.581793
I 0.000000 -4.387862 -4.387862
K -2.193931 -2.193931 -2.193931
N -4.387862 0.000000 -4.387862
I -2.193931 2.193931 -6.581793
W 0.000000 4.387862 -4.387862


-17.080000	310312103101	1110001110011000110
13

I 0.000000 0.000000 0.000000
F 2.193931 2.193931 -2.193931
G 4.387862 0.000000 -4.387862
A 6.581793 2.193931 -6.581793
I 4.387862 4.387862 -8.775724
A 2.193931 6.581793 -6.581793
G 0.000000 4.387862 -4.387862
F -2.193931 2.193931 -6.581793
I -4.387862 0.000000 -4.387862
K -2.193931 -2.193931 -2.193931
N 0.000000 -4.387862 -4.387862
I 2.193931 -2.193931 -6.581793
W 0.000000 0.000000 -8.775724


-17.080000	210213102101	0110000110111000010
13

I 0.000000 0.000000 0.000000
F 2.193931 2.193931 -2.193931
G 4.387862 0.000000 -4.387862
A 6.581793 2.193931 -6.581793
I 8.775724 4.387862 -4.387862
A 6.581793 6.581793 -2.193931
G 4.387862 4.387862 -0.000000
F 6.581793 2.193931 2.193931
I 4.387862 0.000000 4.387862
K 2.193931 -2.193931 2.193931
N 4.387862 -4.387862 -0.000000
I 6.581793 -2.193931 -2.193931
W 8.775724 0.000000 -0.000000


-16.900000	201202302101	0100100100011100010
13

I 0.000000 0.000000 0.000000
F 2.193931 2.193931 -2.193931
G 4.387862 0.000000 -4.387862
A 6.581793 2.193931 -6.581793
I 8.775724 4.387862 -4.387862
A 6.581793 6.581793 -2.193931
G 4.387862 8.775724 -4.387862
F 2.193931 6.581793 -6.581793
I 4.387862 4.387862 -8.775724
K 2.193931 2.193931 -10.969655
N 0.000000 0.000000 -8.775724
I -2.193931 2.193931 -6.581793
W 0.000000 4.387862 -4.387862


-16.900000	123121201301	1001111001100100101
13

I 0.000000 0.000000 0.000000
F 2.193931 2.193931 -2.193931
G 4.387862 0.000000 -4.387862
A 6.581793 -2.193931 -2.193931
I 4.387862 -4.387862 0.000000
A 2.193931 -2.193931 2.193931
G 4.387862 0.000000 4.387862
F 6.581793 2.193931 2.193931
I 8.775724 4.387862 4.387862
K 10.969655 6.581793 2.193931
N 8.775724 8.775724 0.000000
I 6.581793 6.581793 -2.193931
W 4.387862 4.387862 0.000000


-16.900000	023021201301	0001110001100100101
13

I 0.000000 0.000000 0.000000
F 2.193931 2.193931 -2.193931
G 4.387862 0.000000 -4.387862
A 6.581793 -2.193931 -2.193931
I 4.387862 -4.387862 0.000000
A 2.193931 -2.193931 2.193931
G 4.387862 0.000000 4.387862
F 6.581793 2.193931 2.193931
I 8.775724 4.387862 4.387862
K 6.581793 6.581793 6.581793
N 4.387862 8.775724 4.387862
I 2.193931 6.581793 2.193931
W 4.387862 4.387862 0.000000


-16.900000	301303203101	1100101100110100110
13

I 0.000000 0.000000 0.000000
F 2.193931 2.193931 -2.193931
G 4.387862 0.000000 -4.387862
A 6.581793 2.193931 -6.581793
I 4.387862 4.387862 -8.775724
A 2.193931 6.581793 -6.581793
G 4.387862 8.775724 -4.387862
F 6.581793 6.581793 -2.193931
I 8.775724 4.387862 -4.387862
K 10.969655 2.193931 -2.193931
N 8.775724 0.000000 -0.000000
I 6.581793 2.193931 2.193931
W 4.387862 4.387862 -0.000000


-16.830000	321320103101	1101101101001000110
13

I 0.000000 0.000000 0.000000
F 2.193931 2.193931 -2.193931
G 4.387862 0.000000 -4.387862
A 6.581793 2.193931 -6.581793
I 4.387862 4.387862 -8.775724
A 2.193931 6.581793 -6.581793
G 0.000000 4.387862 -4.387862
F -2.193931 6.581793 -2.193931
I 0.000000 8.775724 -0.000000
K 2.193931 6.581793 2.193931
N 0.000000 4.387862 4.387862
I -2.193931 2.193931 2.193931
W -4.387862 4.387862 -0.000000


-16.830000	231230302301	0111100111001100011
13

I 0.000000 0.000000 0.000000
F 2.193931 2.193931 -2.193931
G 4.387862 0.000000 -4.387862
A 6.581793 -2.193931 -2.193931
I 8.775724 0.000000 0.000000
A 6.581793 2.193931 2.193931
G 4.387862 4.387862 0.000000
F 2.193931 6.581793 2.193931
I 0.000000 8.775724 0.000000
K -2.193931 6.581793 -2.193931
N -4.387862 4.387862 0.000000
I -2.193931 2.193931 2.193931
W 0.000000 4.387862 4.387862


-16.830000	120123102101	1001001001111000010
13

I 0.000000 0.000000 0.000000
F 2.193931 2.193931 -2.193931
G 4.387862 0.000000 -4.387862
A 6.581793 2.193931 -6.581793
I 8.775724 4.387862 -4.387862
A 6.581793 6.581793 -2.193931
G 4.387862 4.387862 -0.000000
F 6.581793 2.193931 2.193931
I 8.775724 4.387862 4.387862
K 10.969655 6.581793 2.193931
N 13.163586 4.387862 -0.000000
I 10.969655 2.193931 -2.193931
W 8.775724 0.000000 -0.000000


-16.830000	320321302301	1101001101101100011
13

I 0.000000 0.000000 0.000000
F 2.193931 2.193931 -2.193931
G 4.387862 0.000000 -4.387862
A 6.581793 -2.193931 -2.193931
I 8.775724 0.000000 0.000000
A 6.581793 2.193931 2.193931
G 4.387862 4.387862 0.000000
F 6.581793 6.581793 -2.193931
I 8.775724 8.775724 0.000000
K 10.969655 6.581793 2.193931
N 13.163586 4.387862 0.000000
I 10.969655 2.193931 -2.193931
W 8.775724 4.387862 -4.387862


-16.830000	031030320301	0011100011001101001
13

I 0.000000 0.000000 0.000000
F 2.193931 2.193931 -2.193931
G 4.387862 0.000000 -4.387862
A 6.581793 -2.193931 -2.193931
I 8.775724 -4.387862 -4.387862
A 6.581793 -6.581793 -6.581793
G 4.387862 -4.387862 -8.775724
F 2.193931 -2.193931 -6.581793
I 0.000000 -0.000000 -8.775724
K -2.193931 2.193931 -6.581793
N -4.387862 -0.000000 -4.387862
I -2.193931 -2.193931 -2.193931
W 0.000000 -4.387862 -4.387862


-16.830000	031030120101	0011100011001001000
13

I 0.000000 0.000000 0.000000
F 2.193931 2.193931 -2.193931
G 4.387862 0.000000 -4.387862
A 6.581793 2.193931 -6.581793
I 8.775724 0.000000 -8.775724
A 6.581793 -2.193931 -10.969655
G 4.387862 -4.387862 -8.775724
F 2.193931 -2.193931 -6.581793
I 0.000000 0.000000 -8.775724
K -2.193931 2.193931 -6.581793
N -4.387862 0.000000 -4.387862
I -2.193931 -2.193931 -2.193931
W 0.000000 -4.387862 -4.387862


-16.830000	021020130101	0001100001001011000
13

I 0.000000 0.000000 0.000000
F 2.193931 2.193931 -2.193931
G 4.387862 0.000000 -4.387862
A 6.581793 2.193931 -6.581793
I 8.775724 0.000000 -8.775724
A 10.969655 -2.193931 -6.581793
G 8.775724 -4.387862 -4.387862
F 6.581793 -2.193931 -2.193931
I 8.775724 0.000000 -0.000000
K 6.581793 2.193931 2.193931
N 4.387862 0.000000 4.387862
I 2.193931 -2.193931 2.193931
W 4.387862 -4.387862 -0.000000


-16.830000	130132103101	1011001011011000110
13

I 0.000000 0.000000 0.000000
F 2.193931 2.193931 -2.193931
G 4.387862 0.000000 -4.387862
A 6.581793 2.193931 -6.581793
I 4.387862 4.387862 -8.775724
A 2.193931 6.581793 -6.581793
G 0.000000 4.387862 -4.387862
F -2.193931 2.193931 -6.581793
I -4.387862 4.387862 -8.775724
K -2.193931 6.581793 -10.969655
N 0.000000 4.387862 -13.163586
I 2.193931 2.193931 -10.969655
W 0.000000 0.000000 -8.775724


-16.830000	231230102101	0111100111001000010
13

I 0.000000 0.000000 0.000000
F 2.193931 2.193931 -2.193931
G 4.387862 0.000000 -4.387862
A 6.581793 2.193931 -6.581793
I 8.775724 4.387862 -4.387862
A 6.581793 6.581793 -2.193931
G 4.387862 4.387862 -0.000000
F 2.193931 6.581793 2.193931
I 0.000000 8.775724 -0.000000
K -2.193931 6.581793 -2.193931
N -4.387862 4.387862 -0.000000
I -2.193931 2.193931 2.193931
W 0.000000 4.387862 4.387862


