-28.081933	310312301	1110001110011
10

D 0.000000 0.000000 0.000000
L 2.193931 2.193931 -2.193931
D 4.387862 0.000000 -4.387862
A 6.581793 -2.193931 -2.193931
L 8.775724 0.000000 0.000000
L 10.969655 2.193931 -2.193931
A 8.775724 4.387862 -4.387862
D 6.581793 6.581793 -2.193931
L 4.387862 4.387862 0.000000
E 6.581793 2.193931 2.193931


-28.081933	130132101	1011001011010
10

D 0.000000 0.000000 0.000000
L 2.193931 2.193931 -2.193931
D 4.387862 0.000000 -4.387862
A 6.581793 2.193931 -6.581793
L 8.775724 4.387862 -4.387862
L 10.969655 2.193931 -2.193931
A 8.775724 0.000000 -0.000000
D 6.581793 2.193931 2.193931
L 4.387862 4.387862 -0.000000
E 6.581793 6.581793 -2.193931


-28.081933	120123101	1001001001110
10

D 0.000000 0.000000 0.000000
L 2.193931 2.193931 -2.193931
D 4.387862 0.000000 -4.387862
A 6.581793 2.193931 -6.581793
L 4.387862 4.387862 -8.775724
L 2.193931 2.193931 -10.969655
A 0.000000 0.000000 -8.775724
D -2.193931 2.193931 -6.581793
L 0.000000 4.387862 -4.387862
E 2.193931 6.581793 -6.581793


-27.891933	031201301	0011100100101
10

D 0.000000 0.000000 0.000000
L 2.193931 2.193931 -2.193931
D 4.387862 0.000000 -4.387862
A 6.581793 -2.193931 -2.193931
L 4.387862 -4.387862 0.000000
L 2.193931 -2.193931 2.193931
A 4.387862 0.000000 4.387862
D 6.581793 2.193931 2.193931
L 4.387862 4.387862 0.000000
E 2.193931 6.581793 2.193931


-27.891933	131201301	1011100100101
10

D 0.000000 0.000000 0.000000
L 2.193931 2.193931 -2.193931
D 4.387862 0.000000 -4.387862
A 6.581793 -2.193931 -2.193931
L 4.387862 -4.387862 0.000000
L 2.193931 -2.193931 2.193931
A 4.387862 0.000000 4.387862
D 6.581793 2.193931 2.193931
L 4.387862 4.387862 0.000000
E 6.581793 6.581793 -2.193931


-26.895668	103102101	1000111000010
10

D 0.000000 0.000000 0.000000
L 2.193931 2.193931 -2.193931
D 4.387862 0.000000 -4.387862
A 6.581793 2.193931 -6.581793
L 8.775724 4.387862 -4.387862
L 6.581793 6.581793 -2.193931
A 4.387862 4.387862 -0.000000
D 6.581793 2.193931 2.193931
L 8.775724 0.000000 -0.000000
E 10.969655 2.193931 -2.193931


-26.895668	102103101	1000011000110
10

D 0.000000 0.000000 0.000000
L 2.193931 2.193931 -2.193931
D 4.387862 0.000000 -4.387862
A 6.581793 2.193931 -6.581793
L 4.387862 4.387862 -8.775724
L 2.193931 6.581793 -6.581793
A 0.000000 4.387862 -4.387862
D -2.193931 2.193931 -6.581793
L 0.000000 0.000000 -8.775724
E 2.193931 2.193931 -10.969655


-26.895668	301302301	1100101100011
10

D 0.000000 0.000000 0.000000
L 2.193931 2.193931 -2.193931
D 4.387862 0.000000 -4.387862
A 6.581793 -2.193931 -2.193931
L 8.775724 0.000000 0.000000
L 6.581793 2.193931 2.193931
A 4.387862 4.387862 0.000000
D 6.581793 6.581793 -2.193931
L 8.775724 4.387862 -4.387862
E 10.969655 2.193931 -2.193931


-26.589317	101201301	1000100100101
10

D 0.000000 0.000000 0.000000
L 2.193931 2.193931 -2.193931
D 4.387862 0.000000 -4.387862
A 6.581793 -2.193931 -2.193931
L 4.387862 -4.387862 0.000000
L 2.193931 -2.193931 2.193931
A 4.387862 0.000000 4.387862
D 6.581793 2.193931 2.193931
L 8.775724 0.000000 0.000000
E 10.969655 2.193931 -2.193931


-26.589317	301201301	1100100100101
10

D 0.000000 0.000000 0.000000
L 2.193931 2.193931 -2.193931
D 4.387862 0.000000 -4.387862
A 6.581793 -2.193931 -2.193931
L 4.387862 -4.387862 0.000000
L 2.193931 -2.193931 2.193931
A 4.387862 0.000000 4.387862
D 6.581793 2.193931 2.193931
L 8.775724 0.000000 0.000000
E 10.969655 -2.193931 2.193931


-24.399317	202102301	0100011000011
10

D 0.000000 0.000000 0.000000
L 2.193931 2.193931 -2.193931
D 4.387862 0.000000 -4.387862
A 6.581793 -2.193931 -2.193931
L 8.775724 0.000000 0.000000
L 6.581793 2.193931 2.193931
A 4.387862 0.000000 4.387862
D 2.193931 -2.193931 2.193931
L 4.387862 -4.387862 0.000000
E 2.193931 -6.581793 -2.193931


-24.399317	302102301	1100011000011
10

D 0.000000 0.000000 0.000000
L 2.193931 2.193931 -2.193931
D 4.387862 0.000000 -4.387862
A 6.581793 -2.193931 -2.193931
L 8.775724 0.000000 0.000000
L 6.581793 2.193931 2.193931
A 4.387862 0.000000 4.387862
D 2.193931 -2.193931 2.193931
L 4.387862 -4.387862 0.000000
E 6.581793 -6.581793 2.193931


-24.325668	203102101	0100111000010
10

D 0.000000 0.000000 0.000000
L 2.193931 2.193931 -2.193931
D 4.387862 0.000000 -4.387862
A 6.581793 2.193931 -6.581793
L 8.775724 4.387862 -4.387862
L 6.581793 6.581793 -2.193931
A 4.387862 4.387862 -0.000000
D 6.581793 2.193931 2.193931
L 8.775724 0.000000 -0.000000
E 6.581793 -2.193931 -2.193931


-24.325668	201302301	0100101100011
10

D 0.000000 0.000000 0.000000
L 2.193931 2.193931 -2.193931
D 4.387862 0.000000 -4.387862
A 6.581793 -2.193931 -2.193931
L 8.775724 0.000000 0.000000
L 6.581793 2.193931 2.193931
A 4.387862 4.387862 0.000000
D 6.581793 6.581793 -2.193931
L 8.775724 4.387862 -4.387862
E 6.581793 2.193931 -6.581793


-24.325668	302103101	1100011000110
10

D 0.000000 0.000000 0.000000
L 2.193931 2.193931 -2.193931
D 4.387862 0.000000 -4.387862
A 6.581793 2.193931 -6.581793
L 4.387862 4.387862 -8.775724
L 2.193931 6.581793 -6.581793
A 0.000000 4.387862 -4.387862
D -2.193931 2.193931 -6.581793
L 0.000000 0.000000 -8.775724
E 2.193931 -2.193931 -6.581793


-22.262569	103101301	1000111000101
10

D 0.000000 0.000000 0.000000
L 2.193931 2.193931 -2.193931
D 4.387862 0.000000 -4.387862
A 6.581793 -2.193931 -2.193931
L 4.387862 -4.387862 0.000000
L 2.193931 -2.193931 2.193931
A 0.000000 -4.387862 4.387862
D 2.193931 -6.581793 6.581793
L 4.387862 -8.775724 4.387862
E 6.581793 -6.581793 2.193931


-22.262569	102101301	1000011000101
10

D 0.000000 0.000000 0.000000
L 2.193931 2.193931 -2.193931
D 4.387862 0.000000 -4.387862
A 6.581793 -2.193931 -2.193931
L 4.387862 -4.387862 0.000000
L 2.193931 -2.193931 2.193931
A 0.000000 -4.387862 4.387862
D -2.193931 -6.581793 2.193931
L 0.000000 -8.775724 0.000000
E 2.193931 -6.581793 -2.193931


-22.262569	203201301	0100110100101
10

D 0.000000 0.000000 0.000000
L 2.193931 2.193931 -2.193931
D 4.387862 0.000000 -4.387862
A 6.581793 -2.193931 -2.193931
L 4.387862 -4.387862 0.000000
L 2.193931 -2.193931 2.193931
A 4.387862 0.000000 4.387862
D 6.581793 -2.193931 6.581793
L 8.775724 -4.387862 4.387862
E 6.581793 -6.581793 2.193931


-21.368834	030132101	0011001011010
10

D 0.000000 0.000000 0.000000
L 2.193931 2.193931 -2.193931
D 4.387862 0.000000 -4.387862
A 6.581793 2.193931 -6.581793
L 8.775724 4.387862 -4.387862
L 10.969655 2.193931 -2.193931
A 8.775724 0.000000 -0.000000
D 6.581793 2.193931 2.193931
L 4.387862 4.387862 -0.000000
E 2.193931 6.581793 2.193931


-21.368834	212302101	0110011100010
10

D 0.000000 0.000000 0.000000
L 2.193931 2.193931 -2.193931
D 4.387862 0.000000 -4.387862
A 6.581793 2.193931 -6.581793
L 8.775724 4.387862 -4.387862
L 6.581793 6.581793 -2.193931
A 4.387862 8.775724 -4.387862
D 2.193931 6.581793 -6.581793
L 0.000000 4.387862 -4.387862
E -2.193931 2.193931 -6.581793


-21.368834	313203101	1110110100110
10

D 0.000000 0.000000 0.000000
L 2.193931 2.193931 -2.193931
D 4.387862 0.000000 -4.387862
A 6.581793 2.193931 -6.581793
L 4.387862 4.387862 -8.775724
L 2.193931 6.581793 -6.581793
A 4.387862 8.775724 -4.387862
D 6.581793 6.581793 -2.193931
L 4.387862 4.387862 -0.000000
E 6.581793 2.193931 2.193931


-21.368834	020123101	0001001001110
10

D 0.000000 0.000000 0.000000
L 2.193931 2.193931 -2.193931
D 4.387862 0.000000 -4.387862
A 6.581793 2.193931 -6.581793
L 4.387862 4.387862 -8.775724
L 2.193931 2.193931 -10.969655
A 0.000000 0.000000 -8.775724
D -2.193931 2.193931 -6.581793
L 0.000000 4.387862 -4.387862
E -2.193931 6.581793 -2.193931


-21.368834	010312301	0010001110011
10

D 0.000000 0.000000 0.000000
L 2.193931 2.193931 -2.193931
D 4.387862 0.000000 -4.387862
A 6.581793 -2.193931 -2.193931
L 8.775724 0.000000 0.000000
L 10.969655 2.193931 -2.193931
A 8.775724 4.387862 -4.387862
D 6.581793 6.581793 -2.193931
L 4.387862 4.387862 0.000000
E 2.193931 6.581793 2.193931


-21.368834	013203101	0010110100110
10

D 0.000000 0.000000 0.000000
L 2.193931 2.193931 -2.193931
D 4.387862 0.000000 -4.387862
A 6.581793 2.193931 -6.581793
L 4.387862 4.387862 -8.775724
L 2.193931 6.581793 -6.581793
A 4.387862 8.775724 -4.387862
D 6.581793 6.581793 -2.193931
L 4.387862 4.387862 -0.000000
E 2.193931 6.581793 2.193931


-21.368834	012302101	0010011100010
10

D 0.000000 0.000000 0.000000
L 2.193931 2.193931 -2.193931
D 4.387862 0.000000 -4.387862
A 6.581793 2.193931 -6.581793
L 8.775724 4.387862 -4.387862
L 6.581793 6.581793 -2.193931
A 4.387862 8.775724 -4.387862
D 2.193931 6.581793 -6.581793
L 0.000000 4.387862 -4.387862
E -2.193931 6.581793 -2.193931


-20.182569	101302301	1000101100011
10

D 0.000000 0.000000 0.000000
L 2.193931 2.193931 -2.193931
D 4.387862 0.000000 -4.387862
A 6.581793 -2.193931 -2.193931
L 8.775724 0.000000 0.000000
L 6.581793 2.193931 2.193931
A 4.387862 4.387862 0.000000
D 6.581793 6.581793 -2.193931
L 8.775724 4.387862 -4.387862
E 10.969655 6.581793 -6.581793


-20.182569	202103101	0100011000110
10

D 0.000000 0.000000 0.000000
L 2.193931 2.193931 -2.193931
D 4.387862 0.000000 -4.387862
A 6.581793 2.193931 -6.581793
L 4.387862 4.387862 -8.775724
L 2.193931 6.581793 -6.581793
A 0.000000 4.387862 -4.387862
D -2.193931 2.193931 -6.581793
L 0.000000 0.000000 -8.775724
E -2.193931 -2.193931 -10.969655


-20.182569	303102101	1100111000010
10

D 0.000000 0.000000 0.000000
L 2.193931 2.193931 -2.193931
D 4.387862 0.000000 -4.387862
A 6.581793 2.193931 -6.581793
L 8.775724 4.387862 -4.387862
L 6.581793 6.581793 -2.193931
A 4.387862 4.387862 -0.000000
D 6.581793 2.193931 2.193931
L 8.775724 0.000000 -0.000000
E 10.969655 -2.193931 2.193931


-20.066218	103203101	1000110100110
10

D 0.000000 0.000000 0.000000
L 2.193931 2.193931 -2.193931
D 4.387862 0.000000 -4.387862
A 6.581793 2.193931 -6.581793
L 4.387862 4.387862 -8.775724
L 2.193931 6.581793 -6.581793
A 4.387862 8.775724 -4.387862
D 6.581793 6.581793 -2.193931
L 8.775724 4.387862 -4.387862
E 10.969655 6.581793 -6.581793


-20.066218	102302101	1000011100010
10

D 0.000000 0.000000 0.000000
L 2.193931 2.193931 -2.193931
D 4.387862 0.000000 -4.387862
A 6.581793 2.193931 -6.581793
L 8.775724 4.387862 -4.387862
L 6.581793 6.581793 -2.193931
A 4.387862 8.775724 -4.387862
D 2.193931 6.581793 -6.581793
L 4.387862 4.387862 -8.775724
E 6.581793 6.581793 -10.969655


-20.066218	202302101	0100011100010
10

D 0.000000 0.000000 0.000000
L 2.193931 2.193931 -2.193931
D 4.387862 0.000000 -4.387862
A 6.581793 2.193931 -6.581793
L 8.775724 4.387862 -4.387862
L 6.581793 6.581793 -2.193931
A 4.387862 8.775724 -4.387862
D 2.193931 6.581793 -6.581793
L 4.387862 4.387862 -8.775724
E 2.193931 2.193931 -10.969655


-20.066218	303203101	1100110100110
10

D 0.000000 0.000000 0.000000
L 2.193931 2.193931 -2.193931
D 4.387862 0.000000 -4.387862
A 6.581793 2.193931 -6.581793
L 4.387862 4.387862 -8.775724
L 2.193931 6.581793 -6.581793
A 4.387862 8.775724 -4.387862
D 6.581793 6.581793 -2.193931
L 8.775724 4.387862 -4.387862
E 10.969655 2.193931 -2.193931


-18.887801	210302301	0110001100011
10

D 0.000000 0.000000 0.000000
L 2.193931 2.193931 -2.193931
D 4.387862 0.000000 -4.387862
A 6.581793 -2.193931 -2.193931
L 8.775724 0.000000 0.000000
L 6.581793 2.193931 2.193931
A 4.387862 4.387862 0.000000
D 2.193931 6.581793 2.193931
L 0.000000 4.387862 4.387862
E -2.193931 2.193931 2.193931


-18.887801	210102101	0110001000010
10

D 0.000000 0.000000 0.000000
L 2.193931 2.193931 -2.193931
D 4.387862 0.000000 -4.387862
A 6.581793 2.193931 -6.581793
L 8.775724 4.387862 -4.387862
L 6.581793 6.581793 -2.193931
A 4.387862 4.387862 -0.000000
D 2.193931 6.581793 2.193931
L 0.000000 4.387862 4.387862
E -2.193931 2.193931 2.193931


-18.887801	213102101	0110111000010
10

D 0.000000 0.000000 0.000000
L 2.193931 2.193931 -2.193931
D 4.387862 0.000000 -4.387862
A 6.581793 2.193931 -6.581793
L 8.775724 4.387862 -4.387862
L 6.581793 6.581793 -2.193931
A 4.387862 4.387862 -0.000000
D 6.581793 2.193931 2.193931
L 4.387862 0.000000 4.387862
E 2.193931 -2.193931 2.193931


-18.887801	310103101	1110001000110
10

D 0.000000 0.000000 0.000000
L 2.193931 2.193931 -2.193931
D 4.387862 0.000000 -4.387862
A 6.581793 2.193931 -6.581793
L 4.387862 4.387862 -8.775724
L 2.193931 6.581793 -6.581793
A 0.000000 4.387862 -4.387862
D -2.193931 6.581793 -2.193931
L -4.387862 4.387862 -0.000000
E -2.193931 2.193931 2.193931


-18.887801	312103101	1110011000110
10

D 0.000000 0.000000 0.000000
L 2.193931 2.193931 -2.193931
D 4.387862 0.000000 -4.387862
A 6.581793 2.193931 -6.581793
L 4.387862 4.387862 -8.775724
L 2.193931 6.581793 -6.581793
A 0.000000 4.387862 -4.387862
D -2.193931 2.193931 -6.581793
L -4.387862 0.000000 -4.387862
E -2.193931 -2.193931 -2.193931


-18.771450	032132301	0011011011011
10

D 0.000000 0.000000 0.000000
L 2.193931 2.193931 -2.193931
D 4.387862 0.000000 -4.387862
A 6.581793 -2.193931 -2.193931
L 8.775724 0.000000 0.000000
L 10.969655 -2.193931 2.193931
A 8.775724 -4.387862 4.387862
D 6.581793 -6.581793 2.193931
L 4.387862 -4.387862 0.000000
E 2.193931 -2.193931 2.193931


-18.771450	030130301	0011001011001
10

D 0.000000 0.000000 0.000000
L 2.193931 2.193931 -2.193931
D 4.387862 0.000000 -4.387862
A 6.581793 -2.193931 -2.193931
L 8.775724 -4.387862 -4.387862
L 10.969655 -6.581793 -2.193931
A 8.775724 -8.775724 0.000000
D 6.581793 -6.581793 2.193931
L 4.387862 -4.387862 0.000000
E 2.193931 -2.193931 2.193931


-18.771450	020120301	0001001001001
10

D 0.000000 0.000000 0.000000
L 2.193931 2.193931 -2.193931
D 4.387862 0.000000 -4.387862
A 6.581793 -2.193931 -2.193931
L 8.775724 -4.387862 -4.387862
L 6.581793 -6.581793 -6.581793
A 4.387862 -8.775724 -4.387862
D 2.193931 -6.581793 -2.193931
L 4.387862 -4.387862 -0.000000
E 2.193931 -2.193931 2.193931


-18.608834	130131301	1011001011101
10

D 0.000000 0.000000 0.000000
L 2.193931 2.193931 -2.193931
D 4.387862 0.000000 -4.387862
A 6.581793 -2.193931 -2.193931
L 4.387862 -4.387862 0.000000
L 6.581793 -6.581793 2.193931
A 4.387862 -8.775724 4.387862
D 2.193931 -6.581793 6.581793
L 0.000000 -4.387862 4.387862
E 2.193931 -2.193931 2.193931


-18.608834	120121301	1001001001101
10

D 0.000000 0.000000 0.000000
L 2.193931 2.193931 -2.193931
D 4.387862 0.000000 -4.387862
A 6.581793 -2.193931 -2.193931
L 4.387862 -4.387862 0.000000
L 2.193931 -6.581793 -2.193931
A 0.000000 -8.775724 0.000000
D -2.193931 -6.581793 2.193931
L 0.000000 -4.387862 4.387862
E 2.193931 -2.193931 2.193931


-18.608834	230231301	0111000111101
10

D 0.000000 0.000000 0.000000
L 2.193931 2.193931 -2.193931
D 4.387862 0.000000 -4.387862
A 6.581793 -2.193931 -2.193931
L 4.387862 -4.387862 0.000000
L 6.581793 -6.581793 2.193931
A 8.775724 -4.387862 4.387862
D 6.581793 -2.193931 6.581793
L 4.387862 -0.000000 4.387862
E 2.193931 -2.193931 2.193931


-18.535185	132101301	1011011000101
10

D 0.000000 0.000000 0.000000
L 2.193931 2.193931 -2.193931
D 4.387862 0.000000 -4.387862
A 6.581793 -2.193931 -2.193931
L 4.387862 -4.387862 0.000000
L 2.193931 -2.193931 2.193931
A 0.000000 -4.387862 4.387862
D -2.193931 -6.581793 2.193931
L -4.387862 -4.387862 0.000000
E -2.193931 -2.193931 -2.193931


-18.535185	130101301	1011001000101
10

D 0.000000 0.000000 0.000000
L 2.193931 2.193931 -2.193931
D 4.387862 0.000000 -4.387862
A 6.581793 -2.193931 -2.193931
L 4.387862 -4.387862 0.000000
L 2.193931 -2.193931 2.193931
A 0.000000 -4.387862 4.387862
D -2.193931 -2.193931 6.581793
L -4.387862 0.000000 4.387862
E -2.193931 2.193931 2.193931


-18.535185	230201301	0111000100101
10

D 0.000000 0.000000 0.000000
L 2.193931 2.193931 -2.193931
D 4.387862 0.000000 -4.387862
A 6.581793 -2.193931 -2.193931
L 4.387862 -4.387862 0.000000
L 2.193931 -2.193931 2.193931
A 4.387862 0.000000 4.387862
D 2.193931 2.193931 6.581793
L 0.000000 4.387862 4.387862
E -2.193931 2.193931 2.193931


-17.867801	310302301	1110001100011
10

D 0.000000 0.000000 0.000000
L 2.193931 2.193931 -2.193931
D 4.387862 0.000000 -4.387862
A 6.581793 -2.193931 -2.193931
L 8.775724 0.000000 0.000000
L 6.581793 2.193931 2.193931
A 4.387862 4.387862 0.000000
D 2.193931 6.581793 2.193931
L 0.000000 4.387862 4.387862
E 2.193931 2.193931 6.581793


-17.751450	031231301	0011100111101
10

D 0.000000 0.000000 0.000000
L 2.193931 2.193931 -2.193931
D 4.387862 0.000000 -4.387862
A 6.581793 -2.193931 -2.193931
L 4.387862 -4.387862 0.000000
L 6.581793 -6.581793 2.193931
A 8.775724 -4.387862 4.387862
D 10.969655 -2.193931 2.193931
L 8.775724 -0.000000 0.000000
E 6.581793 2.193931 2.193931


-16.780502	103102301	1000111000011
10

D 0.000000 0.000000 0.000000
L 2.193931 2.193931 -2.193931
D 4.387862 0.000000 -4.387862
A 6.581793 -2.193931 -2.193931
L 8.775724 0.000000 0.000000
L 6.581793 2.193931 2.193931
A 4.387862 0.000000 4.387862
D 6.581793 -2.193931 6.581793
L 8.775724 -4.387862 4.387862
E 10.969655 -2.193931 2.193931


-16.474152	103201301	1000110100101
10

D 0.000000 0.000000 0.000000
L 2.193931 2.193931 -2.193931
D 4.387862 0.000000 -4.387862
A 6.581793 -2.193931 -2.193931
L 4.387862 -4.387862 0.000000
L 2.193931 -2.193931 2.193931
A 4.387862 0.000000 4.387862
D 6.581793 -2.193931 6.581793
L 8.775724 -4.387862 4.387862
E 10.969655 -2.193931 2.193931


-15.785734	321302301	1101101100011
10

D 0.000000 0.000000 0.000000
L 2.193931 2.193931 -2.193931
D 4.387862 0.000000 -4.387862
A 6.581793 -2.193931 -2.193931
L 8.775724 0.000000 0.000000
L 6.581793 2.193931 2.193931
A 4.387862 4.387862 0.000000
D 6.581793 6.581793 -2.193931
L 8.775724 8.775724 0.000000
E 10.969655 6.581793 2.193931


-15.785734	320302301	1101001100011
10

D 0.000000 0.000000 0.000000
L 2.193931 2.193931 -2.193931
D 4.387862 0.000000 -4.387862
A 6.581793 -2.193931 -2.193931
L 8.775724 0.000000 0.000000
L 6.581793 2.193931 2.193931
A 4.387862 4.387862 0.000000
D 2.193931 6.581793 2.193931
L 4.387862 8.775724 4.387862
E 6.581793 6.581793 6.581793


-15.785734	320103101	1101001000110
10

D 0.000000 0.000000 0.000000
L 2.193931 2.193931 -2.193931
D 4.387862 0.000000 -4.387862
A 6.581793 2.193931 -6.581793
L 4.387862 4.387862 -8.775724
L 2.193931 6.581793 -6.581793
A 0.000000 4.387862 -4.387862
D -2.193931 6.581793 -2.193931
L 0.000000 8.775724 -0.000000
E 2.193931 6.581793 2.193931


-15.785734	132103101	1011011000110
10

D 0.000000 0.000000 0.000000
L 2.193931 2.193931 -2.193931
D 4.387862 0.000000 -4.387862
A 6.581793 2.193931 -6.581793
L 4.387862 4.387862 -8.775724
L 2.193931 6.581793 -6.581793
A 0.000000 4.387862 -4.387862
D -2.193931 2.193931 -6.581793
L -4.387862 4.387862 -8.775724
E -2.193931 6.581793 -10.969655


-15.785734	130103101	1011001000110
10

D 0.000000 0.000000 0.000000
L 2.193931 2.193931 -2.193931
D 4.387862 0.000000 -4.387862
A 6.581793 2.193931 -6.581793
L 4.387862 4.387862 -8.775724
L 2.193931 6.581793 -6.581793
A 0.000000 4.387862 -4.387862
D -2.193931 6.581793 -2.193931
L -4.387862 8.775724 -4.387862
E -2.193931 10.969655 -6.581793


-15.785734	130102101	1011001000010
10

D 0.000000 0.000000 0.000000
L 2.193931 2.193931 -2.193931
D 4.387862 0.000000 -4.387862
A 6.581793 2.193931 -6.581793
L 8.775724 4.387862 -4.387862
L 6.581793 6.581793 -2.193931
A 4.387862 4.387862 -0.000000
D 2.193931 6.581793 2.193931
L 0.000000 8.775724 -0.000000
E 2.193931 10.969655 -2.193931


-15.785734	231302301	0111101100011
10

D 0.000000 0.000000 0.000000
L 2.193931 2.193931 -2.193931
D 4.387862 0.000000 -4.387862
A 6.581793 -2.193931 -2.193931
L 8.775724 0.000000 0.000000
L 6.581793 2.193931 2.193931
A 4.387862 4.387862 0.000000
D 6.581793 6.581793 -2.193931
L 4.387862 8.775724 -4.387862
E 2.193931 6.581793 -6.581793


-15.785734	120103101	1001001000110
10

D 0.000000 0.000000 0.000000
L 2.193931 2.193931 -2.193931
D 4.387862 0.000000 -4.387862
A 6.581793 2.193931 -6.581793
L 4.387862 4.387862 -8.775724
L 2.193931 6.581793 -6.581793
A 0.000000 4.387862 -4.387862
D -2.193931 6.581793 -2.193931
L 0.000000 8.775724 -0.000000
E 2.193931 10.969655 -2.193931


-15.785734	120102101	1001001000010
10

D 0.000000 0.000000 0.000000
L 2.193931 2.193931 -2.193931
D 4.387862 0.000000 -4.387862
A 6.581793 2.193931 -6.581793
L 8.775724 4.387862 -4.387862
L 6.581793 6.581793 -2.193931
A 4.387862 4.387862 -0.000000
D 2.193931 6.581793 2.193931
L 4.387862 8.775724 4.387862
E 6.581793 10.969655 2.193931


-15.785734	230302301	0111001100011
10

D 0.000000 0.000000 0.000000
L 2.193931 2.193931 -2.193931
D 4.387862 0.000000 -4.387862
A 6.581793 -2.193931 -2.193931
L 8.775724 0.000000 0.000000
L 6.581793 2.193931 2.193931
A 4.387862 4.387862 0.000000
D 2.193931 6.581793 2.193931
L 0.000000 8.775724 0.000000
E -2.193931 6.581793 -2.193931


-15.785734	123102101	1001111000010
10

D 0.000000 0.000000 0.000000
L 2.193931 2.193931 -2.193931
D 4.387862 0.000000 -4.387862
A 6.581793 2.193931 -6.581793
L 8.775724 4.387862 -4.387862
L 6.581793 6.581793 -2.193931
A 4.387862 4.387862 -0.000000
D 6.581793 2.193931 2.193931
L 8.775724 4.387862 4.387862
E 10.969655 6.581793 2.193931


-15.785734	230102101	0111001000010
10

D 0.000000 0.000000 0.000000
L 2.193931 2.193931 -2.193931
D 4.387862 0.000000 -4.387862
A 6.581793 2.193931 -6.581793
L 8.775724 4.387862 -4.387862
L 6.581793 6.581793 -2.193931
A 4.387862 4.387862 -0.000000
D 2.193931 6.581793 2.193931
L 0.000000 8.775724 -0.000000
E -2.193931 6.581793 -2.193931


-15.739469	203202101	0100110100010
10

D 0.000000 0.000000 0.000000
L 2.193931 2.193931 -2.193931
D 4.387862 0.000000 -4.387862
A 6.581793 2.193931 -6.581793
L 8.775724 4.387862 -4.387862
L 6.581793 6.581793 -2.193931
A 8.775724 8.775724 -0.000000
D 10.969655 6.581793 2.193931
L 13.163586 4.387862 -0.000000
E 10.969655 2.193931 -2.193931


-15.739469	203202301	0100110100011
10

D 0.000000 0.000000 0.000000
L 2.193931 2.193931 -2.193931
D 4.387862 0.000000 -4.387862
A 6.581793 -2.193931 -2.193931
L 8.775724 0.000000 0.000000
L 6.581793 2.193931 2.193931
A 8.775724 4.387862 4.387862
D 10.969655 2.193931 6.581793
L 13.163586 0.000000 4.387862
E 10.969655 -2.193931 2.193931


-15.739469	201203101	0100100100110
10

D 0.000000 0.000000 0.000000
L 2.193931 2.193931 -2.193931
D 4.387862 0.000000 -4.387862
A 6.581793 2.193931 -6.581793
L 4.387862 4.387862 -8.775724
L 2.193931 6.581793 -6.581793
A 4.387862 8.775724 -4.387862
D 6.581793 10.969655 -6.581793
L 8.775724 8.775724 -8.775724
E 6.581793 6.581793 -10.969655


-15.739469	201202101	0100100100010
10

D 0.000000 0.000000 0.000000
L 2.193931 2.193931 -2.193931
D 4.387862 0.000000 -4.387862
A 6.581793 2.193931 -6.581793
L 8.775724 4.387862 -4.387862
L 6.581793 6.581793 -2.193931
A 8.775724 8.775724 -0.000000
D 10.969655 10.969655 -2.193931
L 13.163586 8.775724 -4.387862
E 10.969655 6.581793 -6.581793


-15.739469	201202301	0100100100011
10

D 0.000000 0.000000 0.000000
L 2.193931 2.193931 -2.193931
D 4.387862 0.000000 -4.387862
A 6.581793 -2.193931 -2.193931
L 8.775724 0.000000 0.000000
L 6.581793 2.193931 2.193931
A 8.775724 4.387862 4.387862
D 10.969655 6.581793 2.193931
L 13.163586 4.387862 0.000000
E 10.969655 2.193931 -2.193931


-15.739469	302303101	1100011100110
10

D 0.000000 0.000000 0.000000
L 2.193931 2.193931 -2.193931
D 4.387862 0.000000 -4.387862
A 6.581793 2.193931 -6.581793
L 4.387862 4.387862 -8.775724
L 2.193931 6.581793 -6.581793
A 0.000000 8.775724 -8.775724
D -2.193931 6.581793 -10.969655
L 0.000000 4.387862 -13.163586
E 2.193931 2.193931 -10.969655


-15.739469	301303101	1100101100110
10

D 0.000000 0.000000 0.000000
L 2.193931 2.193931 -2.193931
D 4.387862 0.000000 -4.387862
A 6.581793 2.193931 -6.581793
L 4.387862 4.387862 -8.775724
L 2.193931 6.581793 -6.581793
A 0.000000 8.775724 -8.775724
D 2.193931 10.969655 -10.969655
L 4.387862 8.775724 -13.163586
E 6.581793 6.581793 -10.969655


-15.739469	301302101	1100101100010
10

D 0.000000 0.000000 0.000000
L 2.193931 2.193931 -2.193931
D 4.387862 0.000000 -4.387862
A 6.581793 2.193931 -6.581793
L 8.775724 4.387862 -4.387862
L 6.581793 6.581793 -2.193931
A 4.387862 8.775724 -4.387862
D 6.581793 10.969655 -6.581793
L 8.775724 8.775724 -8.775724
E 10.969655 6.581793 -6.581793


-15.669384	210103101	0110001000110
10

D 0.000000 0.000000 0.000000
L 2.193931 2.193931 -2.193931
D 4.387862 0.000000 -4.387862
A 6.581793 2.193931 -6.581793
L 4.387862 4.387862 -8.775724
L 2.193931 6.581793 -6.581793
A 0.000000 4.387862 -4.387862
D -2.193931 6.581793 -2.193931
L -4.387862 4.387862 -0.000000
E -6.581793 2.193931 -2.193931


-15.669384	212103101	0110011000110
10

D 0.000000 0.000000 0.000000
L 2.193931 2.193931 -2.193931
D 4.387862 0.000000 -4.387862
A 6.581793 2.193931 -6.581793
L 4.387862 4.387862 -8.775724
L 2.193931 6.581793 -6.581793
A 0.000000 4.387862 -4.387862
D -2.193931 2.193931 -6.581793
L -4.387862 0.000000 -4.387862
E -6.581793 -2.193931 -6.581793


-15.669384	030230301	0011000111001
10

D 0.000000 0.000000 0.000000
L 2.193931 2.193931 -2.193931
D 4.387862 0.000000 -4.387862
A 6.581793 -2.193931 -2.193931
L 8.775724 -4.387862 -4.387862
L 10.969655 -6.581793 -2.193931
A 13.163586 -4.387862 0.000000
D 10.969655 -2.193931 2.193931
L 8.775724 -0.000000 0.000000
E 6.581793 2.193931 2.193931


-15.669384	030230101	0011000111000
10

D 0.000000 0.000000 0.000000
L 2.193931 2.193931 -2.193931
D 4.387862 0.000000 -4.387862
A 6.581793 2.193931 -6.581793
L 8.775724 0.000000 -8.775724
L 10.969655 -2.193931 -6.581793
A 13.163586 0.000000 -4.387862
D 10.969655 2.193931 -2.193931
L 8.775724 4.387862 -4.387862
E 6.581793 6.581793 -2.193931


-15.669384	310102101	1110001000010
10

D 0.000000 0.000000 0.000000
L 2.193931 2.193931 -2.193931
D 4.387862 0.000000 -4.387862
A 6.581793 2.193931 -6.581793
L 8.775724 4.387862 -4.387862
L 6.581793 6.581793 -2.193931
A 4.387862 4.387862 -0.000000
D 2.193931 6.581793 2.193931
L 0.000000 4.387862 4.387862
E 2.193931 2.193931 6.581793


-15.669384	020320101	0001001101000
10

D 0.000000 0.000000 0.000000
L 2.193931 2.193931 -2.193931
D 4.387862 0.000000 -4.387862
A 6.581793 2.193931 -6.581793
L 8.775724 0.000000 -8.775724
L 6.581793 -2.193931 -10.969655
A 4.387862 0.000000 -13.163586
D 2.193931 2.193931 -10.969655
L 4.387862 4.387862 -8.775724
E 2.193931 6.581793 -6.581793


-15.669384	313102101	1110111000010
10

D 0.000000 0.000000 0.000000
L 2.193931 2.193931 -2.193931
D 4.387862 0.000000 -4.387862
A 6.581793 2.193931 -6.581793
L 8.775724 4.387862 -4.387862
L 6.581793 6.581793 -2.193931
A 4.387862 4.387862 -0.000000
D 6.581793 2.193931 2.193931
L 4.387862 0.000000 4.387862
E 6.581793 -2.193931 6.581793


-15.669384	010310101	0010001110000
10

D 0.000000 0.000000 0.000000
L 2.193931 2.193931 -2.193931
D 4.387862 0.000000 -4.387862
A 6.581793 2.193931 -6.581793
L 8.775724 0.000000 -8.775724
L 10.969655 2.193931 -10.969655
A 8.775724 4.387862 -13.163586
D 6.581793 6.581793 -10.969655
L 4.387862 4.387862 -8.775724
E 2.193931 6.581793 -6.581793


-15.669384	010302301	0010001100011
10

D 0.000000 0.000000 0.000000
L 2.193931 2.193931 -2.193931
D 4.387862 0.000000 -4.387862
A 6.581793 -2.193931 -2.193931
L 8.775724 0.000000 0.000000
L 6.581793 2.193931 2.193931
A 4.387862 4.387862 0.000000
D 2.193931 6.581793 2.193931
L 0.000000 4.387862 4.387862
E -2.193931 6.581793 6.581793


-15.669384	010210301	0010000110001
10

D 0.000000 0.000000 0.000000
L 2.193931 2.193931 -2.193931
D 4.387862 0.000000 -4.387862
A 6.581793 -2.193931 -2.193931
L 8.775724 -4.387862 -4.387862
L 10.969655 -2.193931 -6.581793
A 13.163586 0.000000 -4.387862
D 10.969655 2.193931 -2.193931
L 8.775724 0.000000 -0.000000
E 6.581793 2.193931 2.193931


-15.669384	010210101	0010000110000
10

D 0.000000 0.000000 0.000000
L 2.193931 2.193931 -2.193931
D 4.387862 0.000000 -4.387862
A 6.581793 2.193931 -6.581793
L 8.775724 0.000000 -8.775724
L 10.969655 2.193931 -10.969655
A 13.163586 4.387862 -8.775724
D 10.969655 6.581793 -6.581793
L 8.775724 4.387862 -4.387862
E 6.581793 6.581793 -2.193931


-15.669384	010103101	0010001000110
10

D 0.000000 0.000000 0.000000
L 2.193931 2.193931 -2.193931
D 4.387862 0.000000 -4.387862
A 6.581793 2.193931 -6.581793
L 4.387862 4.387862 -8.775724
L 2.193931 6.581793 -6.581793
A 0.000000 4.387862 -4.387862
D -2.193931 6.581793 -2.193931
L -4.387862 4.387862 -0.000000
E -6.581793 6.581793 2.193931


-15.669384	010102101	0010001000010
10

D 0.000000 0.000000 0.000000
L 2.193931 2.193931 -2.193931
D 4.387862 0.000000 -4.387862
A 6.581793 2.193931 -6.581793
L 8.775724 4.387862 -4.387862
L 6.581793 6.581793 -2.193931
A 4.387862 4.387862 -0.000000
D 2.193931 6.581793 2.193931
L 0.000000 4.387862 4.387862
E -2.193931 6.581793 6.581793


-15.669384	013213101	0010110110110
10

D 0.000000 0.000000 0.000000
L 2.193931 2.193931 -2.193931
D 4.387862 0.000000 -4.387862
A 6.581793 2.193931 -6.581793
L 4.387862 4.387862 -8.775724
L 6.581793 6.581793 -10.969655
A 8.775724 8.775724 -8.775724
D 10.969655 6.581793 -6.581793
L 8.775724 4.387862 -4.387862
E 6.581793 6.581793 -2.193931


-15.669384	013102101	0010111000010
10

D 0.000000 0.000000 0.000000
L 2.193931 2.193931 -2.193931
D 4.387862 0.000000 -4.387862
A 6.581793 2.193931 -6.581793
L 8.775724 4.387862 -4.387862
L 6.581793 6.581793 -2.193931
A 4.387862 4.387862 -0.000000
D 6.581793 2.193931 2.193931
L 4.387862 0.000000 4.387862
E 2.193931 2.193931 6.581793


-15.669384	012103101	0010011000110
10

D 0.000000 0.000000 0.000000
L 2.193931 2.193931 -2.193931
D 4.387862 0.000000 -4.387862
A 6.581793 2.193931 -6.581793
L 4.387862 4.387862 -8.775724
L 2.193931 6.581793 -6.581793
A 0.000000 4.387862 -4.387862
D -2.193931 2.193931 -6.581793
L -4.387862 0.000000 -4.387862
E -6.581793 2.193931 -2.193931


-15.669384	012312101	0010011110010
10

D 0.000000 0.000000 0.000000
L 2.193931 2.193931 -2.193931
D 4.387862 0.000000 -4.387862
A 6.581793 2.193931 -6.581793
L 8.775724 4.387862 -4.387862
L 10.969655 6.581793 -6.581793
A 8.775724 8.775724 -8.775724
D 6.581793 6.581793 -10.969655
L 4.387862 4.387862 -8.775724
E 2.193931 6.581793 -6.581793


-15.553033	321021301	1101100001101
10

D 0.000000 0.000000 0.000000
L 2.193931 2.193931 -2.193931
D 4.387862 0.000000 -4.387862
A 6.581793 -2.193931 -2.193931
L 4.387862 -4.387862 0.000000
L 2.193931 -6.581793 -2.193931
A 4.387862 -8.775724 -4.387862
D 6.581793 -6.581793 -6.581793
L 8.775724 -4.387862 -4.387862
E 10.969655 -6.581793 -2.193931


-15.553033	320120301	1101001001001
10

D 0.000000 0.000000 0.000000
L 2.193931 2.193931 -2.193931
D 4.387862 0.000000 -4.387862
A 6.581793 -2.193931 -2.193931
L 8.775724 -4.387862 -4.387862
L 6.581793 -6.581793 -6.581793
A 4.387862 -8.775724 -4.387862
D 2.193931 -6.581793 -2.193931
L 4.387862 -4.387862 -0.000000
E 6.581793 -6.581793 2.193931


-15.553033	131031301	1011100011101
10

D 0.000000 0.000000 0.000000
L 2.193931 2.193931 -2.193931
D 4.387862 0.000000 -4.387862
A 6.581793 -2.193931 -2.193931
L 4.387862 -4.387862 0.000000
L 6.581793 -6.581793 2.193931
A 8.775724 -8.775724 0.000000
D 10.969655 -6.581793 -2.193931
L 8.775724 -4.387862 -4.387862
E 10.969655 -2.193931 -6.581793


-15.553033	131231301	1011100111101
10

D 0.000000 0.000000 0.000000
L 2.193931 2.193931 -2.193931
D 4.387862 0.000000 -4.387862
A 6.581793 -2.193931 -2.193931
L 4.387862 -4.387862 0.000000
L 6.581793 -6.581793 2.193931
A 8.775724 -4.387862 4.387862
D 10.969655 -2.193931 2.193931
L 8.775724 -0.000000 0.000000
E 10.969655 2.193931 -2.193931


-15.553033	121021301	1001100001101
10

D 0.000000 0.000000 0.000000
L 2.193931 2.193931 -2.193931
D 4.387862 0.000000 -4.387862
A 6.581793 -2.193931 -2.193931
L 4.387862 -4.387862 0.000000
L 2.193931 -6.581793 -2.193931
A 4.387862 -8.775724 -4.387862
D 6.581793 -6.581793 -6.581793
L 8.775724 -4.387862 -4.387862
E 10.969655 -2.193931 -6.581793


-15.553033	232132301	0111011011011
10

D 0.000000 0.000000 0.000000
L 2.193931 2.193931 -2.193931
D 4.387862 0.000000 -4.387862
A 6.581793 -2.193931 -2.193931
L 8.775724 0.000000 0.000000
L 10.969655 -2.193931 2.193931
A 8.775724 -4.387862 4.387862
D 6.581793 -6.581793 2.193931
L 4.387862 -4.387862 0.000000
E 2.193931 -6.581793 -2.193931


-15.553033	231031301	0111100011101
10

D 0.000000 0.000000 0.000000
L 2.193931 2.193931 -2.193931
D 4.387862 0.000000 -4.387862
A 6.581793 -2.193931 -2.193931
L 4.387862 -4.387862 0.000000
L 6.581793 -6.581793 2.193931
A 8.775724 -8.775724 0.000000
D 10.969655 -6.581793 -2.193931
L 8.775724 -4.387862 -4.387862
E 6.581793 -6.581793 -6.581793


-15.553033	230130301	0111001011001
10

D 0.000000 0.000000 0.000000
L 2.193931 2.193931 -2.193931
D 4.387862 0.000000 -4.387862
A 6.581793 -2.193931 -2.193931
L 8.775724 -4.387862 -4.387862
L 10.969655 -6.581793 -2.193931
A 8.775724 -8.775724 0.000000
D 6.581793 -6.581793 2.193931
L 4.387862 -4.387862 0.000000
E 2.193931 -6.581793 -2.193931


-15.549469	203101301	0100111000101
10

D 0.000000 0.000000 0.000000
L 2.193931 2.193931 -2.193931
D 4.387862 0.000000 -4.387862
A 6.581793 -2.193931 -2.193931
L 4.387862 -4.387862 0.000000
L 2.193931 -2.193931 2.193931
A 0.000000 -4.387862 4.387862
D 2.193931 -6.581793 6.581793
L 4.387862 -8.775724 4.387862
E 2.193931 -10.969655 2.193931


-15.549469	202101301	0100011000101
10

D 0.000000 0.000000 0.000000
L 2.193931 2.193931 -2.193931
D 4.387862 0.000000 -4.387862
A 6.581793 -2.193931 -2.193931
L 4.387862 -4.387862 0.000000
L 2.193931 -2.193931 2.193931
A 0.000000 -4.387862 4.387862
D -2.193931 -6.581793 2.193931
L 0.000000 -8.775724 0.000000
E -2.193931 -10.969655 -2.193931


-15.549469	303201301	1100110100101
10

D 0.000000 0.000000 0.000000
L 2.193931 2.193931 -2.193931
D 4.387862 0.000000 -4.387862
A 6.581793 -2.193931 -2.193931
L 4.387862 -4.387862 0.000000
L 2.193931 -2.193931 2.193931
A 4.387862 0.000000 4.387862
D 6.581793 -2.193931 6.581793
L 8.775724 -4.387862 4.387862
E 10.969655 -6.581793 6.581793


-15.549469	303101301	1100111000101
10

D 0.000000 0.000000 0.000000
L 2.193931 2.193931 -2.193931
D 4.387862 0.000000 -4.387862
A 6.581793 -2.193931 -2.193931
L 4.387862 -4.387862 0.000000
L 2.193931 -2.193931 2.193931
A 0.000000 -4.387862 4.387862
D 2.193931 -6.581793 6.581793
L 4.387862 -8.775724 4.387862
E 6.581793 -10.969655 6.581793


-15.549469	302101301	1100011000101
10

D 0.000000 0.000000 0.000000
L 2.193931 2.193931 -2.193931
D 4.387862 0.000000 -4.387862
A 6.581793 -2.193931 -2.193931
L 4.387862 -4.387862 0.000000
L 2.193931 -2.193931 2.193931
A 0.000000 -4.387862 4.387862
D -2.193931 -6.581793 2.193931
L 0.000000 -8.775724 0.000000
E 2.193931 -10.969655 2.193931


