-28.040000	03210230310320101	00110110000111001110001101000
18

G 0.000000 0.000000 0.000000
G 2.193931 2.193931 -2.193931
L 4.387862 0.000000 -4.387862
R 6.581793 2.193931 -6.581793
S 8.775724 0.000000 -8.775724
L 6.581793 -2.193931 -10.969655
G 4.387862 0.000000 -13.163586
R 2.193931 2.193931 -10.969655
K 0.000000 0.000000 -8.775724
I 2.193931 -2.193931 -6.581793
L 4.387862 -4.387862 -8.775724
R 6.581793 -6.581793 -6.581793
A 8.775724 -4.387862 -4.387862
W 6.581793 -2.193931 -2.193931
K 4.387862 -4.387862 -0.000000
K 2.193931 -6.581793 -2.193931
Y 0.000000 -4.387862 -4.387862
G -2.193931 -2.193931 -2.193931


-28.040000	02310320210230101	00011110001101000110000111000
18

G 0.000000 0.000000 0.000000
G 2.193931 2.193931 -2.193931
L 4.387862 0.000000 -4.387862
R 6.581793 2.193931 -6.581793
S 8.775724 0.000000 -8.775724
L 10.969655 -2.193931 -6.581793
G 13.163586 0.000000 -4.387862
R 10.969655 2.193931 -2.193931
K 8.775724 0.000000 -0.000000
I 6.581793 -2.193931 -2.193931
L 8.775724 -4.387862 -4.387862
R 6.581793 -6.581793 -6.581793
A 4.387862 -4.387862 -8.775724
W 2.193931 -2.193931 -6.581793
K 0.000000 -4.387862 -4.387862
K 2.193931 -6.581793 -2.193931
Y 4.387862 -4.387862 -0.000000
G 2.193931 -2.193931 2.193931


-25.950000	02310120230210301	00011110001001000111000110001
18

G 0.000000 0.000000 0.000000
G 2.193931 2.193931 -2.193931
L 4.387862 0.000000 -4.387862
R 6.581793 -2.193931 -2.193931
S 8.775724 -4.387862 -4.387862
L 10.969655 -2.193931 -6.581793
G 13.163586 0.000000 -4.387862
R 10.969655 2.193931 -2.193931
K 8.775724 4.387862 -4.387862
I 6.581793 2.193931 -6.581793
L 8.775724 0.000000 -8.775724
R 6.581793 -2.193931 -10.969655
A 4.387862 -4.387862 -8.775724
W 2.193931 -2.193931 -6.581793
K 0.000000 -4.387862 -4.387862
K 2.193931 -6.581793 -2.193931
Y 4.387862 -4.387862 -0.000000
G 2.193931 -2.193931 2.193931


-25.800000	12130120230210301	10011011001001000111000110001
18

G 0.000000 0.000000 0.000000
G 2.193931 2.193931 -2.193931
L 4.387862 0.000000 -4.387862
R 6.581793 -2.193931 -2.193931
S 8.775724 -4.387862 -4.387862
L 10.969655 -2.193931 -6.581793
G 13.163586 0.000000 -4.387862
R 10.969655 2.193931 -2.193931
K 8.775724 4.387862 -4.387862
I 6.581793 2.193931 -6.581793
L 8.775724 0.000000 -8.775724
R 6.581793 -2.193931 -10.969655
A 4.387862 -4.387862 -8.775724
W 2.193931 -2.193931 -6.581793
K 0.000000 0.000000 -8.775724
K 2.193931 2.193931 -10.969655
Y 4.387862 4.387862 -8.775724
G 6.581793 6.581793 -10.969655


-25.800000	23210230310320101	01110110000111001110001101000
18

G 0.000000 0.000000 0.000000
G 2.193931 2.193931 -2.193931
L 4.387862 0.000000 -4.387862
R 6.581793 2.193931 -6.581793
S 8.775724 0.000000 -8.775724
L 6.581793 -2.193931 -10.969655
G 4.387862 0.000000 -13.163586
R 2.193931 2.193931 -10.969655
K 0.000000 0.000000 -8.775724
I 2.193931 -2.193931 -6.581793
L 4.387862 -4.387862 -8.775724
R 6.581793 -6.581793 -6.581793
A 8.775724 -4.387862 -4.387862
W 6.581793 -2.193931 -2.193931
K 4.387862 -4.387862 -0.000000
K 2.193931 -6.581793 -2.193931
Y 0.000000 -4.387862 -4.387862
G -2.193931 -6.581793 -6.581793


-25.800000	32310320210230101	11011110001101000110000111000
18

G 0.000000 0.000000 0.000000
G 2.193931 2.193931 -2.193931
L 4.387862 0.000000 -4.387862
R 6.581793 2.193931 -6.581793
S 8.775724 0.000000 -8.775724
L 10.969655 -2.193931 -6.581793
G 13.163586 0.000000 -4.387862
R 10.969655 2.193931 -2.193931
K 8.775724 0.000000 -0.000000
I 6.581793 -2.193931 -2.193931
L 8.775724 -4.387862 -4.387862
R 6.581793 -6.581793 -6.581793
A 4.387862 -4.387862 -8.775724
W 2.193931 -2.193931 -6.581793
K 0.000000 -4.387862 -4.387862
K 2.193931 -6.581793 -2.193931
Y 4.387862 -4.387862 -0.000000
G 6.581793 -6.581793 2.193931


-25.800000	21230210130120301	01100111000110001011001001001
18

G 0.000000 0.000000 0.000000
G 2.193931 2.193931 -2.193931
L 4.387862 0.000000 -4.387862
R 6.581793 -2.193931 -2.193931
S 8.775724 -4.387862 -4.387862
L 6.581793 -6.581793 -6.581793
G 4.387862 -8.775724 -4.387862
R 2.193931 -6.581793 -2.193931
K 0.000000 -4.387862 -4.387862
I 2.193931 -2.193931 -6.581793
L 4.387862 -4.387862 -8.775724
R 6.581793 -2.193931 -10.969655
A 8.775724 -0.000000 -8.775724
W 6.581793 2.193931 -6.581793
K 4.387862 4.387862 -8.775724
K 2.193931 2.193931 -10.969655
Y 0.000000 -0.000000 -8.775724
G -2.193931 -2.193931 -10.969655


-25.800000	02130120230210301	00011011001001000111000110001
18

G 0.000000 0.000000 0.000000
G 2.193931 2.193931 -2.193931
L 4.387862 0.000000 -4.387862
R 6.581793 -2.193931 -2.193931
S 8.775724 -4.387862 -4.387862
L 10.969655 -2.193931 -6.581793
G 13.163586 0.000000 -4.387862
R 10.969655 2.193931 -2.193931
K 8.775724 4.387862 -4.387862
I 6.581793 2.193931 -6.581793
L 8.775724 0.000000 -8.775724
R 6.581793 -2.193931 -10.969655
A 4.387862 -4.387862 -8.775724
W 2.193931 -2.193931 -6.581793
K 0.000000 0.000000 -8.775724
K 2.193931 2.193931 -10.969655
Y 4.387862 4.387862 -8.775724
G 2.193931 6.581793 -6.581793


-25.800000	01230210130120301	00100111000110001011001001001
18

G 0.000000 0.000000 0.000000
G 2.193931 2.193931 -2.193931
L 4.387862 0.000000 -4.387862
R 6.581793 -2.193931 -2.193931
S 8.775724 -4.387862 -4.387862
L 6.581793 -6.581793 -6.581793
G 4.387862 -8.775724 -4.387862
R 2.193931 -6.581793 -2.193931
K 0.000000 -4.387862 -4.387862
I 2.193931 -2.193931 -6.581793
L 4.387862 -4.387862 -8.775724
R 6.581793 -2.193931 -10.969655
A 8.775724 -0.000000 -8.775724
W 6.581793 2.193931 -6.581793
K 4.387862 4.387862 -8.775724
K 2.193931 2.193931 -10.969655
Y 0.000000 -0.000000 -8.775724
G -2.193931 2.193931 -6.581793


-25.380000	10231203013023101	10000111100100110010110001110
18

G 0.000000 0.000000 0.000000
G 2.193931 2.193931 -2.193931
L 4.387862 0.000000 -4.387862
R 6.581793 2.193931 -6.581793
S 4.387862 4.387862 -8.775724
L 2.193931 2.193931 -10.969655
G 4.387862 0.000000 -13.163586
R 6.581793 -2.193931 -10.969655
K 4.387862 -4.387862 -8.775724
I 2.193931 -2.193931 -6.581793
L 0.000000 0.000000 -8.775724
R -2.193931 2.193931 -6.581793
A 0.000000 4.387862 -4.387862
W 2.193931 6.581793 -6.581793
K 0.000000 8.775724 -8.775724
K -2.193931 6.581793 -10.969655
Y 0.000000 4.387862 -13.163586
G 2.193931 6.581793 -15.357517


-25.380000	20231203013023101	01000111100100110010110001110
18

G 0.000000 0.000000 0.000000
G 2.193931 2.193931 -2.193931
L 4.387862 0.000000 -4.387862
R 6.581793 2.193931 -6.581793
S 4.387862 4.387862 -8.775724
L 2.193931 2.193931 -10.969655
G 4.387862 0.000000 -13.163586
R 6.581793 -2.193931 -10.969655
K 4.387862 -4.387862 -8.775724
I 2.193931 -2.193931 -6.581793
L 0.000000 0.000000 -8.775724
R -2.193931 2.193931 -6.581793
A 0.000000 4.387862 -4.387862
W 2.193931 6.581793 -6.581793
K 0.000000 8.775724 -8.775724
K -2.193931 6.581793 -10.969655
Y 0.000000 4.387862 -13.163586
G -2.193931 2.193931 -15.357517


-25.380000	10321302012032101	10001101101100010010010011010
18

G 0.000000 0.000000 0.000000
G 2.193931 2.193931 -2.193931
L 4.387862 0.000000 -4.387862
R 6.581793 2.193931 -6.581793
S 8.775724 4.387862 -4.387862
L 10.969655 2.193931 -2.193931
G 13.163586 0.000000 -4.387862
R 10.969655 -2.193931 -6.581793
K 8.775724 -4.387862 -4.387862
I 6.581793 -2.193931 -2.193931
L 8.775724 0.000000 -0.000000
R 6.581793 2.193931 2.193931
A 4.387862 4.387862 -0.000000
W 6.581793 6.581793 -2.193931
K 8.775724 8.775724 -0.000000
K 10.969655 6.581793 2.193931
Y 13.163586 4.387862 -0.000000
G 15.357517 6.581793 -2.193931


-25.380000	10123102032012301	10001001111000010011010010011
18

G 0.000000 0.000000 0.000000
G 2.193931 2.193931 -2.193931
L 4.387862 0.000000 -4.387862
R 6.581793 -2.193931 -2.193931
S 8.775724 0.000000 0.000000
L 10.969655 2.193931 -2.193931
G 13.163586 0.000000 -4.387862
R 10.969655 -2.193931 -6.581793
K 8.775724 0.000000 -8.775724
I 6.581793 2.193931 -6.581793
L 8.775724 4.387862 -4.387862
R 6.581793 6.581793 -2.193931
A 4.387862 4.387862 -0.000000
W 6.581793 2.193931 2.193931
K 8.775724 4.387862 4.387862
K 10.969655 6.581793 2.193931
Y 13.163586 4.387862 -0.000000
G 15.357517 6.581793 -2.193931


-25.380000	30123102032012301	11001001111000010011010010011
18

G 0.000000 0.000000 0.000000
G 2.193931 2.193931 -2.193931
L 4.387862 0.000000 -4.387862
R 6.581793 -2.193931 -2.193931
S 8.775724 0.000000 0.000000
L 10.969655 2.193931 -2.193931
G 13.163586 0.000000 -4.387862
R 10.969655 -2.193931 -6.581793
K 8.775724 0.000000 -8.775724
I 6.581793 2.193931 -6.581793
L 8.775724 4.387862 -4.387862
R 6.581793 6.581793 -2.193931
A 4.387862 4.387862 -0.000000
W 6.581793 2.193931 2.193931
K 8.775724 4.387862 4.387862
K 10.969655 6.581793 2.193931
Y 13.163586 4.387862 -0.000000
G 15.357517 2.193931 2.193931


-25.380000	30321302012032101	11001101101100010010010011010
18

G 0.000000 0.000000 0.000000
G 2.193931 2.193931 -2.193931
L 4.387862 0.000000 -4.387862
R 6.581793 2.193931 -6.581793
S 8.775724 4.387862 -4.387862
L 10.969655 2.193931 -2.193931
G 13.163586 0.000000 -4.387862
R 10.969655 -2.193931 -6.581793
K 8.775724 -4.387862 -4.387862
I 6.581793 -2.193931 -2.193931
L 8.775724 0.000000 -0.000000
R 6.581793 2.193931 2.193931
A 4.387862 4.387862 -0.000000
W 6.581793 6.581793 -2.193931
K 8.775724 8.775724 -0.000000
K 10.969655 6.581793 2.193931
Y 13.163586 4.387862 -0.000000
G 15.357517 2.193931 2.193931


-25.000000	12302102012032101	10011100011000010010010011010
18

G 0.000000 0.000000 0.000000
G 2.193931 2.193931 -2.193931
L 4.387862 0.000000 -4.387862
R 6.581793 2.193931 -6.581793
S 8.775724 4.387862 -4.387862
L 10.969655 2.193931 -2.193931
G 13.163586 0.000000 -4.387862
R 10.969655 -2.193931 -6.581793
K 8.775724 -4.387862 -4.387862
I 6.581793 -2.193931 -2.193931
L 8.775724 0.000000 -0.000000
R 6.581793 2.193931 2.193931
A 4.387862 0.000000 4.387862
W 2.193931 -2.193931 2.193931
K 4.387862 -4.387862 -0.000000
K 6.581793 -6.581793 2.193931
Y 8.775724 -4.387862 4.387862
G 10.969655 -2.193931 2.193931


-25.000000	13203103013023101	10110100111000110010110001110
18

G 0.000000 0.000000 0.000000
G 2.193931 2.193931 -2.193931
L 4.387862 0.000000 -4.387862
R 6.581793 2.193931 -6.581793
S 4.387862 4.387862 -8.775724
L 2.193931 2.193931 -10.969655
G 4.387862 0.000000 -13.163586
R 6.581793 -2.193931 -10.969655
K 4.387862 -4.387862 -8.775724
I 2.193931 -2.193931 -6.581793
L 0.000000 0.000000 -8.775724
R -2.193931 2.193931 -6.581793
A -4.387862 0.000000 -4.387862
W -2.193931 -2.193931 -2.193931
K 0.000000 -4.387862 -4.387862
K -2.193931 -6.581793 -6.581793
Y -4.387862 -4.387862 -8.775724
G -2.193931 -2.193931 -10.969655


-25.000000	12303103013023101	10011100111000110010110001110
18

G 0.000000 0.000000 0.000000
G 2.193931 2.193931 -2.193931
L 4.387862 0.000000 -4.387862
R 6.581793 2.193931 -6.581793
S 4.387862 4.387862 -8.775724
L 2.193931 2.193931 -10.969655
G 4.387862 0.000000 -13.163586
R 6.581793 -2.193931 -10.969655
K 4.387862 -4.387862 -8.775724
I 2.193931 -2.193931 -6.581793
L 0.000000 0.000000 -8.775724
R -2.193931 2.193931 -6.581793
A -4.387862 0.000000 -4.387862
W -2.193931 -2.193931 -2.193931
K 0.000000 -4.387862 -4.387862
K 2.193931 -6.581793 -2.193931
Y 4.387862 -4.387862 -0.000000
G 6.581793 -2.193931 -2.193931


-25.000000	13202102012032101	10110100011000010010010011010
18

G 0.000000 0.000000 0.000000
G 2.193931 2.193931 -2.193931
L 4.387862 0.000000 -4.387862
R 6.581793 2.193931 -6.581793
S 8.775724 4.387862 -4.387862
L 10.969655 2.193931 -2.193931
G 13.163586 0.000000 -4.387862
R 10.969655 -2.193931 -6.581793
K 8.775724 -4.387862 -4.387862
I 6.581793 -2.193931 -2.193931
L 8.775724 0.000000 -0.000000
R 6.581793 2.193931 2.193931
A 4.387862 0.000000 4.387862
W 2.193931 -2.193931 2.193931
K 4.387862 -4.387862 -0.000000
K 2.193931 -6.581793 -2.193931
Y 0.000000 -4.387862 -4.387862
G 2.193931 -2.193931 -6.581793


-24.680000	30130320210230101	11001011001101000110000111000
18

G 0.000000 0.000000 0.000000
G 2.193931 2.193931 -2.193931
L 4.387862 0.000000 -4.387862
R 6.581793 2.193931 -6.581793
S 8.775724 0.000000 -8.775724
L 10.969655 -2.193931 -6.581793
G 13.163586 0.000000 -4.387862
R 10.969655 2.193931 -2.193931
K 8.775724 0.000000 -0.000000
I 6.581793 -2.193931 -2.193931
L 8.775724 -4.387862 -4.387862
R 6.581793 -6.581793 -6.581793
A 4.387862 -4.387862 -8.775724
W 2.193931 -2.193931 -6.581793
K 0.000000 -0.000000 -8.775724
K 2.193931 2.193931 -10.969655
Y 4.387862 -0.000000 -13.163586
G 6.581793 -2.193931 -10.969655


-24.680000	20120230310320101	01001001000111001110001101000
18

G 0.000000 0.000000 0.000000
G 2.193931 2.193931 -2.193931
L 4.387862 0.000000 -4.387862
R 6.581793 2.193931 -6.581793
S 8.775724 0.000000 -8.775724
L 6.581793 -2.193931 -10.969655
G 4.387862 0.000000 -13.163586
R 2.193931 2.193931 -10.969655
K 0.000000 0.000000 -8.775724
I 2.193931 -2.193931 -6.581793
L 4.387862 -4.387862 -8.775724
R 6.581793 -6.581793 -6.581793
A 8.775724 -4.387862 -4.387862
W 6.581793 -2.193931 -2.193931
K 8.775724 -0.000000 -0.000000
K 10.969655 2.193931 -2.193931
Y 13.163586 -0.000000 -4.387862
G 10.969655 -2.193931 -6.581793


-24.680000	20320210130120301	01001101000110001011001001001
18

G 0.000000 0.000000 0.000000
G 2.193931 2.193931 -2.193931
L 4.387862 0.000000 -4.387862
R 6.581793 -2.193931 -2.193931
S 8.775724 -4.387862 -4.387862
L 6.581793 -6.581793 -6.581793
G 4.387862 -8.775724 -4.387862
R 2.193931 -6.581793 -2.193931
K 0.000000 -4.387862 -4.387862
I 2.193931 -2.193931 -6.581793
L 4.387862 -4.387862 -8.775724
R 6.581793 -2.193931 -10.969655
A 8.775724 -0.000000 -8.775724
W 6.581793 2.193931 -6.581793
K 8.775724 4.387862 -4.387862
K 10.969655 2.193931 -2.193931
Y 13.163586 -0.000000 -4.387862
G 10.969655 -2.193931 -6.581793


-24.680000	10310120230210301	10001110001001000111000110001
18

G 0.000000 0.000000 0.000000
G 2.193931 2.193931 -2.193931
L 4.387862 0.000000 -4.387862
R 6.581793 -2.193931 -2.193931
S 8.775724 -4.387862 -4.387862
L 10.969655 -2.193931 -6.581793
G 13.163586 0.000000 -4.387862
R 10.969655 2.193931 -2.193931
K 8.775724 4.387862 -4.387862
I 6.581793 2.193931 -6.581793
L 8.775724 0.000000 -8.775724
R 6.581793 -2.193931 -10.969655
A 4.387862 -4.387862 -8.775724
W 2.193931 -2.193931 -6.581793
K 0.000000 -4.387862 -4.387862
K 2.193931 -6.581793 -2.193931
Y 4.387862 -8.775724 -4.387862
G 6.581793 -6.581793 -6.581793


-24.590000	03210230210230101	00110110000111000110000111000
18

G 0.000000 0.000000 0.000000
G 2.193931 2.193931 -2.193931
L 4.387862 0.000000 -4.387862
R 6.581793 2.193931 -6.581793
S 8.775724 0.000000 -8.775724
L 10.969655 -2.193931 -6.581793
G 13.163586 0.000000 -4.387862
R 10.969655 2.193931 -2.193931
K 8.775724 0.000000 -0.000000
I 6.581793 -2.193931 -2.193931
L 8.775724 -4.387862 -4.387862
R 10.969655 -6.581793 -2.193931
A 13.163586 -4.387862 -0.000000
W 10.969655 -2.193931 2.193931
K 8.775724 -4.387862 4.387862
K 6.581793 -6.581793 2.193931
Y 4.387862 -4.387862 -0.000000
G 2.193931 -2.193931 2.193931


-24.590000	03012032012032101	00110010010011010010010011010
18

G 0.000000 0.000000 0.000000
G 2.193931 2.193931 -2.193931
L 4.387862 0.000000 -4.387862
R 6.581793 2.193931 -6.581793
S 8.775724 4.387862 -4.387862
L 10.969655 2.193931 -2.193931
G 13.163586 0.000000 -4.387862
R 10.969655 -2.193931 -6.581793
K 8.775724 -4.387862 -4.387862
I 6.581793 -2.193931 -2.193931
L 8.775724 0.000000 -0.000000
R 10.969655 -2.193931 2.193931
A 13.163586 -4.387862 -0.000000
W 10.969655 -6.581793 -2.193931
K 8.775724 -8.775724 -0.000000
K 6.581793 -6.581793 2.193931
Y 4.387862 -4.387862 -0.000000
G 2.193931 -2.193931 2.193931


-24.590000	02013023013023101	00010010110001110010110001110
18

G 0.000000 0.000000 0.000000
G 2.193931 2.193931 -2.193931
L 4.387862 0.000000 -4.387862
R 6.581793 2.193931 -6.581793
S 4.387862 4.387862 -8.775724
L 2.193931 2.193931 -10.969655
G 4.387862 0.000000 -13.163586
R 6.581793 -2.193931 -10.969655
K 4.387862 -4.387862 -8.775724
I 2.193931 -2.193931 -6.581793
L 0.000000 0.000000 -8.775724
R -2.193931 -2.193931 -10.969655
A 0.000000 -4.387862 -13.163586
W 2.193931 -6.581793 -10.969655
K 0.000000 -8.775724 -8.775724
K -2.193931 -6.581793 -6.581793
Y 0.000000 -4.387862 -4.387862
G -2.193931 -2.193931 -2.193931


-24.590000	02310320310320101	00011110001101001110001101000
18

G 0.000000 0.000000 0.000000
G 2.193931 2.193931 -2.193931
L 4.387862 0.000000 -4.387862
R 6.581793 2.193931 -6.581793
S 8.775724 0.000000 -8.775724
L 6.581793 -2.193931 -10.969655
G 4.387862 0.000000 -13.163586
R 2.193931 2.193931 -10.969655
K 0.000000 0.000000 -8.775724
I 2.193931 -2.193931 -6.581793
L 4.387862 -4.387862 -8.775724
R 2.193931 -6.581793 -10.969655
A 0.000000 -4.387862 -13.163586
W -2.193931 -2.193931 -10.969655
K -4.387862 -4.387862 -8.775724
K -2.193931 -6.581793 -6.581793
Y 0.000000 -4.387862 -4.387862
G -2.193931 -2.193931 -2.193931


-24.440000	03203102032020101	00110100111000010011010001000
18

G 0.000000 0.000000 0.000000
G 2.193931 2.193931 -2.193931
L 4.387862 0.000000 -4.387862
R 6.581793 2.193931 -6.581793
S 8.775724 0.000000 -8.775724
L 6.581793 -2.193931 -10.969655
G 8.775724 -4.387862 -13.163586
R 6.581793 -6.581793 -15.357517
K 4.387862 -4.387862 -17.551448
I 2.193931 -2.193931 -15.357517
L 4.387862 -0.000000 -13.163586
R 2.193931 2.193931 -10.969655
A 0.000000 -0.000000 -8.775724
W 2.193931 -2.193931 -6.581793
K 4.387862 -4.387862 -8.775724
K 2.193931 -6.581793 -10.969655
Y 0.000000 -4.387862 -13.163586
G -2.193931 -2.193931 -10.969655


-24.440000	10210312102121301	10000110001110011000011001101
18

G 0.000000 0.000000 0.000000
G 2.193931 2.193931 -2.193931
L 4.387862 0.000000 -4.387862
R 6.581793 -2.193931 -2.193931
S 4.387862 -4.387862 0.000000
L 2.193931 -6.581793 -2.193931
G 0.000000 -8.775724 0.000000
R -2.193931 -10.969655 -2.193931
K 0.000000 -13.163586 -4.387862
I 2.193931 -10.969655 -6.581793
L 4.387862 -8.775724 -4.387862
R 6.581793 -6.581793 -6.581793
A 4.387862 -4.387862 -8.775724
W 2.193931 -2.193931 -6.581793
K 0.000000 -4.387862 -4.387862
K -2.193931 -6.581793 -6.581793
Y 0.000000 -8.775724 -8.775724
G 2.193931 -6.581793 -10.969655


-24.440000	02302103023030101	00011100011000110001110011000
18

G 0.000000 0.000000 0.000000
G 2.193931 2.193931 -2.193931
L 4.387862 0.000000 -4.387862
R 6.581793 2.193931 -6.581793
S 8.775724 0.000000 -8.775724
L 10.969655 -2.193931 -6.581793
G 13.163586 -4.387862 -8.775724
R 15.357517 -6.581793 -6.581793
K 17.551448 -4.387862 -4.387862
I 15.357517 -2.193931 -2.193931
L 13.163586 -0.000000 -4.387862
R 10.969655 2.193931 -2.193931
A 8.775724 -0.000000 -0.000000
W 6.581793 -2.193931 -2.193931
K 8.775724 -4.387862 -4.387862
K 10.969655 -6.581793 -2.193931
Y 13.163586 -4.387862 -0.000000
G 10.969655 -2.193931 2.193931


-24.440000	01201302012020301	00100100101100010010010001001
18

G 0.000000 0.000000 0.000000
G 2.193931 2.193931 -2.193931
L 4.387862 0.000000 -4.387862
R 6.581793 -2.193931 -2.193931
S 8.775724 -4.387862 -4.387862
L 6.581793 -6.581793 -6.581793
G 8.775724 -8.775724 -8.775724
R 6.581793 -10.969655 -10.969655
K 4.387862 -13.163586 -8.775724
I 2.193931 -10.969655 -6.581793
L 4.387862 -8.775724 -4.387862
R 2.193931 -6.581793 -2.193931
A 0.000000 -4.387862 -4.387862
W 2.193931 -2.193931 -6.581793
K 4.387862 -4.387862 -8.775724
K 2.193931 -6.581793 -10.969655
Y 0.000000 -8.775724 -8.775724
G -2.193931 -6.581793 -6.581793


-24.440000	20320123203232101	01001101001001110100110111010
18

G 0.000000 0.000000 0.000000
G 2.193931 2.193931 -2.193931
L 4.387862 0.000000 -4.387862
R 6.581793 2.193931 -6.581793
S 8.775724 4.387862 -4.387862
L 10.969655 2.193931 -2.193931
G 13.163586 4.387862 -0.000000
R 15.357517 2.193931 2.193931
K 17.551448 0.000000 -0.000000
I 15.357517 -2.193931 -2.193931
L 13.163586 0.000000 -4.387862
R 10.969655 -2.193931 -6.581793
A 8.775724 -4.387862 -4.387862
W 6.581793 -2.193931 -2.193931
K 8.775724 0.000000 -0.000000
K 10.969655 -2.193931 2.193931
Y 13.163586 -4.387862 -0.000000
G 10.969655 -6.581793 -2.193931


-24.440000	02102301021010301	00011000011100100001100010001
18

G 0.000000 0.000000 0.000000
G 2.193931 2.193931 -2.193931
L 4.387862 0.000000 -4.387862
R 6.581793 -2.193931 -2.193931
S 8.775724 -4.387862 -4.387862
L 10.969655 -2.193931 -6.581793
G 13.163586 -4.387862 -8.775724
R 15.357517 -2.193931 -10.969655
K 17.551448 0.000000 -8.775724
I 15.357517 2.193931 -6.581793
L 13.163586 0.000000 -4.387862
R 10.969655 2.193931 -2.193931
A 8.775724 4.387862 -4.387862
W 6.581793 2.193931 -6.581793
K 8.775724 0.000000 -8.775724
K 10.969655 2.193931 -10.969655
Y 13.163586 4.387862 -8.775724
G 10.969655 6.581793 -6.581793


-24.440000	30230132302323101	11000111001011011100011101110
18

G 0.000000 0.000000 0.000000
G 2.193931 2.193931 -2.193931
L 4.387862 0.000000 -4.387862
R 6.581793 2.193931 -6.581793
S 4.387862 4.387862 -8.775724
L 2.193931 2.193931 -10.969655
G 0.000000 4.387862 -13.163586
R -2.193931 2.193931 -15.357517
K 0.000000 0.000000 -17.551448
I 2.193931 -2.193931 -15.357517
L 4.387862 0.000000 -13.163586
R 6.581793 -2.193931 -10.969655
A 4.387862 -4.387862 -8.775724
W 2.193931 -2.193931 -6.581793
K 0.000000 0.000000 -8.775724
K -2.193931 -2.193931 -10.969655
Y 0.000000 -4.387862 -13.163586
G 2.193931 -6.581793 -10.969655


-24.440000	20120321201212301	01001001001101100100100110011
18

G 0.000000 0.000000 0.000000
G 2.193931 2.193931 -2.193931
L 4.387862 0.000000 -4.387862
R 6.581793 -2.193931 -2.193931
S 8.775724 0.000000 0.000000
L 10.969655 2.193931 -2.193931
G 13.163586 4.387862 0.000000
R 15.357517 6.581793 -2.193931
K 17.551448 4.387862 -4.387862
I 15.357517 2.193931 -6.581793
L 13.163586 0.000000 -4.387862
R 10.969655 -2.193931 -6.581793
A 8.775724 0.000000 -8.775724
W 6.581793 2.193931 -6.581793
K 8.775724 4.387862 -4.387862
K 10.969655 6.581793 -6.581793
Y 13.163586 4.387862 -8.775724
G 10.969655 2.193931 -10.969655


-24.400000	23103021320323101	01111000110001101101001101110
18

G 0.000000 0.000000 0.000000
G 2.193931 2.193931 -2.193931
L 4.387862 0.000000 -4.387862
R 6.581793 2.193931 -6.581793
S 4.387862 4.387862 -8.775724
L 2.193931 2.193931 -10.969655
G 0.000000 4.387862 -13.163586
R -2.193931 6.581793 -10.969655
K 0.000000 8.775724 -8.775724
I 2.193931 6.581793 -6.581793
L 0.000000 4.387862 -4.387862
R -2.193931 2.193931 -6.581793
A 0.000000 0.000000 -8.775724
W 2.193931 -2.193931 -6.581793
K 4.387862 -4.387862 -8.775724
K 6.581793 -2.193931 -10.969655
Y 4.387862 0.000000 -13.163586
G 2.193931 -2.193931 -15.357517


-24.400000	32102031230232101	11011000010011100111000111010
18

G 0.000000 0.000000 0.000000
G 2.193931 2.193931 -2.193931
L 4.387862 0.000000 -4.387862
R 6.581793 2.193931 -6.581793
S 8.775724 4.387862 -4.387862
L 10.969655 2.193931 -2.193931
G 13.163586 4.387862 -0.000000
R 10.969655 6.581793 2.193931
K 8.775724 8.775724 -0.000000
I 6.581793 6.581793 -2.193931
L 4.387862 4.387862 -0.000000
R 6.581793 2.193931 2.193931
A 8.775724 0.000000 -0.000000
W 6.581793 -2.193931 -2.193931
K 8.775724 -4.387862 -4.387862
K 10.969655 -2.193931 -6.581793
Y 13.163586 0.000000 -4.387862
G 15.357517 -2.193931 -2.193931


-24.400000	13103021320323101	10111000110001101101001101110
18

G 0.000000 0.000000 0.000000
G 2.193931 2.193931 -2.193931
L 4.387862 0.000000 -4.387862
R 6.581793 2.193931 -6.581793
S 4.387862 4.387862 -8.775724
L 2.193931 2.193931 -10.969655
G 0.000000 4.387862 -13.163586
R -2.193931 6.581793 -10.969655
K 0.000000 8.775724 -8.775724
I 2.193931 6.581793 -6.581793
L 0.000000 4.387862 -4.387862
R -2.193931 2.193931 -6.581793
A 0.000000 0.000000 -8.775724
W 2.193931 -2.193931 -6.581793
K 4.387862 -4.387862 -8.775724
K 6.581793 -2.193931 -10.969655
Y 4.387862 0.000000 -13.163586
G 6.581793 2.193931 -15.357517


-24.400000	32302013210212301	11011100010010110110000110011
18

G 0.000000 0.000000 0.000000
G 2.193931 2.193931 -2.193931
L 4.387862 0.000000 -4.387862
R 6.581793 -2.193931 -2.193931
S 8.775724 0.000000 0.000000
L 10.969655 2.193931 -2.193931
G 13.163586 4.387862 0.000000
R 10.969655 6.581793 2.193931
K 8.775724 4.387862 4.387862
I 6.581793 2.193931 2.193931
L 4.387862 4.387862 0.000000
R 6.581793 6.581793 -2.193931
A 8.775724 4.387862 -4.387862
W 6.581793 2.193931 -6.581793
K 8.775724 0.000000 -8.775724
K 10.969655 -2.193931 -6.581793
Y 13.163586 0.000000 -4.387862
G 15.357517 -2.193931 -2.193931


-24.400000	12102031230232101	10011000010011100111000111010
18

G 0.000000 0.000000 0.000000
G 2.193931 2.193931 -2.193931
L 4.387862 0.000000 -4.387862
R 6.581793 2.193931 -6.581793
S 8.775724 4.387862 -4.387862
L 10.969655 2.193931 -2.193931
G 13.163586 4.387862 -0.000000
R 10.969655 6.581793 2.193931
K 8.775724 8.775724 -0.000000
I 6.581793 6.581793 -2.193931
L 4.387862 4.387862 -0.000000
R 6.581793 2.193931 2.193931
A 8.775724 0.000000 -0.000000
W 6.581793 -2.193931 -2.193931
K 8.775724 -4.387862 -4.387862
K 10.969655 -2.193931 -6.581793
Y 13.163586 0.000000 -4.387862
G 15.357517 2.193931 -6.581793


-24.400000	12302013210212301	10011100010010110110000110011
18

G 0.000000 0.000000 0.000000
G 2.193931 2.193931 -2.193931
L 4.387862 0.000000 -4.387862
R 6.581793 -2.193931 -2.193931
S 8.775724 0.000000 0.000000
L 10.969655 2.193931 -2.193931
G 13.163586 4.387862 0.000000
R 10.969655 6.581793 2.193931
K 8.775724 4.387862 4.387862
I 6.581793 2.193931 2.193931
L 4.387862 4.387862 0.000000
R 6.581793 6.581793 -2.193931
A 8.775724 4.387862 -4.387862
W 6.581793 2.193931 -6.581793
K 8.775724 0.000000 -8.775724
K 10.969655 -2.193931 -6.581793
Y 13.163586 0.000000 -4.387862
G 15.357517 2.193931 -6.581793


-24.210000	03203102012032101	00110100111000010010010011010
18

G 0.000000 0.000000 0.000000
G 2.193931 2.193931 -2.193931
L 4.387862 0.000000 -4.387862
R 6.581793 2.193931 -6.581793
S 8.775724 4.387862 -4.387862
L 10.969655 2.193931 -2.193931
G 13.163586 0.000000 -4.387862
R 10.969655 -2.193931 -6.581793
K 8.775724 -4.387862 -4.387862
I 6.581793 -2.193931 -2.193931
L 8.775724 0.000000 -0.000000
R 6.581793 2.193931 2.193931
A 4.387862 0.000000 4.387862
W 6.581793 -2.193931 6.581793
K 8.775724 -4.387862 4.387862
K 6.581793 -6.581793 2.193931
Y 4.387862 -4.387862 -0.000000
G 2.193931 -2.193931 2.193931


-24.210000	02302103013023101	00011100011000110010110001110
18

G 0.000000 0.000000 0.000000
G 2.193931 2.193931 -2.193931
L 4.387862 0.000000 -4.387862
R 6.581793 2.193931 -6.581793
S 4.387862 4.387862 -8.775724
L 2.193931 2.193931 -10.969655
G 4.387862 0.000000 -13.163586
R 6.581793 -2.193931 -10.969655
K 4.387862 -4.387862 -8.775724
I 2.193931 -2.193931 -6.581793
L 0.000000 0.000000 -8.775724
R -2.193931 2.193931 -6.581793
A -4.387862 0.000000 -4.387862
W -6.581793 -2.193931 -6.581793
K -4.387862 -4.387862 -8.775724
K -2.193931 -6.581793 -6.581793
Y 0.000000 -4.387862 -4.387862
G -2.193931 -2.193931 -2.193931


-24.180000	13023121031021301	10110001111001100011100001101
18

G 0.000000 0.000000 0.000000
G 2.193931 2.193931 -2.193931
L 4.387862 0.000000 -4.387862
R 6.581793 -2.193931 -2.193931
S 4.387862 -4.387862 0.000000
L 2.193931 -6.581793 -2.193931
G 4.387862 -8.775724 -4.387862
R 6.581793 -6.581793 -6.581793
K 4.387862 -4.387862 -8.775724
I 2.193931 -2.193931 -6.581793
L 0.000000 -4.387862 -4.387862
R -2.193931 -6.581793 -6.581793
A -4.387862 -8.775724 -4.387862
W -2.193931 -10.969655 -2.193931
K 0.000000 -8.775724 -0.000000
K -2.193931 -6.581793 2.193931
Y -4.387862 -4.387862 -0.000000
G -2.193931 -2.193931 -2.193931


-24.110000	02302101031021301	00011100011000100011100001101
18

G 0.000000 0.000000 0.000000
G 2.193931 2.193931 -2.193931
L 4.387862 0.000000 -4.387862
R 6.581793 -2.193931 -2.193931
S 4.387862 -4.387862 0.000000
L 2.193931 -6.581793 -2.193931
G 4.387862 -8.775724 -4.387862
R 6.581793 -6.581793 -6.581793
K 4.387862 -4.387862 -8.775724
I 2.193931 -2.193931 -6.581793
L 0.000000 -4.387862 -4.387862
R -2.193931 -2.193931 -2.193931
A -4.387862 -4.387862 -0.000000
W -6.581793 -6.581793 -2.193931
K -4.387862 -8.775724 -4.387862
K -2.193931 -10.969655 -2.193931
Y 0.000000 -8.775724 -0.000000
G -2.193931 -6.581793 2.193931


-24.100000	32301321210230101	11011100101101100110000111000
18

G 0.000000 0.000000 0.000000
G 2.193931 2.193931 -2.193931
L 4.387862 0.000000 -4.387862
R 6.581793 2.193931 -6.581793
S 8.775724 0.000000 -8.775724
L 10.969655 -2.193931 -6.581793
G 13.163586 0.000000 -4.387862
R 10.969655 2.193931 -2.193931
K 8.775724 0.000000 -0.000000
I 6.581793 -2.193931 -2.193931
L 4.387862 -4.387862 -0.000000
R 2.193931 -6.581793 -2.193931
A 0.000000 -4.387862 -4.387862
W 2.193931 -2.193931 -6.581793
K 4.387862 -4.387862 -8.775724
K 6.581793 -6.581793 -6.581793
Y 8.775724 -4.387862 -4.387862
G 10.969655 -6.581793 -2.193931


-24.100000	12103123230210301	10011000111001110111000110001
18

G 0.000000 0.000000 0.000000
G 2.193931 2.193931 -2.193931
L 4.387862 0.000000 -4.387862
R 6.581793 -2.193931 -2.193931
S 8.775724 -4.387862 -4.387862
L 10.969655 -2.193931 -6.581793
G 13.163586 0.000000 -4.387862
R 10.969655 2.193931 -2.193931
K 8.775724 4.387862 -4.387862
I 6.581793 2.193931 -6.581793
L 4.387862 4.387862 -8.775724
R 2.193931 2.193931 -10.969655
A 0.000000 0.000000 -8.775724
W 2.193931 -2.193931 -6.581793
K 4.387862 -4.387862 -8.775724
K 6.581793 -2.193931 -10.969655
Y 8.775724 0.000000 -8.775724
G 10.969655 2.193931 -10.969655


-24.100000	23201231310320101	01110100100111101110001101000
18

G 0.000000 0.000000 0.000000
G 2.193931 2.193931 -2.193931
L 4.387862 0.000000 -4.387862
R 6.581793 2.193931 -6.581793
S 8.775724 0.000000 -8.775724
L 6.581793 -2.193931 -10.969655
G 4.387862 0.000000 -13.163586
R 2.193931 2.193931 -10.969655
K 0.000000 0.000000 -8.775724
I 2.193931 -2.193931 -6.581793
L 0.000000 -4.387862 -4.387862
R 2.193931 -6.581793 -2.193931
A 4.387862 -4.387862 -0.000000
W 6.581793 -2.193931 -2.193931
K 8.775724 -4.387862 -4.387862
K 6.581793 -6.581793 -6.581793
Y 4.387862 -4.387862 -8.775724
G 2.193931 -6.581793 -10.969655


-24.100000	21203213130120301	01100100110110111011001001001
18

G 0.000000 0.000000 0.000000
G 2.193931 2.193931 -2.193931
L 4.387862 0.000000 -4.387862
R 6.581793 -2.193931 -2.193931
S 8.775724 -4.387862 -4.387862
L 6.581793 -6.581793 -6.581793
G 4.387862 -8.775724 -4.387862
R 2.193931 -6.581793 -2.193931
K 0.000000 -4.387862 -4.387862
I 2.193931 -2.193931 -6.581793
L 0.000000 -0.000000 -8.775724
R 2.193931 2.193931 -10.969655
A 4.387862 4.387862 -8.775724
W 6.581793 2.193931 -6.581793
K 8.775724 -0.000000 -8.775724
K 6.581793 -2.193931 -10.969655
Y 4.387862 -4.387862 -8.775724
G 2.193931 -6.581793 -10.969655


-24.020000	30213102032012301	11000110111000010011010010011
18

G 0.000000 0.000000 0.000000
G 2.193931 2.193931 -2.193931
L 4.387862 0.000000 -4.387862
R 6.581793 -2.193931 -2.193931
S 8.775724 0.000000 0.000000
L 10.969655 2.193931 -2.193931
G 13.163586 0.000000 -4.387862
R 10.969655 -2.193931 -6.581793
K 8.775724 0.000000 -8.775724
I 6.581793 2.193931 -6.581793
L 8.775724 4.387862 -4.387862
R 6.581793 6.581793 -2.193931
A 4.387862 4.387862 -0.000000
W 6.581793 2.193931 2.193931
K 4.387862 0.000000 4.387862
K 2.193931 -2.193931 2.193931
Y 4.387862 -4.387862 -0.000000
G 6.581793 -6.581793 2.193931


