-136.273068	0101202013120201212012301	001000100100010010111001000100100110010010011
26

Y 0.000000 0.000000 0.000000
Y 2.193931 2.193931 -2.193931
H 4.387862 0.000000 -4.387862
F 6.581793 -2.193931 -2.193931
W 8.775724 0.000000 0.000000
H 10.969655 2.193931 -2.193931
R 13.163586 0.000000 -4.387862
G 10.969655 -2.193931 -6.581793
V 8.775724 -4.387862 -4.387862
T 6.581793 -6.581793 -6.581793
K 4.387862 -8.775724 -4.387862
R 2.193931 -6.581793 -2.193931
S 4.387862 -4.387862 -0.000000
L 2.193931 -2.193931 2.193931
S 4.387862 -0.000000 4.387862
P 6.581793 2.193931 2.193931
H 4.387862 4.387862 -0.000000
R 6.581793 6.581793 -2.193931
P 8.775724 4.387862 -4.387862
R 6.581793 2.193931 -6.581793
H 8.775724 -0.000000 -8.775724
S 6.581793 -2.193931 -10.969655
R 4.387862 -4.387862 -8.775724
L 2.193931 -2.193931 -6.581793
Q 0.000000 -4.387862 -4.387862
R -2.193931 -2.193931 -2.193931


-134.468557	1313202131020213212012301	101110110100011011100001000110110110010010011
26

Y 0.000000 0.000000 0.000000
Y 2.193931 2.193931 -2.193931
H 4.387862 0.000000 -4.387862
F 6.581793 -2.193931 -2.193931
W 8.775724 0.000000 0.000000
H 10.969655 2.193931 -2.193931
R 13.163586 0.000000 -4.387862
G 10.969655 -2.193931 -6.581793
V 8.775724 -4.387862 -4.387862
T 6.581793 -6.581793 -6.581793
K 4.387862 -4.387862 -8.775724
R 6.581793 -2.193931 -10.969655
S 8.775724 -0.000000 -8.775724
L 6.581793 2.193931 -6.581793
S 8.775724 4.387862 -4.387862
P 6.581793 6.581793 -2.193931
H 4.387862 4.387862 -0.000000
R 6.581793 2.193931 2.193931
P 4.387862 -0.000000 4.387862
R 2.193931 -2.193931 2.193931
H 4.387862 -4.387862 -0.000000
S 2.193931 -6.581793 -2.193931
R 0.000000 -4.387862 -4.387862
L 2.193931 -2.193931 -6.581793
Q 0.000000 -0.000000 -8.775724
R 2.193931 2.193931 -10.969655


-133.293789	3013202131020320130230301	110010110100011011100001001101001011000111001
26

Y 0.000000 0.000000 0.000000
Y 2.193931 2.193931 -2.193931
H 4.387862 0.000000 -4.387862
F 6.581793 -2.193931 -2.193931
W 8.775724 -4.387862 -4.387862
H 10.969655 -6.581793 -2.193931
R 13.163586 -4.387862 0.000000
G 10.969655 -2.193931 2.193931
V 8.775724 -0.000000 0.000000
T 10.969655 2.193931 -2.193931
K 13.163586 -0.000000 -4.387862
R 10.969655 -2.193931 -6.581793
S 8.775724 -0.000000 -8.775724
L 6.581793 2.193931 -6.581793
S 8.775724 4.387862 -4.387862
P 6.581793 6.581793 -2.193931
H 4.387862 4.387862 -0.000000
R 6.581793 2.193931 2.193931
P 4.387862 -0.000000 4.387862
R 2.193931 -2.193931 2.193931
H 4.387862 -4.387862 -0.000000
S 2.193931 -6.581793 -2.193931
R 0.000000 -4.387862 -4.387862
L 2.193931 -2.193931 -6.581793
Q 4.387862 -4.387862 -8.775724
R 6.581793 -6.581793 -6.581793


-133.140094	3121030232103013032131301	111001100011000111011000110010110011011011101
26

Y 0.000000 0.000000 0.000000
Y 2.193931 2.193931 -2.193931
H 4.387862 0.000000 -4.387862
F 6.581793 -2.193931 -2.193931
W 4.387862 -4.387862 0.000000
H 6.581793 -6.581793 2.193931
R 4.387862 -8.775724 4.387862
G 2.193931 -10.969655 2.193931
V 0.000000 -8.775724 0.000000
T -2.193931 -6.581793 2.193931
K -4.387862 -4.387862 0.000000
R -2.193931 -2.193931 -2.193931
S 0.000000 -4.387862 -4.387862
L 2.193931 -6.581793 -2.193931
S 4.387862 -8.775724 -4.387862
P 6.581793 -6.581793 -6.581793
H 8.775724 -4.387862 -4.387862
R 10.969655 -6.581793 -2.193931
P 13.163586 -4.387862 -0.000000
R 10.969655 -2.193931 2.193931
H 8.775724 -0.000000 -0.000000
S 6.581793 2.193931 2.193931
R 4.387862 -0.000000 4.387862
L 2.193931 -2.193931 2.193931
Q 0.000000 -4.387862 4.387862
R 2.193931 -6.581793 6.581793


-132.986615	0313202131020213212012301	001110110100011011100001000110110110010010011
26

Y 0.000000 0.000000 0.000000
Y 2.193931 2.193931 -2.193931
H 4.387862 0.000000 -4.387862
F 6.581793 -2.193931 -2.193931
W 8.775724 0.000000 0.000000
H 10.969655 2.193931 -2.193931
R 13.163586 0.000000 -4.387862
G 10.969655 -2.193931 -6.581793
V 8.775724 -4.387862 -4.387862
T 6.581793 -6.581793 -6.581793
K 4.387862 -4.387862 -8.775724
R 6.581793 -2.193931 -10.969655
S 8.775724 -0.000000 -8.775724
L 6.581793 2.193931 -6.581793
S 8.775724 4.387862 -4.387862
P 6.581793 6.581793 -2.193931
H 4.387862 4.387862 -0.000000
R 6.581793 2.193931 2.193931
P 4.387862 -0.000000 4.387862
R 2.193931 -2.193931 2.193931
H 4.387862 -4.387862 -0.000000
S 2.193931 -6.581793 -2.193931
R 0.000000 -4.387862 -4.387862
L 2.193931 -2.193931 -6.581793
Q 0.000000 -0.000000 -8.775724
R -2.193931 2.193931 -6.581793


-132.763578	1010212103121201232132301	100010000110011000111001100100100111011011011
26

Y 0.000000 0.000000 0.000000
Y 2.193931 2.193931 -2.193931
H 4.387862 0.000000 -4.387862
F 6.581793 -2.193931 -2.193931
W 8.775724 0.000000 0.000000
H 10.969655 -2.193931 2.193931
R 8.775724 -4.387862 4.387862
G 6.581793 -6.581793 2.193931
V 4.387862 -4.387862 0.000000
T 2.193931 -6.581793 -2.193931
K 0.000000 -8.775724 0.000000
R -2.193931 -6.581793 2.193931
S 0.000000 -4.387862 4.387862
L 2.193931 -2.193931 2.193931
S 4.387862 -0.000000 4.387862
P 6.581793 2.193931 2.193931
H 4.387862 4.387862 0.000000
R 2.193931 6.581793 2.193931
P 0.000000 4.387862 4.387862
R -2.193931 2.193931 2.193931
H -4.387862 -0.000000 4.387862
S -6.581793 -2.193931 2.193931
R -4.387862 -4.387862 0.000000
L -2.193931 -2.193931 -2.193931
Q 0.000000 -4.387862 -4.387862
R 2.193931 -2.193931 -6.581793


-132.319356	1301320323101032030130301	101100101101001101111000100011010011001011001
26

Y 0.000000 0.000000 0.000000
Y 2.193931 2.193931 -2.193931
H 4.387862 0.000000 -4.387862
F 6.581793 -2.193931 -2.193931
W 8.775724 -4.387862 -4.387862
H 10.969655 -6.581793 -2.193931
R 8.775724 -8.775724 0.000000
G 6.581793 -6.581793 2.193931
V 4.387862 -4.387862 0.000000
T 2.193931 -2.193931 2.193931
K 4.387862 -0.000000 4.387862
R 6.581793 -2.193931 6.581793
S 8.775724 -4.387862 4.387862
L 10.969655 -2.193931 2.193931
S 13.163586 -4.387862 0.000000
P 15.357517 -2.193931 -2.193931
H 13.163586 -0.000000 -4.387862
R 10.969655 -2.193931 -6.581793
P 8.775724 -0.000000 -8.775724
R 6.581793 2.193931 -6.581793
H 8.775724 4.387862 -4.387862
S 10.969655 2.193931 -2.193931
R 8.775724 -0.000000 0.000000
L 6.581793 2.193931 2.193931
Q 4.387862 4.387862 0.000000
R 6.581793 6.581793 -2.193931


-132.199458	1031020323101032030130301	100011100001001101111000100011010011001011001
26

Y 0.000000 0.000000 0.000000
Y 2.193931 2.193931 -2.193931
H 4.387862 0.000000 -4.387862
F 6.581793 -2.193931 -2.193931
W 8.775724 -4.387862 -4.387862
H 10.969655 -6.581793 -2.193931
R 8.775724 -8.775724 0.000000
G 6.581793 -6.581793 2.193931
V 4.387862 -4.387862 0.000000
T 2.193931 -2.193931 2.193931
K 4.387862 -0.000000 4.387862
R 6.581793 -2.193931 6.581793
S 8.775724 -4.387862 4.387862
L 10.969655 -2.193931 2.193931
S 13.163586 -4.387862 0.000000
P 15.357517 -2.193931 -2.193931
H 13.163586 -0.000000 -4.387862
R 10.969655 -2.193931 -6.581793
P 8.775724 -0.000000 -8.775724
R 6.581793 2.193931 -6.581793
H 8.775724 4.387862 -4.387862
S 6.581793 6.581793 -2.193931
R 4.387862 4.387862 0.000000
L 6.581793 2.193931 2.193931
Q 8.775724 -0.000000 0.000000
R 10.969655 2.193931 -2.193931


-131.867909	0310202131020320130230301	001110000100011011100001001101001011000111001
26

Y 0.000000 0.000000 0.000000
Y 2.193931 2.193931 -2.193931
H 4.387862 0.000000 -4.387862
F 6.581793 -2.193931 -2.193931
W 8.775724 -4.387862 -4.387862
H 10.969655 -6.581793 -2.193931
R 13.163586 -4.387862 0.000000
G 10.969655 -2.193931 2.193931
V 8.775724 -0.000000 0.000000
T 10.969655 2.193931 -2.193931
K 13.163586 -0.000000 -4.387862
R 10.969655 -2.193931 -6.581793
S 8.775724 -0.000000 -8.775724
L 6.581793 2.193931 -6.581793
S 8.775724 4.387862 -4.387862
P 6.581793 6.581793 -2.193931
H 4.387862 4.387862 -0.000000
R 6.581793 2.193931 2.193931
P 4.387862 -0.000000 4.387862
R 2.193931 -2.193931 2.193931
H 4.387862 -4.387862 -0.000000
S 2.193931 -6.581793 -2.193931
R 4.387862 -8.775724 -4.387862
L 6.581793 -6.581793 -6.581793
Q 4.387862 -4.387862 -8.775724
R 2.193931 -2.193931 -6.581793


-131.832239	0103232030121201032031301	001000110111010011001001100100100011010011101
26

Y 0.000000 0.000000 0.000000
Y 2.193931 2.193931 -2.193931
H 4.387862 0.000000 -4.387862
F 6.581793 -2.193931 -2.193931
W 4.387862 -4.387862 0.000000
H 6.581793 -6.581793 2.193931
R 8.775724 -8.775724 0.000000
G 6.581793 -10.969655 -2.193931
V 4.387862 -8.775724 -4.387862
T 2.193931 -6.581793 -2.193931
K 0.000000 -8.775724 0.000000
R -2.193931 -6.581793 2.193931
S 0.000000 -4.387862 4.387862
L 2.193931 -2.193931 2.193931
S 4.387862 -0.000000 4.387862
P 6.581793 2.193931 2.193931
H 8.775724 -0.000000 0.000000
R 10.969655 -2.193931 2.193931
P 13.163586 -4.387862 0.000000
R 10.969655 -6.581793 -2.193931
H 8.775724 -4.387862 -4.387862
S 6.581793 -6.581793 -6.581793
R 4.387862 -4.387862 -8.775724
L 2.193931 -2.193931 -6.581793
Q 0.000000 -4.387862 -4.387862
R -2.193931 -2.193931 -2.193931


-131.617823	2323020230213023030232301	011101110001000111000110110001110011000111011
26

Y 0.000000 0.000000 0.000000
Y 2.193931 2.193931 -2.193931
H 4.387862 0.000000 -4.387862
F 6.581793 -2.193931 -2.193931
W 8.775724 0.000000 0.000000
H 10.969655 -2.193931 2.193931
R 13.163586 0.000000 4.387862
G 10.969655 2.193931 6.581793
V 8.775724 4.387862 4.387862
T 6.581793 6.581793 6.581793
K 4.387862 8.775724 4.387862
R 2.193931 6.581793 2.193931
S 4.387862 4.387862 0.000000
L 6.581793 2.193931 2.193931
S 4.387862 0.000000 4.387862
P 2.193931 -2.193931 2.193931
H 4.387862 -4.387862 0.000000
R 6.581793 -6.581793 2.193931
P 8.775724 -4.387862 4.387862
R 6.581793 -2.193931 6.581793
H 8.775724 0.000000 8.775724
S 6.581793 2.193931 10.969655
R 4.387862 4.387862 8.775724
L 2.193931 2.193931 6.581793
Q 0.000000 4.387862 4.387862
R -2.193931 2.193931 2.193931


-131.566836	0301313020131301013012301	001100101110110001001011101100100010110010011
26

Y 0.000000 0.000000 0.000000
Y 2.193931 2.193931 -2.193931
H 4.387862 0.000000 -4.387862
F 6.581793 -2.193931 -2.193931
W 8.775724 0.000000 0.000000
H 10.969655 2.193931 -2.193931
R 13.163586 0.000000 -4.387862
G 15.357517 -2.193931 -2.193931
V 13.163586 -4.387862 0.000000
T 10.969655 -2.193931 2.193931
K 8.775724 -4.387862 4.387862
R 6.581793 -2.193931 6.581793
S 4.387862 0.000000 4.387862
L 6.581793 2.193931 2.193931
S 4.387862 4.387862 0.000000
P 6.581793 6.581793 -2.193931
H 8.775724 4.387862 -4.387862
R 6.581793 2.193931 -6.581793
P 8.775724 0.000000 -8.775724
R 10.969655 -2.193931 -6.581793
H 8.775724 -4.387862 -4.387862
S 10.969655 -6.581793 -2.193931
R 8.775724 -8.775724 0.000000
L 6.581793 -6.581793 2.193931
Q 4.387862 -4.387862 0.000000
R 2.193931 -2.193931 2.193931


-131.328856	2012302131020213212012301	010010011100011011100001000110110110010010011
26

Y 0.000000 0.000000 0.000000
Y 2.193931 2.193931 -2.193931
H 4.387862 0.000000 -4.387862
F 6.581793 -2.193931 -2.193931
W 8.775724 0.000000 0.000000
H 10.969655 2.193931 -2.193931
R 13.163586 0.000000 -4.387862
G 10.969655 -2.193931 -6.581793
V 8.775724 -4.387862 -4.387862
T 6.581793 -6.581793 -6.581793
K 4.387862 -4.387862 -8.775724
R 6.581793 -2.193931 -10.969655
S 8.775724 -0.000000 -8.775724
L 6.581793 2.193931 -6.581793
S 8.775724 4.387862 -4.387862
P 6.581793 6.581793 -2.193931
H 4.387862 4.387862 -0.000000
R 6.581793 2.193931 2.193931
P 4.387862 -0.000000 4.387862
R 2.193931 -2.193931 2.193931
H 4.387862 -4.387862 -0.000000
S 6.581793 -6.581793 2.193931
R 8.775724 -4.387862 4.387862
L 10.969655 -2.193931 2.193931
Q 13.163586 -4.387862 -0.000000
R 10.969655 -6.581793 -2.193931


-131.051518	2313202131020213212012301	011110110100011011100001000110110110010010011
26

Y 0.000000 0.000000 0.000000
Y 2.193931 2.193931 -2.193931
H 4.387862 0.000000 -4.387862
F 6.581793 -2.193931 -2.193931
W 8.775724 0.000000 0.000000
H 10.969655 2.193931 -2.193931
R 13.163586 0.000000 -4.387862
G 10.969655 -2.193931 -6.581793
V 8.775724 -4.387862 -4.387862
T 6.581793 -6.581793 -6.581793
K 4.387862 -4.387862 -8.775724
R 6.581793 -2.193931 -10.969655
S 8.775724 -0.000000 -8.775724
L 6.581793 2.193931 -6.581793
S 8.775724 4.387862 -4.387862
P 6.581793 6.581793 -2.193931
H 4.387862 4.387862 -0.000000
R 6.581793 2.193931 2.193931
P 4.387862 -0.000000 4.387862
R 2.193931 -2.193931 2.193931
H 4.387862 -4.387862 -0.000000
S 2.193931 -6.581793 -2.193931
R 0.000000 -4.387862 -4.387862
L 2.193931 -2.193931 -6.581793
Q 0.000000 -0.000000 -8.775724
R -2.193931 -2.193931 -10.969655


-130.878034	3021310202101301212012301	110001101110000100011000101100100110010010011
26

Y 0.000000 0.000000 0.000000
Y 2.193931 2.193931 -2.193931
H 4.387862 0.000000 -4.387862
F 6.581793 -2.193931 -2.193931
W 8.775724 0.000000 0.000000
H 10.969655 2.193931 -2.193931
R 13.163586 0.000000 -4.387862
G 10.969655 -2.193931 -6.581793
V 8.775724 -4.387862 -4.387862
T 6.581793 -6.581793 -6.581793
K 4.387862 -8.775724 -4.387862
R 2.193931 -6.581793 -2.193931
S 0.000000 -4.387862 -4.387862
L 2.193931 -2.193931 -6.581793
S 4.387862 -4.387862 -8.775724
P 6.581793 -2.193931 -10.969655
H 8.775724 -0.000000 -8.775724
R 6.581793 2.193931 -6.581793
P 8.775724 4.387862 -4.387862
R 6.581793 6.581793 -2.193931
H 4.387862 4.387862 -0.000000
S 6.581793 2.193931 2.193931
R 4.387862 -0.000000 4.387862
L 2.193931 -2.193931 2.193931
Q 4.387862 -4.387862 -0.000000
R 6.581793 -6.581793 2.193931


-130.771864	0210302131020213212012301	000110001100011011100001000110110110010010011
26

Y 0.000000 0.000000 0.000000
Y 2.193931 2.193931 -2.193931
H 4.387862 0.000000 -4.387862
F 6.581793 -2.193931 -2.193931
W 8.775724 0.000000 0.000000
H 10.969655 2.193931 -2.193931
R 13.163586 0.000000 -4.387862
G 10.969655 -2.193931 -6.581793
V 8.775724 -4.387862 -4.387862
T 6.581793 -6.581793 -6.581793
K 4.387862 -4.387862 -8.775724
R 6.581793 -2.193931 -10.969655
S 8.775724 -0.000000 -8.775724
L 6.581793 2.193931 -6.581793
S 8.775724 4.387862 -4.387862
P 6.581793 6.581793 -2.193931
H 4.387862 4.387862 -0.000000
R 6.581793 2.193931 2.193931
P 4.387862 -0.000000 4.387862
R 2.193931 -2.193931 2.193931
H 4.387862 -4.387862 -0.000000
S 6.581793 -6.581793 2.193931
R 8.775724 -8.775724 -0.000000
L 10.969655 -6.581793 -2.193931
Q 13.163586 -4.387862 -0.000000
R 10.969655 -2.193931 2.193931


-130.738981	3023012030121231010320301	110001110010010011001001100111100010001101001
26

Y 0.000000 0.000000 0.000000
Y 2.193931 2.193931 -2.193931
H 4.387862 0.000000 -4.387862
F 6.581793 -2.193931 -2.193931
W 8.775724 -4.387862 -4.387862
H 6.581793 -6.581793 -6.581793
R 4.387862 -4.387862 -8.775724
G 2.193931 -2.193931 -6.581793
V 0.000000 -4.387862 -4.387862
T -2.193931 -2.193931 -2.193931
K -4.387862 -4.387862 -0.000000
R -2.193931 -6.581793 2.193931
S 0.000000 -4.387862 4.387862
L 2.193931 -2.193931 2.193931
S 4.387862 -0.000000 4.387862
P 6.581793 2.193931 2.193931
H 8.775724 -0.000000 -0.000000
R 10.969655 -2.193931 2.193931
P 13.163586 -4.387862 -0.000000
R 10.969655 -6.581793 -2.193931
H 8.775724 -8.775724 -0.000000
S 6.581793 -6.581793 2.193931
R 4.387862 -4.387862 -0.000000
L 2.193931 -6.581793 -2.193931
Q 4.387862 -8.775724 -4.387862
R 6.581793 -10.969655 -2.193931


-130.718277	1212302131020313213012301	100110011100011011100001001110110110110010011
26

Y 0.000000 0.000000 0.000000
Y 2.193931 2.193931 -2.193931
H 4.387862 0.000000 -4.387862
F 6.581793 -2.193931 -2.193931
W 8.775724 0.000000 0.000000
H 10.969655 2.193931 -2.193931
R 13.163586 0.000000 -4.387862
G 15.357517 -2.193931 -2.193931
V 13.163586 -4.387862 0.000000
T 10.969655 -6.581793 -2.193931
K 8.775724 -4.387862 -4.387862
R 10.969655 -2.193931 -6.581793
S 8.775724 -0.000000 -8.775724
L 6.581793 2.193931 -6.581793
S 8.775724 4.387862 -4.387862
P 6.581793 6.581793 -2.193931
H 4.387862 4.387862 -0.000000
R 6.581793 2.193931 2.193931
P 4.387862 -0.000000 4.387862
R 2.193931 -2.193931 2.193931
H 4.387862 -4.387862 -0.000000
S 6.581793 -6.581793 2.193931
R 8.775724 -4.387862 4.387862
L 10.969655 -2.193931 2.193931
Q 13.163586 -0.000000 4.387862
R 15.357517 2.193931 2.193931


-130.589515	0313103023010130301302301	001110111000110001110010001011001100101100011
26

Y 0.000000 0.000000 0.000000
Y 2.193931 2.193931 -2.193931
H 4.387862 0.000000 -4.387862
F 6.581793 -2.193931 -2.193931
W 8.775724 0.000000 0.000000
H 6.581793 2.193931 2.193931
R 4.387862 4.387862 0.000000
G 6.581793 6.581793 -2.193931
V 8.775724 4.387862 -4.387862
T 10.969655 2.193931 -2.193931
K 13.163586 0.000000 -4.387862
R 15.357517 -2.193931 -2.193931
S 13.163586 -4.387862 0.000000
L 10.969655 -2.193931 2.193931
S 8.775724 -4.387862 4.387862
P 6.581793 -2.193931 6.581793
H 4.387862 0.000000 4.387862
R 2.193931 -2.193931 2.193931
P 4.387862 -4.387862 0.000000
R 6.581793 -6.581793 2.193931
H 8.775724 -8.775724 0.000000
S 10.969655 -6.581793 -2.193931
R 8.775724 -4.387862 -4.387862
L 10.969655 -2.193931 -6.581793
Q 8.775724 0.000000 -8.775724
R 6.581793 2.193931 -6.581793


-130.494645	3121010212103013032131301	111001100010000110011000110010110011011011101
26

Y 0.000000 0.000000 0.000000
Y 2.193931 2.193931 -2.193931
H 4.387862 0.000000 -4.387862
F 6.581793 -2.193931 -2.193931
W 4.387862 -4.387862 0.000000
H 6.581793 -6.581793 2.193931
R 4.387862 -8.775724 4.387862
G 2.193931 -10.969655 2.193931
V 0.000000 -8.775724 0.000000
T -2.193931 -6.581793 2.193931
K -4.387862 -4.387862 0.000000
R -2.193931 -2.193931 -2.193931
S 0.000000 -4.387862 -4.387862
L 2.193931 -6.581793 -2.193931
S 4.387862 -8.775724 -4.387862
P 6.581793 -6.581793 -6.581793
H 8.775724 -4.387862 -4.387862
R 10.969655 -2.193931 -6.581793
P 13.163586 -0.000000 -4.387862
R 10.969655 2.193931 -2.193931
H 8.775724 -0.000000 -0.000000
S 6.581793 2.193931 2.193931
R 4.387862 -0.000000 4.387862
L 2.193931 -2.193931 2.193931
Q 0.000000 -4.387862 4.387862
R 2.193931 -6.581793 6.581793


-130.391927	2020120230212032010312301	010001001001000111000110010011010010001110011
26

Y 0.000000 0.000000 0.000000
Y 2.193931 2.193931 -2.193931
H 4.387862 0.000000 -4.387862
F 6.581793 -2.193931 -2.193931
W 8.775724 0.000000 0.000000
H 10.969655 2.193931 -2.193931
R 8.775724 4.387862 -4.387862
G 6.581793 6.581793 -2.193931
V 4.387862 4.387862 0.000000
T 2.193931 6.581793 2.193931
K 4.387862 8.775724 4.387862
R 6.581793 6.581793 6.581793
S 8.775724 4.387862 4.387862
L 6.581793 2.193931 2.193931
S 4.387862 0.000000 4.387862
P 2.193931 -2.193931 2.193931
H 4.387862 -4.387862 0.000000
R 6.581793 -6.581793 2.193931
P 8.775724 -4.387862 4.387862
R 6.581793 -2.193931 6.581793
H 8.775724 0.000000 8.775724
S 10.969655 2.193931 6.581793
R 13.163586 0.000000 4.387862
L 10.969655 -2.193931 2.193931
Q 13.163586 -4.387862 0.000000
R 10.969655 -6.581793 -2.193931


-130.369248	3203212030121231010320301	110100110110010011001001100111100010001101001
26

Y 0.000000 0.000000 0.000000
Y 2.193931 2.193931 -2.193931
H 4.387862 0.000000 -4.387862
F 6.581793 -2.193931 -2.193931
W 8.775724 -4.387862 -4.387862
H 6.581793 -6.581793 -6.581793
R 4.387862 -4.387862 -8.775724
G 2.193931 -2.193931 -6.581793
V 0.000000 -4.387862 -4.387862
T -2.193931 -2.193931 -2.193931
K -4.387862 -4.387862 -0.000000
R -2.193931 -6.581793 2.193931
S 0.000000 -4.387862 4.387862
L 2.193931 -2.193931 2.193931
S 4.387862 -0.000000 4.387862
P 6.581793 2.193931 2.193931
H 8.775724 -0.000000 -0.000000
R 10.969655 -2.193931 2.193931
P 13.163586 -4.387862 -0.000000
R 10.969655 -6.581793 -2.193931
H 8.775724 -8.775724 -0.000000
S 6.581793 -10.969655 -2.193931
R 4.387862 -8.775724 -4.387862
L 2.193931 -6.581793 -2.193931
Q 4.387862 -4.387862 -0.000000
R 6.581793 -6.581793 2.193931


-130.233516	3021030212301031010320301	110001100011000110011100100011100010001101001
26

Y 0.000000 0.000000 0.000000
Y 2.193931 2.193931 -2.193931
H 4.387862 0.000000 -4.387862
F 6.581793 -2.193931 -2.193931
W 8.775724 -4.387862 -4.387862
H 6.581793 -6.581793 -6.581793
R 4.387862 -4.387862 -8.775724
G 2.193931 -2.193931 -6.581793
V 0.000000 -4.387862 -4.387862
T -2.193931 -2.193931 -2.193931
K -4.387862 -4.387862 -0.000000
R -2.193931 -6.581793 2.193931
S 0.000000 -8.775724 -0.000000
L 2.193931 -6.581793 -2.193931
S 4.387862 -8.775724 -4.387862
P 6.581793 -10.969655 -2.193931
H 8.775724 -8.775724 -0.000000
R 10.969655 -6.581793 -2.193931
P 13.163586 -4.387862 -0.000000
R 10.969655 -2.193931 2.193931
H 8.775724 -0.000000 -0.000000
S 6.581793 2.193931 2.193931
R 4.387862 -0.000000 4.387862
L 2.193931 -2.193931 2.193931
Q 4.387862 -4.387862 -0.000000
R 6.581793 -6.581793 2.193931


-129.601739	0103232030121301023021301	001000110111010011001001101100100001110001101
26

Y 0.000000 0.000000 0.000000
Y 2.193931 2.193931 -2.193931
H 4.387862 0.000000 -4.387862
F 6.581793 -2.193931 -2.193931
W 4.387862 -4.387862 0.000000
H 2.193931 -6.581793 -2.193931
R 4.387862 -8.775724 -4.387862
G 6.581793 -10.969655 -2.193931
V 8.775724 -8.775724 0.000000
T 6.581793 -6.581793 2.193931
K 4.387862 -8.775724 4.387862
R 2.193931 -6.581793 6.581793
S 0.000000 -4.387862 4.387862
L 2.193931 -2.193931 2.193931
S 4.387862 -0.000000 4.387862
P 6.581793 2.193931 2.193931
H 8.775724 -0.000000 0.000000
R 10.969655 -2.193931 2.193931
P 13.163586 -4.387862 0.000000
R 10.969655 -6.581793 -2.193931
H 8.775724 -4.387862 -4.387862
S 6.581793 -6.581793 -6.581793
R 4.387862 -4.387862 -8.775724
L 2.193931 -2.193931 -6.581793
Q 0.000000 -4.387862 -4.387862
R -2.193931 -2.193931 -2.193931


-129.487909	1312023101202302132032301	101110010001111000100100011100011011010011011
26

Y 0.000000 0.000000 0.000000
Y 2.193931 2.193931 -2.193931
H 4.387862 0.000000 -4.387862
F 6.581793 -2.193931 -2.193931
W 8.775724 0.000000 0.000000
H 10.969655 -2.193931 2.193931
R 13.163586 -4.387862 0.000000
G 10.969655 -6.581793 -2.193931
V 8.775724 -4.387862 -4.387862
T 10.969655 -2.193931 -6.581793
K 13.163586 -0.000000 -4.387862
R 10.969655 2.193931 -2.193931
S 8.775724 4.387862 -4.387862
L 6.581793 2.193931 -6.581793
S 8.775724 -0.000000 -8.775724
P 6.581793 -2.193931 -10.969655
H 4.387862 -4.387862 -8.775724
R 2.193931 -2.193931 -6.581793
P 0.000000 -4.387862 -4.387862
R 2.193931 -6.581793 -2.193931
H 4.387862 -4.387862 -0.000000
S 2.193931 -2.193931 2.193931
R 4.387862 -0.000000 4.387862
L 6.581793 2.193931 2.193931
Q 4.387862 4.387862 -0.000000
R 6.581793 6.581793 -2.193931


-129.348090	0212013010212103031231301	000110010010110010000110011000110011100111101
26

Y 0.000000 0.000000 0.000000
Y 2.193931 2.193931 -2.193931
H 4.387862 0.000000 -4.387862
F 6.581793 -2.193931 -2.193931
W 4.387862 -4.387862 0.000000
H 6.581793 -6.581793 2.193931
R 8.775724 -4.387862 4.387862
G 10.969655 -2.193931 2.193931
V 8.775724 -0.000000 0.000000
T 6.581793 2.193931 2.193931
K 4.387862 4.387862 0.000000
R 2.193931 6.581793 2.193931
S 0.000000 4.387862 4.387862
L -2.193931 2.193931 2.193931
S -4.387862 -0.000000 4.387862
P -6.581793 -2.193931 2.193931
H -4.387862 -4.387862 0.000000
R -2.193931 -2.193931 -2.193931
P 0.000000 -4.387862 -4.387862
R 2.193931 -6.581793 -2.193931
H 0.000000 -8.775724 0.000000
S -2.193931 -6.581793 2.193931
R 0.000000 -4.387862 4.387862
L 2.193931 -2.193931 2.193931
Q 4.387862 -0.000000 4.387862
R 2.193931 2.193931 6.581793


-129.291450	0212302131020313213012301	000110011100011011100001001110110110110010011
26

Y 0.000000 0.000000 0.000000
Y 2.193931 2.193931 -2.193931
H 4.387862 0.000000 -4.387862
F 6.581793 -2.193931 -2.193931
W 8.775724 0.000000 0.000000
H 10.969655 2.193931 -2.193931
R 13.163586 0.000000 -4.387862
G 15.357517 -2.193931 -2.193931
V 13.163586 -4.387862 0.000000
T 10.969655 -6.581793 -2.193931
K 8.775724 -4.387862 -4.387862
R 10.969655 -2.193931 -6.581793
S 8.775724 -0.000000 -8.775724
L 6.581793 2.193931 -6.581793
S 8.775724 4.387862 -4.387862
P 6.581793 6.581793 -2.193931
H 4.387862 4.387862 -0.000000
R 6.581793 2.193931 2.193931
P 4.387862 -0.000000 4.387862
R 2.193931 -2.193931 2.193931
H 4.387862 -4.387862 -0.000000
S 6.581793 -6.581793 2.193931
R 8.775724 -4.387862 4.387862
L 10.969655 -2.193931 2.193931
Q 13.163586 -0.000000 4.387862
R 10.969655 2.193931 6.581793


-129.290814	1030232103121032030121301	100011000111011000111001100011010011001001101
26

Y 0.000000 0.000000 0.000000
Y 2.193931 2.193931 -2.193931
H 4.387862 0.000000 -4.387862
F 6.581793 -2.193931 -2.193931
W 4.387862 -4.387862 0.000000
H 2.193931 -6.581793 -2.193931
R 0.000000 -8.775724 0.000000
G -2.193931 -6.581793 2.193931
V -4.387862 -4.387862 0.000000
T -6.581793 -2.193931 2.193931
K -4.387862 -0.000000 4.387862
R -2.193931 -2.193931 6.581793
S 0.000000 -4.387862 4.387862
L 2.193931 -2.193931 2.193931
S 4.387862 -0.000000 4.387862
P 6.581793 2.193931 2.193931
H 4.387862 4.387862 0.000000
R 2.193931 6.581793 2.193931
P 0.000000 4.387862 4.387862
R -2.193931 2.193931 2.193931
H -4.387862 4.387862 0.000000
S -6.581793 2.193931 -2.193931
R -4.387862 -0.000000 -4.387862
L -2.193931 -2.193931 -2.193931
Q 0.000000 -4.387862 -4.387862
R 2.193931 -2.193931 -6.581793


-129.219640	1013202131020320130230301	100010110100011011100001001101001011000111001
26

Y 0.000000 0.000000 0.000000
Y 2.193931 2.193931 -2.193931
H 4.387862 0.000000 -4.387862
F 6.581793 -2.193931 -2.193931
W 8.775724 -4.387862 -4.387862
H 10.969655 -6.581793 -2.193931
R 13.163586 -4.387862 0.000000
G 10.969655 -2.193931 2.193931
V 8.775724 -0.000000 0.000000
T 10.969655 2.193931 -2.193931
K 13.163586 -0.000000 -4.387862
R 10.969655 -2.193931 -6.581793
S 8.775724 -0.000000 -8.775724
L 6.581793 2.193931 -6.581793
S 8.775724 4.387862 -4.387862
P 6.581793 6.581793 -2.193931
H 4.387862 4.387862 -0.000000
R 6.581793 2.193931 2.193931
P 4.387862 -0.000000 4.387862
R 2.193931 -2.193931 2.193931
H 4.387862 -4.387862 -0.000000
S 2.193931 -6.581793 -2.193931
R 0.000000 -4.387862 -4.387862
L 2.193931 -2.193931 -6.581793
Q 4.387862 -4.387862 -8.775724
R 6.581793 -2.193931 -10.969655


-129.214089	0121030232103013032131301	001001100011000111011000110010110011011011101
26

Y 0.000000 0.000000 0.000000
Y 2.193931 2.193931 -2.193931
H 4.387862 0.000000 -4.387862
F 6.581793 -2.193931 -2.193931
W 4.387862 -4.387862 0.000000
H 6.581793 -6.581793 2.193931
R 4.387862 -8.775724 4.387862
G 2.193931 -10.969655 2.193931
V 0.000000 -8.775724 0.000000
T -2.193931 -6.581793 2.193931
K -4.387862 -4.387862 0.000000
R -2.193931 -2.193931 -2.193931
S 0.000000 -4.387862 -4.387862
L 2.193931 -6.581793 -2.193931
S 4.387862 -8.775724 -4.387862
P 6.581793 -6.581793 -6.581793
H 8.775724 -4.387862 -4.387862
R 10.969655 -6.581793 -2.193931
P 13.163586 -4.387862 -0.000000
R 10.969655 -2.193931 2.193931
H 8.775724 -0.000000 -0.000000
S 6.581793 2.193931 2.193931
R 4.387862 -0.000000 4.387862
L 2.193931 -2.193931 2.193931
Q 0.000000 -4.387862 4.387862
R -2.193931 -2.193931 6.581793


-129.039288	2102123031032120101201301	011000011001110011100011011001001000100100101
26

Y 0.000000 0.000000 0.000000
Y 2.193931 2.193931 -2.193931
H 4.387862 0.000000 -4.387862
F 6.581793 -2.193931 -2.193931
W 4.387862 -4.387862 0.000000
H 2.193931 -2.193931 2.193931
R 4.387862 0.000000 4.387862
G 6.581793 2.193931 2.193931
V 8.775724 0.000000 0.000000
T 10.969655 2.193931 -2.193931
K 13.163586 0.000000 -4.387862
R 10.969655 -2.193931 -6.581793
S 8.775724 -4.387862 -4.387862
L 6.581793 -6.581793 -6.581793
S 4.387862 -4.387862 -8.775724
P 2.193931 -2.193931 -6.581793
H 0.000000 -4.387862 -4.387862
R 2.193931 -6.581793 -2.193931
P 4.387862 -8.775724 -4.387862
R 6.581793 -10.969655 -2.193931
H 8.775724 -8.775724 -0.000000
S 10.969655 -6.581793 -2.193931
R 13.163586 -4.387862 -0.000000
L 10.969655 -2.193931 2.193931
Q 8.775724 -4.387862 4.387862
R 6.581793 -6.581793 2.193931


-128.985701	2012023031032120101201301	010010010001110011100011011001001000100100101
26

Y 0.000000 0.000000 0.000000
Y 2.193931 2.193931 -2.193931
H 4.387862 0.000000 -4.387862
F 6.581793 -2.193931 -2.193931
W 4.387862 -4.387862 0.000000
H 2.193931 -2.193931 2.193931
R 4.387862 0.000000 4.387862
G 6.581793 2.193931 2.193931
V 8.775724 0.000000 0.000000
T 10.969655 2.193931 -2.193931
K 13.163586 0.000000 -4.387862
R 10.969655 -2.193931 -6.581793
S 8.775724 -4.387862 -4.387862
L 6.581793 -6.581793 -6.581793
S 4.387862 -4.387862 -8.775724
P 2.193931 -2.193931 -6.581793
H 0.000000 -4.387862 -4.387862
R 2.193931 -6.581793 -2.193931
P 4.387862 -8.775724 -4.387862
R 6.581793 -10.969655 -2.193931
H 8.775724 -8.775724 -0.000000
S 6.581793 -6.581793 2.193931
R 8.775724 -4.387862 4.387862
L 10.969655 -2.193931 2.193931
Q 13.163586 -4.387862 -0.000000
R 10.969655 -6.581793 -2.193931


-128.927738	3121030212303013032131301	111001100011000110011100110010110011011011101
26

Y 0.000000 0.000000 0.000000
Y 2.193931 2.193931 -2.193931
H 4.387862 0.000000 -4.387862
F 6.581793 -2.193931 -2.193931
W 4.387862 -4.387862 0.000000
H 6.581793 -6.581793 2.193931
R 4.387862 -8.775724 4.387862
G 2.193931 -10.969655 2.193931
V 0.000000 -8.775724 0.000000
T -2.193931 -6.581793 2.193931
K -4.387862 -4.387862 0.000000
R -2.193931 -2.193931 -2.193931
S 0.000000 -4.387862 -4.387862
L 2.193931 -6.581793 -2.193931
S 4.387862 -8.775724 -4.387862
P 6.581793 -10.969655 -2.193931
H 8.775724 -8.775724 0.000000
R 10.969655 -6.581793 -2.193931
P 13.163586 -4.387862 0.000000
R 10.969655 -2.193931 2.193931
H 8.775724 -0.000000 0.000000
S 6.581793 2.193931 2.193931
R 4.387862 -0.000000 4.387862
L 2.193931 -2.193931 2.193931
Q 0.000000 -4.387862 4.387862
R 2.193931 -6.581793 6.581793


-128.903907	0203123130201312032132301	000100111001111011000100101110010011011011011
26

Y 0.000000 0.000000 0.000000
Y 2.193931 2.193931 -2.193931
H 4.387862 0.000000 -4.387862
F 6.581793 -2.193931 -2.193931
W 8.775724 0.000000 0.000000
H 10.969655 -2.193931 2.193931
R 8.775724 -4.387862 4.387862
G 6.581793 -6.581793 2.193931
V 4.387862 -4.387862 0.000000
T 2.193931 -2.193931 2.193931
K 4.387862 -0.000000 4.387862
R 6.581793 2.193931 2.193931
S 4.387862 4.387862 0.000000
L 6.581793 6.581793 -2.193931
S 8.775724 4.387862 -4.387862
P 6.581793 2.193931 -6.581793
H 8.775724 -0.000000 -8.775724
R 10.969655 -2.193931 -6.581793
P 8.775724 -4.387862 -4.387862
R 10.969655 -6.581793 -2.193931
H 13.163586 -4.387862 -0.000000
S 15.357517 -2.193931 -2.193931
R 13.163586 -0.000000 -4.387862
L 10.969655 2.193931 -2.193931
Q 13.163586 4.387862 -0.000000
R 10.969655 6.581793 2.193931


-128.890893	2020120230213023010212301	010001001001000111000110110001110010000110011
26

Y 0.000000 0.000000 0.000000
Y 2.193931 2.193931 -2.193931
H 4.387862 0.000000 -4.387862
F 6.581793 -2.193931 -2.193931
W 8.775724 0.000000 0.000000
H 10.969655 2.193931 -2.193931
R 13.163586 4.387862 0.000000
G 10.969655 6.581793 2.193931
V 8.775724 4.387862 4.387862
T 6.581793 6.581793 6.581793
K 4.387862 8.775724 4.387862
R 2.193931 6.581793 2.193931
S 4.387862 4.387862 0.000000
L 6.581793 2.193931 2.193931
S 4.387862 0.000000 4.387862
P 2.193931 -2.193931 2.193931
H 4.387862 -4.387862 0.000000
R 6.581793 -6.581793 2.193931
P 8.775724 -4.387862 4.387862
R 6.581793 -2.193931 6.581793
H 8.775724 0.000000 8.775724
S 10.969655 2.193931 6.581793
R 13.163586 0.000000 4.387862
L 10.969655 -2.193931 2.193931
Q 13.163586 -4.387862 0.000000
R 10.969655 -6.581793 -2.193931


-128.859719	3031032310210130101201301	110011100011011110000110001011001000100100101
26

Y 0.000000 0.000000 0.000000
Y 2.193931 2.193931 -2.193931
H 4.387862 0.000000 -4.387862
F 6.581793 -2.193931 -2.193931
W 4.387862 -4.387862 0.000000
H 2.193931 -2.193931 2.193931
R 4.387862 0.000000 4.387862
G 6.581793 2.193931 2.193931
V 8.775724 0.000000 0.000000
T 10.969655 2.193931 -2.193931
K 13.163586 0.000000 -4.387862
R 15.357517 -2.193931 -2.193931
S 13.163586 -4.387862 0.000000
L 10.969655 -2.193931 2.193931
S 8.775724 -4.387862 4.387862
P 6.581793 -6.581793 2.193931
H 8.775724 -8.775724 0.000000
R 10.969655 -6.581793 -2.193931
P 8.775724 -4.387862 -4.387862
R 6.581793 -6.581793 -6.581793
H 4.387862 -4.387862 -8.775724
S 2.193931 -2.193931 -6.581793
R 0.000000 -4.387862 -4.387862
L 2.193931 -6.581793 -2.193931
Q 4.387862 -8.775724 -4.387862
R 6.581793 -10.969655 -2.193931


-128.761245	0131202313020231232032101	001011100100011110110001000111100111010011010
26

Y 0.000000 0.000000 0.000000
Y 2.193931 2.193931 -2.193931
H 4.387862 0.000000 -4.387862
F 6.581793 2.193931 -6.581793
W 8.775724 4.387862 -4.387862
H 10.969655 2.193931 -2.193931
R 13.163586 0.000000 -4.387862
G 10.969655 -2.193931 -6.581793
V 8.775724 0.000000 -8.775724
T 6.581793 -2.193931 -10.969655
K 4.387862 -4.387862 -8.775724
R 6.581793 -6.581793 -6.581793
S 8.775724 -4.387862 -4.387862
L 6.581793 -2.193931 -2.193931
S 8.775724 -0.000000 -0.000000
P 6.581793 2.193931 2.193931
H 4.387862 4.387862 -0.000000
R 6.581793 6.581793 -2.193931
P 4.387862 8.775724 -4.387862
R 2.193931 6.581793 -6.581793
H 4.387862 4.387862 -8.775724
S 2.193931 2.193931 -10.969655
R 0.000000 -0.000000 -8.775724
L 2.193931 -2.193931 -6.581793
Q 0.000000 -4.387862 -4.387862
R -2.193931 -2.193931 -2.193931


-128.761245	0121303212030321323023101	001001101100110110010011001101101101110001110
26

Y 0.000000 0.000000 0.000000
Y 2.193931 2.193931 -2.193931
H 4.387862 0.000000 -4.387862
F 6.581793 2.193931 -6.581793
W 4.387862 4.387862 -8.775724
H 2.193931 2.193931 -10.969655
R 4.387862 0.000000 -13.163586
G 6.581793 -2.193931 -10.969655
V 8.775724 0.000000 -8.775724
T 10.969655 -2.193931 -6.581793
K 8.775724 -4.387862 -4.387862
R 6.581793 -6.581793 -6.581793
S 4.387862 -4.387862 -8.775724
L 2.193931 -2.193931 -6.581793
S 0.000000 -0.000000 -8.775724
P -2.193931 2.193931 -6.581793
H 0.000000 4.387862 -4.387862
R 2.193931 6.581793 -6.581793
P 4.387862 8.775724 -4.387862
R 6.581793 6.581793 -2.193931
H 8.775724 4.387862 -4.387862
S 10.969655 2.193931 -2.193931
R 8.775724 -0.000000 -0.000000
L 6.581793 -2.193931 -2.193931
Q 4.387862 -4.387862 -0.000000
R 2.193931 -2.193931 2.193931


-128.710110	2101202013120201212012301	011000100100010010111001000100100110010010011
26

Y 0.000000 0.000000 0.000000
Y 2.193931 2.193931 -2.193931
H 4.387862 0.000000 -4.387862
F 6.581793 -2.193931 -2.193931
W 8.775724 0.000000 0.000000
H 10.969655 2.193931 -2.193931
R 13.163586 0.000000 -4.387862
G 10.969655 -2.193931 -6.581793
V 8.775724 -4.387862 -4.387862
T 6.581793 -6.581793 -6.581793
K 4.387862 -8.775724 -4.387862
R 2.193931 -6.581793 -2.193931
S 4.387862 -4.387862 -0.000000
L 2.193931 -2.193931 2.193931
S 4.387862 -0.000000 4.387862
P 6.581793 2.193931 2.193931
H 4.387862 4.387862 -0.000000
R 6.581793 6.581793 -2.193931
P 8.775724 4.387862 -4.387862
R 6.581793 2.193931 -6.581793
H 8.775724 -0.000000 -8.775724
S 6.581793 -2.193931 -10.969655
R 4.387862 -4.387862 -8.775724
L 2.193931 -2.193931 -6.581793
Q 0.000000 -4.387862 -4.387862
R -2.193931 -6.581793 -6.581793


-128.640666	2302131030213123031232301	011100011011100011000110111001110011100111011
26

Y 0.000000 0.000000 0.000000
Y 2.193931 2.193931 -2.193931
H 4.387862 0.000000 -4.387862
F 6.581793 -2.193931 -2.193931
W 8.775724 0.000000 0.000000
H 10.969655 -2.193931 2.193931
R 13.163586 0.000000 4.387862
G 15.357517 2.193931 2.193931
V 13.163586 4.387862 0.000000
T 10.969655 6.581793 2.193931
K 8.775724 8.775724 0.000000
R 6.581793 6.581793 -2.193931
S 4.387862 4.387862 0.000000
L 6.581793 2.193931 2.193931
S 4.387862 0.000000 4.387862
P 2.193931 -2.193931 2.193931
H 4.387862 -4.387862 0.000000
R 6.581793 -6.581793 2.193931
P 8.775724 -8.775724 0.000000
R 10.969655 -6.581793 -2.193931
H 8.775724 -4.387862 -4.387862
S 10.969655 -2.193931 -6.581793
R 13.163586 0.000000 -4.387862
L 10.969655 2.193931 -2.193931
Q 8.775724 4.387862 -4.387862
R 6.581793 2.193931 -6.581793


-128.637698	2131231301323203231032301	011011100111101100101101110100110111100011011
26

Y 0.000000 0.000000 0.000000
Y 2.193931 2.193931 -2.193931
H 4.387862 0.000000 -4.387862
F 6.581793 -2.193931 -2.193931
W 8.775724 0.000000 0.000000
H 10.969655 -2.193931 2.193931
R 13.163586 -4.387862 0.000000
G 15.357517 -2.193931 -2.193931
V 13.163586 0.000000 -4.387862
T 10.969655 -2.193931 -6.581793
K 8.775724 0.000000 -8.775724
R 6.581793 2.193931 -6.581793
S 8.775724 4.387862 -4.387862
L 10.969655 2.193931 -2.193931
S 13.163586 4.387862 -0.000000
P 15.357517 2.193931 2.193931
H 13.163586 0.000000 4.387862
R 10.969655 2.193931 6.581793
P 8.775724 4.387862 4.387862
R 10.969655 6.581793 2.193931
H 8.775724 8.775724 -0.000000
S 6.581793 6.581793 -2.193931
R 4.387862 4.387862 -0.000000
L 6.581793 2.193931 2.193931
Q 4.387862 0.000000 4.387862
R 2.193931 -2.193931 2.193931


-128.616172	2302131030213123130232301	011100011011100011000110111001111011000111011
26

Y 0.000000 0.000000 0.000000
Y 2.193931 2.193931 -2.193931
H 4.387862 0.000000 -4.387862
F 6.581793 -2.193931 -2.193931
W 8.775724 0.000000 0.000000
H 10.969655 -2.193931 2.193931
R 13.163586 0.000000 4.387862
G 10.969655 2.193931 6.581793
V 8.775724 4.387862 4.387862
T 10.969655 6.581793 2.193931
K 8.775724 8.775724 0.000000
R 6.581793 6.581793 -2.193931
S 4.387862 4.387862 0.000000
L 6.581793 2.193931 2.193931
S 4.387862 0.000000 4.387862
P 2.193931 -2.193931 2.193931
H 4.387862 -4.387862 0.000000
R 6.581793 -6.581793 2.193931
P 8.775724 -8.775724 0.000000
R 10.969655 -6.581793 -2.193931
H 8.775724 -4.387862 -4.387862
S 10.969655 -2.193931 -6.581793
R 13.163586 0.000000 -4.387862
L 10.969655 2.193931 -2.193931
Q 8.775724 4.387862 -4.387862
R 6.581793 2.193931 -6.581793


-128.521450	1312032021020230210320301	101110010011010001100001000111000110001101001
26

Y 0.000000 0.000000 0.000000
Y 2.193931 2.193931 -2.193931
H 4.387862 0.000000 -4.387862
F 6.581793 -2.193931 -2.193931
W 8.775724 -4.387862 -4.387862
H 6.581793 -6.581793 -6.581793
R 4.387862 -4.387862 -8.775724
G 2.193931 -2.193931 -6.581793
V 0.000000 -4.387862 -4.387862
T -2.193931 -6.581793 -6.581793
K 0.000000 -8.775724 -8.775724
R 2.193931 -10.969655 -6.581793
S 4.387862 -8.775724 -4.387862
L 2.193931 -6.581793 -2.193931
S 4.387862 -4.387862 -0.000000
P 2.193931 -2.193931 2.193931
H 0.000000 -4.387862 4.387862
R -2.193931 -6.581793 2.193931
P 0.000000 -8.775724 -0.000000
R -2.193931 -10.969655 -2.193931
H -4.387862 -8.775724 -4.387862
S -6.581793 -6.581793 -2.193931
R -4.387862 -4.387862 -0.000000
L -2.193931 -2.193931 -2.193931
Q -4.387862 -0.000000 -4.387862
R -2.193931 2.193931 -6.581793


-128.473345	3123210130123103131231301	111001110110001011001001111000111011100111101
26

Y 0.000000 0.000000 0.000000
Y 2.193931 2.193931 -2.193931
H 4.387862 0.000000 -4.387862
F 6.581793 -2.193931 -2.193931
W 4.387862 -4.387862 0.000000
H 6.581793 -6.581793 2.193931
R 8.775724 -4.387862 4.387862
G 10.969655 -2.193931 2.193931
V 8.775724 -0.000000 0.000000
T 10.969655 2.193931 -2.193931
K 8.775724 4.387862 -4.387862
R 6.581793 6.581793 -2.193931
S 4.387862 4.387862 0.000000
L 6.581793 2.193931 2.193931
S 8.775724 4.387862 4.387862
P 10.969655 6.581793 2.193931
H 13.163586 4.387862 0.000000
R 15.357517 2.193931 2.193931
P 13.163586 -0.000000 4.387862
R 10.969655 2.193931 6.581793
H 8.775724 -0.000000 8.775724
S 6.581793 -2.193931 6.581793
R 4.387862 -0.000000 4.387862
L 2.193931 -2.193931 2.193931
Q 0.000000 -4.387862 4.387862
R 2.193931 -6.581793 6.581793


-128.462585	1030130201301031010320301	100011001011000100101100100011100010001101001
26

Y 0.000000 0.000000 0.000000
Y 2.193931 2.193931 -2.193931
H 4.387862 0.000000 -4.387862
F 6.581793 -2.193931 -2.193931
W 8.775724 -4.387862 -4.387862
H 6.581793 -6.581793 -6.581793
R 4.387862 -4.387862 -8.775724
G 2.193931 -2.193931 -6.581793
V 0.000000 -4.387862 -4.387862
T -2.193931 -2.193931 -2.193931
K -4.387862 -4.387862 -0.000000
R -2.193931 -6.581793 2.193931
S 0.000000 -8.775724 -0.000000
L 2.193931 -6.581793 -2.193931
S 4.387862 -8.775724 -4.387862
P 6.581793 -10.969655 -2.193931
H 4.387862 -13.163586 -0.000000
R 2.193931 -10.969655 2.193931
P 4.387862 -8.775724 4.387862
R 2.193931 -6.581793 6.581793
H 0.000000 -4.387862 4.387862
S 2.193931 -2.193931 2.193931
R 4.387862 -4.387862 -0.000000
L 6.581793 -6.581793 2.193931
Q 8.775724 -8.775724 -0.000000
R 10.969655 -6.581793 -2.193931


-128.428356	3212032121303012010312301	110110010011011001101100110010010010001110011
26

Y 0.000000 0.000000 0.000000
Y 2.193931 2.193931 -2.193931
H 4.387862 0.000000 -4.387862
F 6.581793 -2.193931 -2.193931
W 8.775724 0.000000 0.000000
H 10.969655 2.193931 -2.193931
R 8.775724 4.387862 -4.387862
G 6.581793 6.581793 -2.193931
V 4.387862 4.387862 0.000000
T 2.193931 6.581793 2.193931
K 4.387862 8.775724 4.387862
R 6.581793 10.969655 2.193931
S 8.775724 8.775724 0.000000
L 10.969655 6.581793 2.193931
S 13.163586 4.387862 0.000000
P 15.357517 2.193931 2.193931
H 13.163586 0.000000 4.387862
R 10.969655 -2.193931 2.193931
P 8.775724 -4.387862 4.387862
R 6.581793 -6.581793 2.193931
H 4.387862 -4.387862 0.000000
S 2.193931 -2.193931 2.193931
R 4.387862 0.000000 4.387862
L 6.581793 2.193931 2.193931
Q 8.775724 4.387862 4.387862
R 10.969655 2.193931 6.581793


-128.344441	3020130103101032030130301	110001001011001000111000100011010011001011001
26

Y 0.000000 0.000000 0.000000
Y 2.193931 2.193931 -2.193931
H 4.387862 0.000000 -4.387862
F 6.581793 -2.193931 -2.193931
W 8.775724 -4.387862 -4.387862
H 10.969655 -6.581793 -2.193931
R 8.775724 -8.775724 0.000000
G 6.581793 -6.581793 2.193931
V 4.387862 -4.387862 0.000000
T 2.193931 -2.193931 2.193931
K 4.387862 -0.000000 4.387862
R 6.581793 -2.193931 6.581793
S 8.775724 -4.387862 4.387862
L 10.969655 -2.193931 2.193931
S 13.163586 -4.387862 0.000000
P 15.357517 -2.193931 -2.193931
H 13.163586 -0.000000 -4.387862
R 10.969655 2.193931 -2.193931
P 8.775724 -0.000000 0.000000
R 6.581793 2.193931 2.193931
H 4.387862 4.387862 0.000000
S 6.581793 6.581793 -2.193931
R 8.775724 4.387862 -4.387862
L 6.581793 2.193931 -6.581793
Q 8.775724 -0.000000 -8.775724
R 10.969655 -2.193931 -6.581793


-128.342272	3212302131020313213012301	110110011100011011100001001110110110110010011
26

Y 0.000000 0.000000 0.000000
Y 2.193931 2.193931 -2.193931
H 4.387862 0.000000 -4.387862
F 6.581793 -2.193931 -2.193931
W 8.775724 0.000000 0.000000
H 10.969655 2.193931 -2.193931
R 13.163586 0.000000 -4.387862
G 15.357517 -2.193931 -2.193931
V 13.163586 -4.387862 0.000000
T 10.969655 -6.581793 -2.193931
K 8.775724 -4.387862 -4.387862
R 10.969655 -2.193931 -6.581793
S 8.775724 -0.000000 -8.775724
L 6.581793 2.193931 -6.581793
S 8.775724 4.387862 -4.387862
P 6.581793 6.581793 -2.193931
H 4.387862 4.387862 -0.000000
R 6.581793 2.193931 2.193931
P 4.387862 -0.000000 4.387862
R 2.193931 -2.193931 2.193931
H 4.387862 -4.387862 -0.000000
S 6.581793 -6.581793 2.193931
R 8.775724 -4.387862 4.387862
L 10.969655 -2.193931 2.193931
Q 13.163586 -0.000000 4.387862
R 15.357517 -2.193931 6.581793


-128.328231	1020120230212032010312301	100001001001000111000110010011010010001110011
26

Y 0.000000 0.000000 0.000000
Y 2.193931 2.193931 -2.193931
H 4.387862 0.000000 -4.387862
F 6.581793 -2.193931 -2.193931
W 8.775724 0.000000 0.000000
H 10.969655 2.193931 -2.193931
R 8.775724 4.387862 -4.387862
G 6.581793 6.581793 -2.193931
V 4.387862 4.387862 0.000000
T 2.193931 6.581793 2.193931
K 4.387862 8.775724 4.387862
R 6.581793 6.581793 6.581793
S 8.775724 4.387862 4.387862
L 6.581793 2.193931 2.193931
S 4.387862 0.000000 4.387862
P 2.193931 -2.193931 2.193931
H 4.387862 -4.387862 0.000000
R 6.581793 -6.581793 2.193931
P 8.775724 -4.387862 4.387862
R 6.581793 -2.193931 6.581793
H 8.775724 0.000000 8.775724
S 10.969655 2.193931 6.581793
R 13.163586 0.000000 4.387862
L 10.969655 -2.193931 2.193931
Q 13.163586 -4.387862 0.000000
R 15.357517 -2.193931 -2.193931


-128.272726	3023012031020230201302301	110001110010010011100001000111000100101100011
26

Y 0.000000 0.000000 0.000000
Y 2.193931 2.193931 -2.193931
H 4.387862 0.000000 -4.387862
F 6.581793 -2.193931 -2.193931
W 8.775724 0.000000 0.000000
H 6.581793 2.193931 2.193931
R 4.387862 4.387862 0.000000
G 6.581793 6.581793 -2.193931
V 8.775724 4.387862 -4.387862
T 6.581793 2.193931 -6.581793
K 8.775724 0.000000 -8.775724
R 10.969655 -2.193931 -6.581793
S 13.163586 0.000000 -4.387862
L 10.969655 2.193931 -2.193931
S 13.163586 4.387862 -0.000000
P 10.969655 6.581793 2.193931
H 8.775724 4.387862 4.387862
R 10.969655 2.193931 6.581793
P 13.163586 0.000000 4.387862
R 10.969655 -2.193931 2.193931
H 8.775724 -4.387862 4.387862
S 6.581793 -2.193931 6.581793
R 4.387862 0.000000 4.387862
L 2.193931 -2.193931 2.193931
Q 4.387862 -4.387862 -0.000000
R 6.581793 -6.581793 2.193931


-128.237057	3212013010212103031231301	110110010010110010000110011000110011100111101
26

Y 0.000000 0.000000 0.000000
Y 2.193931 2.193931 -2.193931
H 4.387862 0.000000 -4.387862
F 6.581793 -2.193931 -2.193931
W 4.387862 -4.387862 0.000000
H 6.581793 -6.581793 2.193931
R 8.775724 -4.387862 4.387862
G 10.969655 -2.193931 2.193931
V 8.775724 -0.000000 0.000000
T 6.581793 2.193931 2.193931
K 4.387862 4.387862 0.000000
R 2.193931 6.581793 2.193931
S 0.000000 4.387862 4.387862
L -2.193931 2.193931 2.193931
S -4.387862 -0.000000 4.387862
P -6.581793 -2.193931 2.193931
H -4.387862 -4.387862 0.000000
R -2.193931 -2.193931 -2.193931
P 0.000000 -4.387862 -4.387862
R 2.193931 -6.581793 -2.193931
H 0.000000 -8.775724 0.000000
S -2.193931 -6.581793 2.193931
R 0.000000 -4.387862 4.387862
L 2.193931 -2.193931 2.193931
Q 4.387862 -0.000000 4.387862
R 6.581793 -2.193931 6.581793


-128.226569	3102310313202031030230301	111000011110001110110100010011100011000111001
26

Y 0.000000 0.000000 0.000000
Y 2.193931 2.193931 -2.193931
H 4.387862 0.000000 -4.387862
F 6.581793 -2.193931 -2.193931
W 8.775724 -4.387862 -4.387862
H 10.969655 -6.581793 -2.193931
R 13.163586 -4.387862 0.000000
G 10.969655 -2.193931 2.193931
V 8.775724 -0.000000 0.000000
T 6.581793 2.193931 2.193931
K 4.387862 -0.000000 4.387862
R 6.581793 -2.193931 6.581793
S 8.775724 -4.387862 4.387862
L 6.581793 -6.581793 2.193931
S 8.775724 -8.775724 0.000000
P 6.581793 -10.969655 -2.193931
H 4.387862 -8.775724 -4.387862
R 6.581793 -6.581793 -6.581793
P 4.387862 -4.387862 -8.775724
R 2.193931 -2.193931 -6.581793
H 0.000000 -4.387862 -4.387862
S 2.193931 -6.581793 -2.193931
R 4.387862 -4.387862 0.000000
L 2.193931 -2.193931 2.193931
Q 0.000000 -4.387862 4.387862
R 2.193931 -6.581793 6.581793


-128.218136	0301320323101032030130301	001100101101001101111000100011010011001011001
26

Y 0.000000 0.000000 0.000000
Y 2.193931 2.193931 -2.193931
H 4.387862 0.000000 -4.387862
F 6.581793 -2.193931 -2.193931
W 8.775724 -4.387862 -4.387862
H 10.969655 -6.581793 -2.193931
R 8.775724 -8.775724 0.000000
G 6.581793 -6.581793 2.193931
V 4.387862 -4.387862 0.000000
T 2.193931 -2.193931 2.193931
K 4.387862 -0.000000 4.387862
R 6.581793 -2.193931 6.581793
S 8.775724 -4.387862 4.387862
L 10.969655 -2.193931 2.193931
S 13.163586 -4.387862 0.000000
P 15.357517 -2.193931 -2.193931
H 13.163586 -0.000000 -4.387862
R 10.969655 -2.193931 -6.581793
P 8.775724 -0.000000 -8.775724
R 6.581793 2.193931 -6.581793
H 8.775724 4.387862 -4.387862
S 10.969655 2.193931 -2.193931
R 8.775724 -0.000000 0.000000
L 6.581793 2.193931 2.193931
Q 4.387862 4.387862 0.000000
R 2.193931 6.581793 2.193931


-128.175342	0101312023120310303102101	001000101110010001111001001110001100111000010
26

Y 0.000000 0.000000 0.000000
Y 2.193931 2.193931 -2.193931
H 4.387862 0.000000 -4.387862
F 6.581793 2.193931 -6.581793
W 8.775724 4.387862 -4.387862
H 6.581793 6.581793 -2.193931
R 4.387862 4.387862 -0.000000
G 6.581793 2.193931 2.193931
V 8.775724 0.000000 -0.000000
T 10.969655 -2.193931 2.193931
K 13.163586 -4.387862 -0.000000
R 15.357517 -2.193931 -2.193931
S 13.163586 0.000000 -4.387862
L 10.969655 2.193931 -2.193931
S 13.163586 4.387862 -0.000000
P 15.357517 6.581793 -2.193931
H 13.163586 8.775724 -4.387862
R 10.969655 6.581793 -6.581793
P 13.163586 4.387862 -8.775724
R 10.969655 2.193931 -10.969655
H 8.775724 0.000000 -8.775724
S 10.969655 -2.193931 -6.581793
R 8.775724 -4.387862 -4.387862
L 6.581793 -2.193931 -2.193931
Q 4.387862 -4.387862 -0.000000
R 2.193931 -2.193931 2.193931


-128.175342	0101213032130210202103101	001000100110110011011011000110000100011000110
26

Y 0.000000 0.000000 0.000000
Y 2.193931 2.193931 -2.193931
H 4.387862 0.000000 -4.387862
F 6.581793 2.193931 -6.581793
W 4.387862 4.387862 -8.775724
H 2.193931 6.581793 -6.581793
R 0.000000 4.387862 -4.387862
G -2.193931 2.193931 -6.581793
V 0.000000 0.000000 -8.775724
T -2.193931 -2.193931 -10.969655
K 0.000000 -4.387862 -13.163586
R 2.193931 -2.193931 -15.357517
S 4.387862 0.000000 -13.163586
L 2.193931 2.193931 -10.969655
S 0.000000 4.387862 -13.163586
P 2.193931 6.581793 -15.357517
H 4.387862 8.775724 -13.163586
R 6.581793 6.581793 -10.969655
P 8.775724 4.387862 -13.163586
R 10.969655 2.193931 -10.969655
H 8.775724 0.000000 -8.775724
S 6.581793 -2.193931 -10.969655
R 4.387862 -4.387862 -8.775724
L 2.193931 -2.193931 -6.581793
Q 0.000000 -4.387862 -4.387862
R -2.193931 -2.193931 -2.193931


-128.151535	1202303103232130101201301	100100011100111000110111011011001000100100101
26

Y 0.000000 0.000000 0.000000
Y 2.193931 2.193931 -2.193931
H 4.387862 0.000000 -4.387862
F 6.581793 -2.193931 -2.193931
W 4.387862 -4.387862 0.000000
H 2.193931 -2.193931 2.193931
R 4.387862 0.000000 4.387862
G 6.581793 2.193931 2.193931
V 8.775724 0.000000 0.000000
T 10.969655 2.193931 -2.193931
K 13.163586 0.000000 -4.387862
R 15.357517 -2.193931 -2.193931
S 13.163586 -4.387862 0.000000
L 10.969655 -6.581793 -2.193931
S 8.775724 -4.387862 -4.387862
P 6.581793 -6.581793 -6.581793
H 4.387862 -4.387862 -8.775724
R 2.193931 -2.193931 -6.581793
P 0.000000 -4.387862 -4.387862
R 2.193931 -6.581793 -2.193931
H 4.387862 -8.775724 -4.387862
S 6.581793 -10.969655 -2.193931
R 8.775724 -8.775724 -0.000000
L 6.581793 -6.581793 2.193931
Q 8.775724 -4.387862 4.387862
R 10.969655 -2.193931 2.193931


-128.138067	3203212031020230201302301	110100110110010011100001000111000100101100011
26

Y 0.000000 0.000000 0.000000
Y 2.193931 2.193931 -2.193931
H 4.387862 0.000000 -4.387862
F 6.581793 -2.193931 -2.193931
W 8.775724 0.000000 0.000000
H 6.581793 2.193931 2.193931
R 4.387862 4.387862 0.000000
G 6.581793 6.581793 -2.193931
V 8.775724 4.387862 -4.387862
T 6.581793 2.193931 -6.581793
K 8.775724 0.000000 -8.775724
R 10.969655 -2.193931 -6.581793
S 13.163586 0.000000 -4.387862
L 10.969655 2.193931 -2.193931
S 13.163586 4.387862 -0.000000
P 10.969655 6.581793 2.193931
H 8.775724 4.387862 4.387862
R 10.969655 2.193931 6.581793
P 13.163586 0.000000 4.387862
R 10.969655 -2.193931 2.193931
H 8.775724 -4.387862 4.387862
S 6.581793 -6.581793 2.193931
R 4.387862 -4.387862 -0.000000
L 2.193931 -2.193931 2.193931
Q 4.387862 0.000000 4.387862
R 6.581793 -2.193931 6.581793


-128.100893	0312032021313203231232301	001110010011010001101110110100110111100111011
26

Y 0.000000 0.000000 0.000000
Y 2.193931 2.193931 -2.193931
H 4.387862 0.000000 -4.387862
F 6.581793 -2.193931 -2.193931
W 8.775724 0.000000 0.000000
H 10.969655 -2.193931 2.193931
R 13.163586 0.000000 4.387862
G 15.357517 2.193931 2.193931
V 13.163586 4.387862 0.000000
T 10.969655 2.193931 -2.193931
K 8.775724 4.387862 -4.387862
R 6.581793 6.581793 -2.193931
S 8.775724 8.775724 0.000000
L 10.969655 6.581793 2.193931
S 8.775724 4.387862 4.387862
P 10.969655 2.193931 6.581793
H 8.775724 0.000000 8.775724
R 6.581793 -2.193931 6.581793
P 8.775724 -4.387862 4.387862
R 6.581793 -6.581793 2.193931
H 4.387862 -4.387862 0.000000
S 2.193931 -2.193931 2.193931
R 4.387862 0.000000 4.387862
L 6.581793 2.193931 2.193931
Q 4.387862 4.387862 0.000000
R 2.193931 6.581793 2.193931


-127.884066	3103203131020320130230301	111000110100111011100001001101001011000111001
26

Y 0.000000 0.000000 0.000000
Y 2.193931 2.193931 -2.193931
H 4.387862 0.000000 -4.387862
F 6.581793 -2.193931 -2.193931
W 8.775724 -4.387862 -4.387862
H 10.969655 -6.581793 -2.193931
R 13.163586 -4.387862 0.000000
G 10.969655 -2.193931 2.193931
V 8.775724 -0.000000 0.000000
T 10.969655 2.193931 -2.193931
K 13.163586 -0.000000 -4.387862
R 10.969655 -2.193931 -6.581793
S 8.775724 -0.000000 -8.775724
L 6.581793 2.193931 -6.581793
S 8.775724 4.387862 -4.387862
P 6.581793 6.581793 -2.193931
H 4.387862 4.387862 -0.000000
R 6.581793 2.193931 2.193931
P 4.387862 -0.000000 4.387862
R 6.581793 -2.193931 6.581793
H 8.775724 -4.387862 4.387862
S 6.581793 -6.581793 2.193931
R 4.387862 -4.387862 -0.000000
L 2.193931 -2.193931 2.193931
Q 0.000000 -4.387862 4.387862
R 2.193931 -6.581793 6.581793


-127.801637	3203123130201312032132301	110100111001111011000100101110010011011011011
26

Y 0.000000 0.000000 0.000000
Y 2.193931 2.193931 -2.193931
H 4.387862 0.000000 -4.387862
F 6.581793 -2.193931 -2.193931
W 8.775724 0.000000 0.000000
H 10.969655 -2.193931 2.193931
R 8.775724 -4.387862 4.387862
G 6.581793 -6.581793 2.193931
V 4.387862 -4.387862 0.000000
T 2.193931 -2.193931 2.193931
K 4.387862 -0.000000 4.387862
R 6.581793 2.193931 2.193931
S 4.387862 4.387862 0.000000
L 6.581793 6.581793 -2.193931
S 8.775724 4.387862 -4.387862
P 6.581793 2.193931 -6.581793
H 8.775724 -0.000000 -8.775724
R 10.969655 -2.193931 -6.581793
P 8.775724 -4.387862 -4.387862
R 10.969655 -6.581793 -2.193931
H 13.163586 -4.387862 -0.000000
S 15.357517 -2.193931 -2.193931
R 13.163586 -0.000000 -4.387862
L 10.969655 2.193931 -2.193931
Q 13.163586 4.387862 -0.000000
R 15.357517 2.193931 2.193931


-127.782420	2030130202303021020320101	010011001011000100011100110001100001001101000
26

Y 0.000000 0.000000 0.000000
Y 2.193931 2.193931 -2.193931
H 4.387862 0.000000 -4.387862
F 6.581793 2.193931 -6.581793
W 8.775724 0.000000 -8.775724
H 6.581793 -2.193931 -10.969655
R 4.387862 0.000000 -13.163586
G 2.193931 2.193931 -10.969655
V 4.387862 4.387862 -8.775724
T 2.193931 6.581793 -6.581793
K 0.000000 4.387862 -4.387862
R -2.193931 2.193931 -6.581793
S 0.000000 0.000000 -8.775724
L 2.193931 -2.193931 -6.581793
S 4.387862 -4.387862 -8.775724
P 6.581793 -6.581793 -6.581793
H 8.775724 -4.387862 -4.387862
R 6.581793 -2.193931 -2.193931
P 8.775724 0.000000 -0.000000
R 6.581793 2.193931 2.193931
H 4.387862 4.387862 -0.000000
S 6.581793 6.581793 -2.193931
R 8.775724 4.387862 -4.387862
L 10.969655 2.193931 -2.193931
Q 13.163586 0.000000 -4.387862
R 10.969655 -2.193931 -6.581793


-127.782420	3020120303202031030230101	110001001001001100110100010011100011000111000
26

Y 0.000000 0.000000 0.000000
Y 2.193931 2.193931 -2.193931
H 4.387862 0.000000 -4.387862
F 6.581793 2.193931 -6.581793
W 8.775724 0.000000 -8.775724
H 10.969655 -2.193931 -6.581793
R 13.163586 0.000000 -4.387862
G 10.969655 2.193931 -2.193931
V 8.775724 4.387862 -4.387862
T 6.581793 6.581793 -2.193931
K 4.387862 4.387862 -0.000000
R 6.581793 2.193931 2.193931
S 8.775724 0.000000 -0.000000
L 6.581793 -2.193931 -2.193931
S 8.775724 -4.387862 -4.387862
P 6.581793 -6.581793 -6.581793
H 4.387862 -4.387862 -8.775724
R 2.193931 -2.193931 -6.581793
P 0.000000 0.000000 -8.775724
R -2.193931 2.193931 -6.581793
H 0.000000 4.387862 -4.387862
S 2.193931 6.581793 -6.581793
R 4.387862 4.387862 -8.775724
L 2.193931 2.193931 -10.969655
Q 4.387862 0.000000 -13.163586
R 6.581793 -2.193931 -10.969655


-127.688623	2312032021020230210320301	011110010011010001100001000111000110001101001
26

Y 0.000000 0.000000 0.000000
Y 2.193931 2.193931 -2.193931
H 4.387862 0.000000 -4.387862
F 6.581793 -2.193931 -2.193931
W 8.775724 -4.387862 -4.387862
H 6.581793 -6.581793 -6.581793
R 4.387862 -4.387862 -8.775724
G 2.193931 -2.193931 -6.581793
V 0.000000 -4.387862 -4.387862
T -2.193931 -6.581793 -6.581793
K 0.000000 -8.775724 -8.775724
R 2.193931 -10.969655 -6.581793
S 4.387862 -8.775724 -4.387862
L 2.193931 -6.581793 -2.193931
S 4.387862 -4.387862 -0.000000
P 2.193931 -2.193931 2.193931
H 0.000000 -4.387862 4.387862
R -2.193931 -6.581793 2.193931
P 0.000000 -8.775724 -0.000000
R -2.193931 -10.969655 -2.193931
H -4.387862 -8.775724 -4.387862
S -6.581793 -6.581793 -2.193931
R -4.387862 -4.387862 -0.000000
L -2.193931 -2.193931 -2.193931
Q -4.387862 -0.000000 -4.387862
R -6.581793 -2.193931 -6.581793


-127.672624	3013210120321031010312301	110010110110001001001101100011100010001110011
26

Y 0.000000 0.000000 0.000000
Y 2.193931 2.193931 -2.193931
H 4.387862 0.000000 -4.387862
F 6.581793 -2.193931 -2.193931
W 8.775724 0.000000 0.000000
H 10.969655 2.193931 -2.193931
R 8.775724 4.387862 -4.387862
G 6.581793 6.581793 -2.193931
V 4.387862 4.387862 0.000000
T 2.193931 6.581793 2.193931
K 0.000000 4.387862 4.387862
R 2.193931 2.193931 6.581793
S 4.387862 0.000000 4.387862
L 6.581793 2.193931 2.193931
S 8.775724 4.387862 4.387862
P 10.969655 2.193931 6.581793
H 13.163586 0.000000 4.387862
R 10.969655 -2.193931 2.193931
P 8.775724 -4.387862 4.387862
R 6.581793 -2.193931 6.581793
H 4.387862 -4.387862 8.775724
S 2.193931 -6.581793 6.581793
R 0.000000 -4.387862 4.387862
L 2.193931 -2.193931 2.193931
Q 4.387862 -4.387862 0.000000
R 6.581793 -6.581793 2.193931


-127.645842	1312032020323123030232301	101110010011010001001101111001110011000111011
26

Y 0.000000 0.000000 0.000000
Y 2.193931 2.193931 -2.193931
H 4.387862 0.000000 -4.387862
F 6.581793 -2.193931 -2.193931
W 8.775724 0.000000 0.000000
H 10.969655 -2.193931 2.193931
R 13.163586 0.000000 4.387862
G 10.969655 2.193931 6.581793
V 8.775724 4.387862 4.387862
T 6.581793 6.581793 6.581793
K 4.387862 8.775724 4.387862
R 2.193931 6.581793 2.193931
S 0.000000 4.387862 4.387862
L 2.193931 2.193931 6.581793
S 4.387862 4.387862 8.775724
P 6.581793 2.193931 10.969655
H 8.775724 0.000000 8.775724
R 6.581793 -2.193931 6.581793
P 8.775724 -4.387862 4.387862
R 6.581793 -6.581793 2.193931
H 4.387862 -4.387862 0.000000
S 2.193931 -2.193931 2.193931
R 4.387862 0.000000 4.387862
L 6.581793 2.193931 2.193931
Q 4.387862 4.387862 0.000000
R 6.581793 6.581793 -2.193931


-127.594214	0303132130301312032132301	001100111011011011001100101110010011011011011
26

Y 0.000000 0.000000 0.000000
Y 2.193931 2.193931 -2.193931
H 4.387862 0.000000 -4.387862
F 6.581793 -2.193931 -2.193931
W 8.775724 0.000000 0.000000
H 10.969655 -2.193931 2.193931
R 8.775724 -4.387862 4.387862
G 6.581793 -6.581793 2.193931
V 4.387862 -4.387862 0.000000
T 2.193931 -2.193931 2.193931
K 4.387862 -0.000000 4.387862
R 6.581793 2.193931 2.193931
S 4.387862 4.387862 0.000000
L 6.581793 6.581793 -2.193931
S 8.775724 4.387862 -4.387862
P 10.969655 2.193931 -2.193931
H 13.163586 -0.000000 -4.387862
R 15.357517 -2.193931 -2.193931
P 13.163586 -4.387862 0.000000
R 10.969655 -6.581793 -2.193931
H 8.775724 -4.387862 -4.387862
S 10.969655 -2.193931 -6.581793
R 8.775724 -0.000000 -8.775724
L 6.581793 2.193931 -6.581793
Q 4.387862 4.387862 -8.775724
R 2.193931 6.581793 -6.581793


-127.591943	2021310203131021013012301	010001101110000100111011100001100010110010011
26

Y 0.000000 0.000000 0.000000
Y 2.193931 2.193931 -2.193931
H 4.387862 0.000000 -4.387862
F 6.581793 -2.193931 -2.193931
W 8.775724 0.000000 0.000000
H 10.969655 2.193931 -2.193931
R 13.163586 0.000000 -4.387862
G 15.357517 -2.193931 -2.193931
V 13.163586 -4.387862 0.000000
T 10.969655 -2.193931 2.193931
K 8.775724 -4.387862 4.387862
R 6.581793 -6.581793 2.193931
S 8.775724 -8.775724 0.000000
L 10.969655 -6.581793 -2.193931
S 8.775724 -4.387862 -4.387862
P 10.969655 -2.193931 -6.581793
H 8.775724 -0.000000 -8.775724
R 6.581793 2.193931 -6.581793
P 8.775724 4.387862 -4.387862
R 6.581793 6.581793 -2.193931
H 4.387862 4.387862 -0.000000
S 6.581793 2.193931 2.193931
R 4.387862 -0.000000 4.387862
L 2.193931 -2.193931 2.193931
Q 4.387862 -4.387862 -0.000000
R 2.193931 -6.581793 -2.193931


-127.584095	3013202131023203232012301	110010110100011011100001110100110111010010011
26

Y 0.000000 0.000000 0.000000
Y 2.193931 2.193931 -2.193931
H 4.387862 0.000000 -4.387862
F 6.581793 -2.193931 -2.193931
W 8.775724 0.000000 0.000000
H 10.969655 2.193931 -2.193931
R 13.163586 0.000000 -4.387862
G 10.969655 -2.193931 -6.581793
V 8.775724 0.000000 -8.775724
T 6.581793 -2.193931 -10.969655
K 4.387862 0.000000 -13.163586
R 2.193931 2.193931 -10.969655
S 4.387862 4.387862 -8.775724
L 6.581793 2.193931 -6.581793
S 8.775724 4.387862 -4.387862
P 6.581793 6.581793 -2.193931
H 4.387862 4.387862 -0.000000
R 6.581793 2.193931 2.193931
P 4.387862 0.000000 4.387862
R 2.193931 -2.193931 2.193931
H 4.387862 -4.387862 -0.000000
S 2.193931 -6.581793 -2.193931
R 0.000000 -4.387862 -4.387862
L 2.193931 -2.193931 -6.581793
Q 4.387862 -4.387862 -8.775724
R 6.581793 -6.581793 -6.581793


-127.576086	1030232103121201232132301	100011000111011000111001100100100111011011011
26

Y 0.000000 0.000000 0.000000
Y 2.193931 2.193931 -2.193931
H 4.387862 0.000000 -4.387862
F 6.581793 -2.193931 -2.193931
W 8.775724 0.000000 0.000000
H 10.969655 -2.193931 2.193931
R 8.775724 -4.387862 4.387862
G 6.581793 -6.581793 2.193931
V 4.387862 -4.387862 0.000000
T 2.193931 -6.581793 -2.193931
K 0.000000 -8.775724 0.000000
R -2.193931 -6.581793 2.193931
S 0.000000 -4.387862 4.387862
L 2.193931 -2.193931 2.193931
S 4.387862 -0.000000 4.387862
P 6.581793 2.193931 2.193931
H 4.387862 4.387862 0.000000
R 2.193931 6.581793 2.193931
P 0.000000 4.387862 4.387862
R -2.193931 2.193931 2.193931
H -4.387862 4.387862 0.000000
S -6.581793 2.193931 -2.193931
R -4.387862 -0.000000 -4.387862
L -2.193931 -2.193931 -2.193931
Q 0.000000 -4.387862 -4.387862
R 2.193931 -2.193931 -6.581793


-127.472608	0323123203212130320312301	001101111001110100110110011011001101001110011
26

Y 0.000000 0.000000 0.000000
Y 2.193931 2.193931 -2.193931
H 4.387862 0.000000 -4.387862
F 6.581793 -2.193931 -2.193931
W 8.775724 0.000000 0.000000
H 10.969655 2.193931 -2.193931
R 8.775724 4.387862 -4.387862
G 6.581793 6.581793 -2.193931
V 8.775724 8.775724 0.000000
T 10.969655 6.581793 2.193931
K 13.163586 4.387862 0.000000
R 15.357517 2.193931 2.193931
S 13.163586 0.000000 4.387862
L 10.969655 -2.193931 2.193931
S 8.775724 -4.387862 4.387862
P 6.581793 -6.581793 2.193931
H 4.387862 -4.387862 0.000000
R 2.193931 -2.193931 2.193931
P 4.387862 0.000000 4.387862
R 6.581793 -2.193931 6.581793
H 8.775724 0.000000 8.775724
S 10.969655 2.193931 6.581793
R 8.775724 4.387862 4.387862
L 6.581793 2.193931 2.193931
Q 4.387862 4.387862 0.000000
R 2.193931 6.581793 2.193931


-127.402193	0131032013121231032132301	001011100011010010111001100111100011011011011
26

Y 0.000000 0.000000 0.000000
Y 2.193931 2.193931 -2.193931
H 4.387862 0.000000 -4.387862
F 6.581793 -2.193931 -2.193931
W 8.775724 0.000000 0.000000
H 10.969655 -2.193931 2.193931
R 8.775724 -4.387862 4.387862
G 6.581793 -6.581793 2.193931
V 4.387862 -4.387862 0.000000
T 2.193931 -2.193931 2.193931
K 0.000000 -4.387862 4.387862
R 2.193931 -6.581793 6.581793
S 4.387862 -4.387862 8.775724
L 6.581793 -2.193931 6.581793
S 8.775724 -0.000000 8.775724
P 10.969655 2.193931 6.581793
H 8.775724 4.387862 4.387862
R 10.969655 6.581793 2.193931
P 13.163586 4.387862 0.000000
R 10.969655 2.193931 -2.193931
H 8.775724 4.387862 -4.387862
S 6.581793 6.581793 -2.193931
R 4.387862 4.387862 0.000000
L 6.581793 2.193931 2.193931
Q 4.387862 -0.000000 4.387862
R 2.193931 2.193931 6.581793


-127.392624	0303131030213103031032301	001100111011100011000110111000110011100011011
26

Y 0.000000 0.000000 0.000000
Y 2.193931 2.193931 -2.193931
H 4.387862 0.000000 -4.387862
F 6.581793 -2.193931 -2.193931
W 8.775724 0.000000 0.000000
H 10.969655 -2.193931 2.193931
R 13.163586 -4.387862 0.000000
G 15.357517 -2.193931 -2.193931
V 13.163586 0.000000 -4.387862
T 10.969655 2.193931 -2.193931
K 8.775724 4.387862 -4.387862
R 6.581793 6.581793 -2.193931
S 4.387862 4.387862 0.000000
L 6.581793 2.193931 2.193931
S 4.387862 0.000000 4.387862
P 2.193931 -2.193931 2.193931
H 4.387862 -4.387862 0.000000
R 6.581793 -6.581793 2.193931
P 8.775724 -8.775724 0.000000
R 10.969655 -6.581793 -2.193931
H 8.775724 -4.387862 -4.387862
S 10.969655 -2.193931 -6.581793
R 8.775724 0.000000 -8.775724
L 6.581793 2.193931 -6.581793
Q 4.387862 4.387862 -8.775724
R 2.193931 6.581793 -6.581793


-127.383799	1303103203012130320310301	101100111000110100110010011011001101001110001
26

Y 0.000000 0.000000 0.000000
Y 2.193931 2.193931 -2.193931
H 4.387862 0.000000 -4.387862
F 6.581793 -2.193931 -2.193931
W 8.775724 -4.387862 -4.387862
H 10.969655 -2.193931 -6.581793
R 8.775724 0.000000 -8.775724
G 6.581793 2.193931 -6.581793
V 8.775724 4.387862 -4.387862
T 10.969655 2.193931 -2.193931
K 13.163586 0.000000 -4.387862
R 15.357517 -2.193931 -2.193931
S 13.163586 -4.387862 -0.000000
L 10.969655 -6.581793 -2.193931
S 8.775724 -8.775724 -0.000000
P 6.581793 -6.581793 2.193931
H 4.387862 -4.387862 -0.000000
R 2.193931 -2.193931 2.193931
P 4.387862 -0.000000 4.387862
R 6.581793 -2.193931 6.581793
H 8.775724 -4.387862 4.387862
S 10.969655 -2.193931 2.193931
R 8.775724 -0.000000 -0.000000
L 6.581793 2.193931 2.193931
Q 4.387862 4.387862 -0.000000
R 6.581793 6.581793 -2.193931


-127.350627	1320301212013103132031301	101101001100100110010010111000111011010011101
26

Y 0.000000 0.000000 0.000000
Y 2.193931 2.193931 -2.193931
H 4.387862 0.000000 -4.387862
F 6.581793 -2.193931 -2.193931
W 4.387862 -4.387862 0.000000
H 6.581793 -6.581793 2.193931
R 8.775724 -8.775724 0.000000
G 6.581793 -10.969655 -2.193931
V 4.387862 -8.775724 -4.387862
T 6.581793 -6.581793 -6.581793
K 4.387862 -4.387862 -8.775724
R 2.193931 -2.193931 -6.581793
S 0.000000 -4.387862 -4.387862
L 2.193931 -6.581793 -2.193931
S 0.000000 -8.775724 -0.000000
P -2.193931 -6.581793 2.193931
H 0.000000 -4.387862 4.387862
R 2.193931 -2.193931 2.193931
P 4.387862 -0.000000 4.387862
R 6.581793 2.193931 2.193931
H 8.775724 -0.000000 -0.000000
S 10.969655 -2.193931 2.193931
R 13.163586 -4.387862 -0.000000
L 10.969655 -6.581793 -2.193931
Q 8.775724 -4.387862 -4.387862
R 10.969655 -2.193931 -6.581793


-127.349617	3102301303210120103102301	111000011100101100110110001001001000111000011
26

Y 0.000000 0.000000 0.000000
Y 2.193931 2.193931 -2.193931
H 4.387862 0.000000 -4.387862
F 6.581793 -2.193931 -2.193931
W 8.775724 0.000000 0.000000
H 6.581793 2.193931 2.193931
R 4.387862 0.000000 4.387862
G 6.581793 -2.193931 6.581793
V 8.775724 -4.387862 4.387862
T 10.969655 -2.193931 2.193931
K 13.163586 -4.387862 0.000000
R 10.969655 -6.581793 -2.193931
S 8.775724 -8.775724 0.000000
L 6.581793 -6.581793 2.193931
S 4.387862 -8.775724 4.387862
P 2.193931 -10.969655 2.193931
H 0.000000 -8.775724 0.000000
R -2.193931 -6.581793 2.193931
P -4.387862 -4.387862 0.000000
R -2.193931 -2.193931 -2.193931
H 0.000000 -4.387862 -4.387862
S 2.193931 -6.581793 -2.193931
R 4.387862 -4.387862 0.000000
L 2.193931 -2.193931 2.193931
Q 0.000000 -4.387862 4.387862
R 2.193931 -6.581793 6.581793


-127.349594	1031201323021032030121301	100011100100101101110001100011010011001001101
26

Y 0.000000 0.000000 0.000000
Y 2.193931 2.193931 -2.193931
H 4.387862 0.000000 -4.387862
F 6.581793 -2.193931 -2.193931
W 4.387862 -4.387862 0.000000
H 2.193931 -6.581793 -2.193931
R 0.000000 -8.775724 0.000000
G -2.193931 -6.581793 2.193931
V -4.387862 -4.387862 0.000000
T -6.581793 -2.193931 2.193931
K -4.387862 -0.000000 4.387862
R -2.193931 -2.193931 6.581793
S 0.000000 -4.387862 4.387862
L 2.193931 -2.193931 2.193931
S 4.387862 -0.000000 4.387862
P 2.193931 2.193931 6.581793
H 0.000000 4.387862 4.387862
R -2.193931 2.193931 2.193931
P -4.387862 4.387862 0.000000
R -2.193931 6.581793 -2.193931
H 0.000000 4.387862 -4.387862
S -2.193931 2.193931 -6.581793
R -4.387862 -0.000000 -4.387862
L -2.193931 -2.193931 -2.193931
Q 0.000000 -4.387862 -4.387862
R 2.193931 -2.193931 -6.581793


-127.327511	0131232310120201312310301	001011100111011110001001000100101110011110001
26

Y 0.000000 0.000000 0.000000
Y 2.193931 2.193931 -2.193931
H 4.387862 0.000000 -4.387862
F 6.581793 -2.193931 -2.193931
W 8.775724 -4.387862 -4.387862
H 10.969655 -2.193931 -6.581793
R 8.775724 0.000000 -8.775724
G 6.581793 -2.193931 -10.969655
V 4.387862 -4.387862 -8.775724
T 6.581793 -6.581793 -6.581793
K 4.387862 -8.775724 -4.387862
R 2.193931 -6.581793 -2.193931
S 4.387862 -4.387862 -0.000000
L 2.193931 -2.193931 2.193931
S 4.387862 -0.000000 4.387862
P 6.581793 2.193931 2.193931
H 8.775724 -0.000000 -0.000000
R 10.969655 2.193931 -2.193931
P 8.775724 4.387862 -4.387862
R 6.581793 2.193931 -6.581793
H 4.387862 4.387862 -8.775724
S 2.193931 2.193931 -10.969655
R 0.000000 -0.000000 -8.775724
L 2.193931 -2.193931 -6.581793
Q 0.000000 -4.387862 -4.387862
R -2.193931 -2.193931 -2.193931


-127.295553	0303121230212032010312301	001100111001100111000110010011010010001110011
26

Y 0.000000 0.000000 0.000000
Y 2.193931 2.193931 -2.193931
H 4.387862 0.000000 -4.387862
F 6.581793 -2.193931 -2.193931
W 8.775724 0.000000 0.000000
H 10.969655 2.193931 -2.193931
R 8.775724 4.387862 -4.387862
G 6.581793 6.581793 -2.193931
V 4.387862 4.387862 0.000000
T 2.193931 6.581793 2.193931
K 4.387862 8.775724 4.387862
R 6.581793 6.581793 6.581793
S 8.775724 4.387862 4.387862
L 6.581793 2.193931 2.193931
S 4.387862 0.000000 4.387862
P 2.193931 -2.193931 2.193931
H 4.387862 -4.387862 0.000000
R 6.581793 -6.581793 2.193931
P 8.775724 -4.387862 4.387862
R 10.969655 -2.193931 2.193931
H 13.163586 0.000000 4.387862
S 15.357517 2.193931 2.193931
R 13.163586 4.387862 0.000000
L 10.969655 6.581793 2.193931
Q 8.775724 8.775724 0.000000
R 6.581793 10.969655 2.193931


-127.256642	1323123203210320313212301	101101111001110100110110001101001110110110011
26

Y 0.000000 0.000000 0.000000
Y 2.193931 2.193931 -2.193931
H 4.387862 0.000000 -4.387862
F 6.581793 -2.193931 -2.193931
W 8.775724 0.000000 0.000000
H 10.969655 2.193931 -2.193931
R 13.163586 4.387862 0.000000
G 15.357517 2.193931 2.193931
V 13.163586 0.000000 4.387862
T 15.357517 -2.193931 6.581793
K 17.551448 -4.387862 4.387862
R 15.357517 -6.581793 2.193931
S 13.163586 -4.387862 0.000000
L 10.969655 -2.193931 2.193931
S 8.775724 -4.387862 4.387862
P 6.581793 -6.581793 2.193931
H 4.387862 -4.387862 0.000000
R 2.193931 -2.193931 2.193931
P 4.387862 -0.000000 4.387862
R 6.581793 -2.193931 6.581793
H 8.775724 -0.000000 8.775724
S 10.969655 2.193931 6.581793
R 8.775724 4.387862 4.387862
L 6.581793 2.193931 2.193931
Q 4.387862 4.387862 0.000000
R 6.581793 6.581793 -2.193931


-127.229390	1203210212303103212012301	100100110110000110011100111000110110010010011
26

Y 0.000000 0.000000 0.000000
Y 2.193931 2.193931 -2.193931
H 4.387862 0.000000 -4.387862
F 6.581793 -2.193931 -2.193931
W 8.775724 0.000000 0.000000
H 10.969655 2.193931 -2.193931
R 13.163586 0.000000 -4.387862
G 10.969655 -2.193931 -6.581793
V 8.775724 -4.387862 -4.387862
T 6.581793 -6.581793 -6.581793
K 4.387862 -4.387862 -8.775724
R 2.193931 -2.193931 -6.581793
S 0.000000 -4.387862 -4.387862
L 2.193931 -6.581793 -2.193931
S 4.387862 -8.775724 -4.387862
P 6.581793 -10.969655 -2.193931
H 8.775724 -8.775724 -0.000000
R 10.969655 -6.581793 -2.193931
P 13.163586 -4.387862 -0.000000
R 10.969655 -2.193931 2.193931
H 8.775724 -4.387862 4.387862
S 6.581793 -6.581793 2.193931
R 4.387862 -4.387862 -0.000000
L 2.193931 -2.193931 2.193931
Q 4.387862 -0.000000 4.387862
R 6.581793 2.193931 2.193931


-127.224049	3010310103231021301201301	110010001110001000110111100001101100100100101
26

Y 0.000000 0.000000 0.000000
Y 2.193931 2.193931 -2.193931
H 4.387862 0.000000 -4.387862
F 6.581793 -2.193931 -2.193931
W 4.387862 -4.387862 0.000000
H 2.193931 -2.193931 2.193931
R 4.387862 0.000000 4.387862
G 6.581793 2.193931 2.193931
V 8.775724 0.000000 0.000000
T 10.969655 -2.193931 2.193931
K 8.775724 -4.387862 4.387862
R 6.581793 -6.581793 2.193931
S 8.775724 -8.775724 0.000000
L 10.969655 -6.581793 -2.193931
S 8.775724 -4.387862 -4.387862
P 6.581793 -6.581793 -6.581793
H 4.387862 -4.387862 -8.775724
R 2.193931 -2.193931 -6.581793
P 0.000000 -4.387862 -4.387862
R -2.193931 -2.193931 -2.193931
H -4.387862 -4.387862 -0.000000
S -2.193931 -6.581793 2.193931
R 0.000000 -8.775724 -0.000000
L 2.193931 -6.581793 -2.193931
Q 4.387862 -8.775724 -4.387862
R 6.581793 -10.969655 -2.193931


-127.191035	0131230213101021030130301	001011100111000110111000100001100011001011001
26

Y 0.000000 0.000000 0.000000
Y 2.193931 2.193931 -2.193931
H 4.387862 0.000000 -4.387862
F 6.581793 -2.193931 -2.193931
W 8.775724 -4.387862 -4.387862
H 10.969655 -6.581793 -2.193931
R 8.775724 -8.775724 0.000000
G 6.581793 -6.581793 2.193931
V 4.387862 -4.387862 0.000000
T 2.193931 -2.193931 2.193931
K 0.000000 -4.387862 4.387862
R -2.193931 -6.581793 2.193931
S 0.000000 -8.775724 0.000000
L 2.193931 -6.581793 -2.193931
S 4.387862 -8.775724 -4.387862
P 6.581793 -6.581793 -6.581793
H 4.387862 -4.387862 -8.775724
R 6.581793 -2.193931 -10.969655
P 8.775724 -0.000000 -8.775724
R 6.581793 2.193931 -6.581793
H 4.387862 4.387862 -8.775724
S 2.193931 2.193931 -10.969655
R 0.000000 -0.000000 -8.775724
L 2.193931 -2.193931 -6.581793
Q 0.000000 -4.387862 -4.387862
R -2.193931 -2.193931 -2.193931


-127.136603	3230130320210130101201301	110111001011001101000110001011001000100100101
26

Y 0.000000 0.000000 0.000000
Y 2.193931 2.193931 -2.193931
H 4.387862 0.000000 -4.387862
F 6.581793 -2.193931 -2.193931
W 4.387862 -4.387862 0.000000
H 2.193931 -2.193931 2.193931
R 4.387862 0.000000 4.387862
G 6.581793 2.193931 2.193931
V 8.775724 0.000000 0.000000
T 10.969655 2.193931 -2.193931
K 13.163586 0.000000 -4.387862
R 15.357517 -2.193931 -2.193931
S 13.163586 -4.387862 0.000000
L 10.969655 -2.193931 2.193931
S 8.775724 -4.387862 4.387862
P 6.581793 -6.581793 2.193931
H 8.775724 -8.775724 0.000000
R 6.581793 -10.969655 -2.193931
P 4.387862 -8.775724 -4.387862
R 2.193931 -6.581793 -2.193931
H 0.000000 -4.387862 -4.387862
S 2.193931 -2.193931 -6.581793
R 4.387862 -4.387862 -8.775724
L 6.581793 -6.581793 -6.581793
Q 8.775724 -4.387862 -4.387862
R 10.969655 -6.581793 -2.193931


-127.131035	0131230213102021010210301	001011100111000110111000010001100010000110001
26

Y 0.000000 0.000000 0.000000
Y 2.193931 2.193931 -2.193931
H 4.387862 0.000000 -4.387862
F 6.581793 -2.193931 -2.193931
W 8.775724 -4.387862 -4.387862
H 10.969655 -2.193931 -6.581793
R 13.163586 0.000000 -4.387862
G 10.969655 2.193931 -2.193931
V 8.775724 0.000000 -0.000000
T 6.581793 2.193931 2.193931
K 4.387862 0.000000 4.387862
R 2.193931 -2.193931 2.193931
S 4.387862 -4.387862 -0.000000
L 2.193931 -6.581793 -2.193931
S 4.387862 -8.775724 -4.387862
P 6.581793 -6.581793 -6.581793
H 4.387862 -4.387862 -8.775724
R 6.581793 -2.193931 -10.969655
P 8.775724 -0.000000 -8.775724
R 6.581793 2.193931 -6.581793
H 4.387862 4.387862 -8.775724
S 2.193931 2.193931 -10.969655
R 0.000000 -0.000000 -8.775724
L 2.193931 -2.193931 -6.581793
Q 0.000000 -4.387862 -4.387862
R -2.193931 -2.193931 -2.193931


-127.127363	3123010232103013032131301	111001110010000111011000110010110011011011101
26

Y 0.000000 0.000000 0.000000
Y 2.193931 2.193931 -2.193931
H 4.387862 0.000000 -4.387862
F 6.581793 -2.193931 -2.193931
W 4.387862 -4.387862 0.000000
H 6.581793 -6.581793 2.193931
R 4.387862 -8.775724 4.387862
G 2.193931 -10.969655 2.193931
V 0.000000 -8.775724 0.000000
T -2.193931 -6.581793 2.193931
K -4.387862 -4.387862 0.000000
R -2.193931 -2.193931 -2.193931
S 0.000000 -4.387862 -4.387862
L 2.193931 -6.581793 -2.193931
S 4.387862 -8.775724 -4.387862
P 6.581793 -6.581793 -6.581793
H 8.775724 -4.387862 -4.387862
R 10.969655 -6.581793 -2.193931
P 13.163586 -4.387862 -0.000000
R 10.969655 -2.193931 2.193931
H 8.775724 -4.387862 4.387862
S 6.581793 -2.193931 6.581793
R 4.387862 -0.000000 4.387862
L 2.193931 -2.193931 2.193931
Q 0.000000 -4.387862 4.387862
R 2.193931 -6.581793 6.581793


-127.083187	2121303212030321323023101	011001101100110110010011001101101101110001110
26

Y 0.000000 0.000000 0.000000
Y 2.193931 2.193931 -2.193931
H 4.387862 0.000000 -4.387862
F 6.581793 2.193931 -6.581793
W 4.387862 4.387862 -8.775724
H 2.193931 2.193931 -10.969655
R 4.387862 0.000000 -13.163586
G 6.581793 -2.193931 -10.969655
V 8.775724 0.000000 -8.775724
T 10.969655 -2.193931 -6.581793
K 8.775724 -4.387862 -4.387862
R 6.581793 -6.581793 -6.581793
S 4.387862 -4.387862 -8.775724
L 2.193931 -2.193931 -6.581793
S 0.000000 -0.000000 -8.775724
P -2.193931 2.193931 -6.581793
H 0.000000 4.387862 -4.387862
R 2.193931 6.581793 -6.581793
P 4.387862 8.775724 -4.387862
R 6.581793 6.581793 -2.193931
H 8.775724 4.387862 -4.387862
S 10.969655 2.193931 -2.193931
R 8.775724 -0.000000 -0.000000
L 6.581793 -2.193931 -2.193931
Q 4.387862 -4.387862 -0.000000
R 2.193931 -6.581793 -2.193931


-127.083187	3131202313020231232032101	111011100100011110110001000111100111010011010
26

Y 0.000000 0.000000 0.000000
Y 2.193931 2.193931 -2.193931
H 4.387862 0.000000 -4.387862
F 6.581793 2.193931 -6.581793
W 8.775724 4.387862 -4.387862
H 10.969655 2.193931 -2.193931
R 13.163586 0.000000 -4.387862
G 10.969655 -2.193931 -6.581793
V 8.775724 0.000000 -8.775724
T 6.581793 -2.193931 -10.969655
K 4.387862 -4.387862 -8.775724
R 6.581793 -6.581793 -6.581793
S 8.775724 -4.387862 -4.387862
L 6.581793 -2.193931 -2.193931
S 8.775724 -0.000000 -0.000000
P 6.581793 2.193931 2.193931
H 4.387862 4.387862 -0.000000
R 6.581793 6.581793 -2.193931
P 4.387862 8.775724 -4.387862
R 2.193931 6.581793 -6.581793
H 4.387862 4.387862 -8.775724
S 2.193931 2.193931 -10.969655
R 0.000000 -0.000000 -8.775724
L 2.193931 -2.193931 -6.581793
Q 0.000000 -4.387862 -4.387862
R 2.193931 -6.581793 -2.193931


-127.005507	3020120230212032010312301	110001001001000111000110010011010010001110011
26

Y 0.000000 0.000000 0.000000
Y 2.193931 2.193931 -2.193931
H 4.387862 0.000000 -4.387862
F 6.581793 -2.193931 -2.193931
W 8.775724 0.000000 0.000000
H 10.969655 2.193931 -2.193931
R 8.775724 4.387862 -4.387862
G 6.581793 6.581793 -2.193931
V 4.387862 4.387862 0.000000
T 2.193931 6.581793 2.193931
K 4.387862 8.775724 4.387862
R 6.581793 6.581793 6.581793
S 8.775724 4.387862 4.387862
L 6.581793 2.193931 2.193931
S 4.387862 0.000000 4.387862
P 2.193931 -2.193931 2.193931
H 4.387862 -4.387862 0.000000
R 6.581793 -6.581793 2.193931
P 8.775724 -4.387862 4.387862
R 6.581793 -2.193931 6.581793
H 8.775724 0.000000 8.775724
S 10.969655 2.193931 6.581793
R 13.163586 0.000000 4.387862
L 10.969655 -2.193931 2.193931
Q 13.163586 -4.387862 0.000000
R 15.357517 -6.581793 2.193931


-126.998271	3031032310120230202101301	110011100011011110001001000111000100011000101
26

Y 0.000000 0.000000 0.000000
Y 2.193931 2.193931 -2.193931
H 4.387862 0.000000 -4.387862
F 6.581793 -2.193931 -2.193931
W 4.387862 -4.387862 0.000000
H 2.193931 -2.193931 2.193931
R 0.000000 -4.387862 4.387862
G -2.193931 -6.581793 2.193931
V 0.000000 -8.775724 0.000000
T -2.193931 -10.969655 -2.193931
K 0.000000 -13.163586 -4.387862
R 2.193931 -15.357517 -2.193931
S 4.387862 -13.163586 0.000000
L 2.193931 -10.969655 2.193931
S 4.387862 -8.775724 4.387862
P 6.581793 -6.581793 2.193931
H 8.775724 -8.775724 0.000000
R 10.969655 -6.581793 -2.193931
P 8.775724 -4.387862 -4.387862
R 6.581793 -6.581793 -6.581793
H 4.387862 -4.387862 -8.775724
S 2.193931 -2.193931 -6.581793
R 0.000000 -4.387862 -4.387862
L 2.193931 -6.581793 -2.193931
Q 4.387862 -8.775724 -4.387862
R 6.581793 -10.969655 -2.193931


-126.980831	0212032121303012010312301	000110010011011001101100110010010010001110011
26

Y 0.000000 0.000000 0.000000
Y 2.193931 2.193931 -2.193931
H 4.387862 0.000000 -4.387862
F 6.581793 -2.193931 -2.193931
W 8.775724 0.000000 0.000000
H 10.969655 2.193931 -2.193931
R 8.775724 4.387862 -4.387862
G 6.581793 6.581793 -2.193931
V 4.387862 4.387862 0.000000
T 2.193931 6.581793 2.193931
K 4.387862 8.775724 4.387862
R 6.581793 10.969655 2.193931
S 8.775724 8.775724 0.000000
L 10.969655 6.581793 2.193931
S 13.163586 4.387862 0.000000
P 15.357517 2.193931 2.193931
H 13.163586 0.000000 4.387862
R 10.969655 -2.193931 2.193931
P 8.775724 -4.387862 4.387862
R 6.581793 -6.581793 2.193931
H 4.387862 -4.387862 0.000000
S 2.193931 -2.193931 2.193931
R 4.387862 0.000000 4.387862
L 6.581793 2.193931 2.193931
Q 8.775724 4.387862 4.387862
R 6.581793 6.581793 6.581793


-126.950564	0320301312023103232032301	001101001100101110010001111000110111010011011
26

Y 0.000000 0.000000 0.000000
Y 2.193931 2.193931 -2.193931
H 4.387862 0.000000 -4.387862
F 6.581793 -2.193931 -2.193931
W 8.775724 0.000000 0.000000
H 10.969655 -2.193931 2.193931
R 13.163586 -4.387862 0.000000
G 10.969655 -6.581793 -2.193931
V 8.775724 -4.387862 -4.387862
T 6.581793 -6.581793 -6.581793
K 4.387862 -4.387862 -8.775724
R 2.193931 -2.193931 -6.581793
S 0.000000 -4.387862 -4.387862
L 2.193931 -6.581793 -2.193931
S 4.387862 -4.387862 -0.000000
P 2.193931 -2.193931 2.193931
H 4.387862 -0.000000 4.387862
R 6.581793 2.193931 2.193931
P 4.387862 4.387862 -0.000000
R 6.581793 6.581793 -2.193931
H 8.775724 4.387862 -4.387862
S 10.969655 2.193931 -2.193931
R 13.163586 -0.000000 -4.387862
L 10.969655 -2.193931 -6.581793
Q 8.775724 -0.000000 -8.775724
R 6.581793 2.193931 -6.581793


-126.939798	2320301213012302323021301	011101001100100110110010011100011101110001101
26

Y 0.000000 0.000000 0.000000
Y 2.193931 2.193931 -2.193931
H 4.387862 0.000000 -4.387862
F 6.581793 -2.193931 -2.193931
W 4.387862 -4.387862 0.000000
H 2.193931 -6.581793 -2.193931
R 4.387862 -8.775724 -4.387862
G 6.581793 -10.969655 -2.193931
V 8.775724 -8.775724 0.000000
T 10.969655 -10.969655 2.193931
K 13.163586 -8.775724 4.387862
R 10.969655 -6.581793 6.581793
S 8.775724 -4.387862 4.387862
L 6.581793 -6.581793 2.193931
S 4.387862 -8.775724 4.387862
P 2.193931 -6.581793 6.581793
H 0.000000 -4.387862 4.387862
R 2.193931 -2.193931 2.193931
P 4.387862 -0.000000 4.387862
R 6.581793 2.193931 2.193931
H 8.775724 -0.000000 0.000000
S 10.969655 -2.193931 2.193931
R 13.163586 -4.387862 0.000000
L 10.969655 -6.581793 -2.193931
Q 8.775724 -4.387862 -4.387862
R 6.581793 -6.581793 -6.581793


-126.913510	1312020131202302132032301	101110010001001011100100011100011011010011011
26

Y 0.000000 0.000000 0.000000
Y 2.193931 2.193931 -2.193931
H 4.387862 0.000000 -4.387862
F 6.581793 -2.193931 -2.193931
W 8.775724 0.000000 0.000000
H 10.969655 -2.193931 2.193931
R 13.163586 -4.387862 0.000000
G 10.969655 -6.581793 -2.193931
V 8.775724 -4.387862 -4.387862
T 10.969655 -2.193931 -6.581793
K 13.163586 -0.000000 -4.387862
R 10.969655 2.193931 -2.193931
S 8.775724 4.387862 -4.387862
L 6.581793 2.193931 -6.581793
S 8.775724 -0.000000 -8.775724
P 6.581793 -2.193931 -10.969655
H 4.387862 -4.387862 -8.775724
R 6.581793 -6.581793 -6.581793
P 4.387862 -8.775724 -4.387862
R 2.193931 -6.581793 -2.193931
H 4.387862 -4.387862 -0.000000
S 2.193931 -2.193931 2.193931
R 4.387862 -0.000000 4.387862
L 6.581793 2.193931 2.193931
Q 4.387862 4.387862 -0.000000
R 6.581793 6.581793 -2.193931


-126.912703	1310202131020320130230301	101110000100011011100001001101001011000111001
26

Y 0.000000 0.000000 0.000000
Y 2.193931 2.193931 -2.193931
H 4.387862 0.000000 -4.387862
F 6.581793 -2.193931 -2.193931
W 8.775724 -4.387862 -4.387862
H 10.969655 -6.581793 -2.193931
R 13.163586 -4.387862 0.000000
G 10.969655 -2.193931 2.193931
V 8.775724 -0.000000 0.000000
T 10.969655 2.193931 -2.193931
K 13.163586 -0.000000 -4.387862
R 10.969655 -2.193931 -6.581793
S 8.775724 -0.000000 -8.775724
L 6.581793 2.193931 -6.581793
S 8.775724 4.387862 -4.387862
P 6.581793 6.581793 -2.193931
H 4.387862 4.387862 -0.000000
R 6.581793 2.193931 2.193931
P 4.387862 -0.000000 4.387862
R 2.193931 -2.193931 2.193931
H 4.387862 -4.387862 -0.000000
S 2.193931 -6.581793 -2.193931
R 4.387862 -8.775724 -4.387862
L 6.581793 -6.581793 -6.581793
Q 4.387862 -4.387862 -8.775724
R 6.581793 -2.193931 -10.969655


-126.902624	0101202310121301320120301	001000100100011110001001101100101101001001001
26

Y 0.000000 0.000000 0.000000
Y 2.193931 2.193931 -2.193931
H 4.387862 0.000000 -4.387862
F 6.581793 -2.193931 -2.193931
W 8.775724 -4.387862 -4.387862
H 6.581793 -6.581793 -6.581793
R 4.387862 -8.775724 -4.387862
G 2.193931 -6.581793 -2.193931
V 4.387862 -4.387862 -0.000000
T 6.581793 -6.581793 2.193931
K 4.387862 -8.775724 4.387862
R 2.193931 -6.581793 6.581793
S 0.000000 -4.387862 4.387862
L 2.193931 -2.193931 2.193931
S 4.387862 -0.000000 4.387862
P 6.581793 2.193931 2.193931
H 8.775724 -0.000000 -0.000000
R 10.969655 2.193931 -2.193931
P 8.775724 4.387862 -4.387862
R 6.581793 2.193931 -6.581793
H 8.775724 -0.000000 -8.775724
S 6.581793 -2.193931 -10.969655
R 4.387862 -4.387862 -8.775724
L 2.193931 -2.193931 -6.581793
Q 0.000000 -4.387862 -4.387862
R -2.193931 -2.193931 -2.193931


-126.896478	1201213230130210202101301	100100100110110111001011000110000100011000101
26

Y 0.000000 0.000000 0.000000
Y 2.193931 2.193931 -2.193931
H 4.387862 0.000000 -4.387862
F 6.581793 -2.193931 -2.193931
W 4.387862 -4.387862 0.000000
H 2.193931 -2.193931 2.193931
R 0.000000 -4.387862 4.387862
G -2.193931 -6.581793 2.193931
V 0.000000 -8.775724 0.000000
T -2.193931 -10.969655 -2.193931
K 0.000000 -13.163586 -4.387862
R 2.193931 -10.969655 -6.581793
S 4.387862 -8.775724 -4.387862
L 2.193931 -6.581793 -2.193931
S 0.000000 -4.387862 -4.387862
P 2.193931 -2.193931 -6.581793
H 4.387862 -4.387862 -8.775724
R 6.581793 -6.581793 -6.581793
P 8.775724 -4.387862 -4.387862
R 10.969655 -6.581793 -2.193931
H 8.775724 -8.775724 -0.000000
S 6.581793 -10.969655 -2.193931
R 4.387862 -13.163586 -0.000000
L 2.193931 -10.969655 2.193931
Q 4.387862 -8.775724 4.387862
R 6.581793 -6.581793 2.193931


-126.879446	1031230312101231202103101	100011100111001110011000100111100100011000110
26

Y 0.000000 0.000000 0.000000
Y 2.193931 2.193931 -2.193931
H 4.387862 0.000000 -4.387862
F 6.581793 2.193931 -6.581793
W 4.387862 4.387862 -8.775724
H 2.193931 6.581793 -6.581793
R 0.000000 4.387862 -4.387862
G -2.193931 2.193931 -6.581793
V 0.000000 0.000000 -8.775724
T -2.193931 -2.193931 -10.969655
K -4.387862 -4.387862 -8.775724
R -2.193931 -6.581793 -6.581793
S 0.000000 -4.387862 -4.387862
L 2.193931 -2.193931 -6.581793
S 4.387862 -4.387862 -8.775724
P 6.581793 -2.193931 -10.969655
H 8.775724 0.000000 -8.775724
R 10.969655 2.193931 -10.969655
P 8.775724 4.387862 -13.163586
R 6.581793 6.581793 -10.969655
H 4.387862 8.775724 -13.163586
S 2.193931 6.581793 -15.357517
R 0.000000 4.387862 -13.163586
L 2.193931 2.193931 -10.969655
Q 4.387862 0.000000 -13.163586
R 6.581793 2.193931 -15.357517


-126.879446	1021320213101321303102101	100001101101000110111000101101101100111000010
26

Y 0.000000 0.000000 0.000000
Y 2.193931 2.193931 -2.193931
H 4.387862 0.000000 -4.387862
F 6.581793 2.193931 -6.581793
W 8.775724 4.387862 -4.387862
H 6.581793 6.581793 -2.193931
R 4.387862 4.387862 -0.000000
G 6.581793 2.193931 2.193931
V 8.775724 0.000000 -0.000000
T 10.969655 -2.193931 2.193931
K 8.775724 -4.387862 4.387862
R 6.581793 -6.581793 2.193931
S 4.387862 -4.387862 -0.000000
L 6.581793 -2.193931 -2.193931
S 8.775724 -4.387862 -4.387862
P 10.969655 -2.193931 -6.581793
H 8.775724 0.000000 -8.775724
R 10.969655 2.193931 -10.969655
P 13.163586 4.387862 -8.775724
R 10.969655 6.581793 -6.581793
H 13.163586 8.775724 -4.387862
S 15.357517 6.581793 -2.193931
R 13.163586 4.387862 -0.000000
L 10.969655 2.193931 -2.193931
Q 13.163586 0.000000 -4.387862
R 15.357517 2.193931 -6.581793


-126.855388	3030210203202013010210301	110011000110000100110100010010110010000110001
26

Y 0.000000 0.000000 0.000000
Y 2.193931 2.193931 -2.193931
H 4.387862 0.000000 -4.387862
F 6.581793 -2.193931 -2.193931
W 8.775724 -4.387862 -4.387862
H 10.969655 -2.193931 -6.581793
R 13.163586 0.000000 -4.387862
G 10.969655 2.193931 -2.193931
V 8.775724 0.000000 -0.000000
T 6.581793 2.193931 2.193931
K 4.387862 4.387862 -0.000000
R 6.581793 6.581793 -2.193931
S 8.775724 4.387862 -4.387862
L 6.581793 2.193931 -6.581793
S 8.775724 0.000000 -8.775724
P 6.581793 -2.193931 -10.969655
H 4.387862 0.000000 -13.163586
R 2.193931 2.193931 -10.969655
P 4.387862 4.387862 -8.775724
R 2.193931 6.581793 -6.581793
H 0.000000 4.387862 -4.387862
S -2.193931 2.193931 -6.581793
R 0.000000 0.000000 -8.775724
L 2.193931 -2.193931 -6.581793
Q 4.387862 -4.387862 -8.775724
R 6.581793 -6.581793 -6.581793


-126.827198	1020120230213023010212301	100001001001000111000110110001110010000110011
26

Y 0.000000 0.000000 0.000000
Y 2.193931 2.193931 -2.193931
H 4.387862 0.000000 -4.387862
F 6.581793 -2.193931 -2.193931
W 8.775724 0.000000 0.000000
H 10.969655 2.193931 -2.193931
R 13.163586 4.387862 0.000000
G 10.969655 6.581793 2.193931
V 8.775724 4.387862 4.387862
T 6.581793 6.581793 6.581793
K 4.387862 8.775724 4.387862
R 2.193931 6.581793 2.193931
S 4.387862 4.387862 0.000000
L 6.581793 2.193931 2.193931
S 4.387862 0.000000 4.387862
P 2.193931 -2.193931 2.193931
H 4.387862 -4.387862 0.000000
R 6.581793 -6.581793 2.193931
P 8.775724 -4.387862 4.387862
R 6.581793 -2.193931 6.581793
H 8.775724 0.000000 8.775724
S 10.969655 2.193931 6.581793
R 13.163586 0.000000 4.387862
L 10.969655 -2.193931 2.193931
Q 13.163586 -4.387862 0.000000
R 15.357517 -2.193931 -2.193931


