-23.313179	5a910
6

S 0.000000 0.000000 0.000000
N 2.687006 2.687006 0.000000
Q 0.000000 5.374012 0.000000
N 0.000000 2.687006 2.687006
N -2.687006 2.687006 0.000000
F 0.000000 2.687006 -2.687006


-23.313179	4b810
6

S 0.000000 0.000000 0.000000
N 2.687006 2.687006 0.000000
Q 0.000000 5.374012 0.000000
N 0.000000 2.687006 -2.687006
N -2.687006 2.687006 0.000000
F 0.000000 2.687006 2.687006


-23.278032	a92a0
6

S 0.000000 0.000000 0.000000
N 2.687006 2.687006 0.000000
Q 0.000000 2.687006 -2.687006
N 0.000000 5.374012 0.000000
N 0.000000 2.687006 2.687006
F -2.687006 2.687006 0.000000


-23.184306	90ba0
6

S 0.000000 0.000000 0.000000
N 2.687006 2.687006 0.000000
Q 0.000000 2.687006 -2.687006
N -2.687006 2.687006 0.000000
N 0.000000 5.374012 0.000000
F 0.000000 2.687006 2.687006


-23.184306	462a0
6

S 0.000000 0.000000 0.000000
N 2.687006 2.687006 0.000000
Q 0.000000 2.687006 -2.687006
N 0.000000 5.374012 0.000000
N -2.687006 2.687006 0.000000
F 0.000000 2.687006 2.687006


-23.169661	34ba0
6

S 0.000000 0.000000 0.000000
N 2.687006 2.687006 0.000000
Q 0.000000 2.687006 -2.687006
N -2.687006 2.687006 0.000000
N 0.000000 2.687006 2.687006
F 0.000000 5.374012 0.000000


-21.277092	7ab40
6

S 0.000000 0.000000 0.000000
N 2.687006 2.687006 0.000000
Q 5.374012 2.687006 2.687006
N 2.687006 2.687006 5.374012
N 0.000000 2.687006 2.687006
F 2.687006 0.000000 2.687006


-21.187092	645a0
6

S 0.000000 0.000000 0.000000
N 2.687006 2.687006 0.000000
Q 0.000000 2.687006 -2.687006
N 2.687006 2.687006 -5.374012
N 5.374012 2.687006 -2.687006
F 2.687006 0.000000 -2.687006


-21.185168	26840
6

S 0.000000 0.000000 0.000000
N 2.687006 2.687006 0.000000
Q 5.374012 2.687006 2.687006
N 5.374012 0.000000 0.000000
N 2.687006 -2.687006 0.000000
F 2.687006 0.000000 2.687006


-21.151528	48b10
6

S 0.000000 0.000000 0.000000
N 2.687006 2.687006 0.000000
Q 0.000000 5.374012 0.000000
N -2.687006 5.374012 2.687006
N -2.687006 2.687006 0.000000
F 0.000000 2.687006 2.687006


-21.151528	59a10
6

S 0.000000 0.000000 0.000000
N 2.687006 2.687006 0.000000
Q 0.000000 5.374012 0.000000
N -2.687006 5.374012 -2.687006
N -2.687006 2.687006 0.000000
F 0.000000 2.687006 -2.687006


-21.151528	73610
6

S 0.000000 0.000000 0.000000
N 2.687006 2.687006 0.000000
Q 0.000000 5.374012 0.000000
N -2.687006 2.687006 0.000000
N -2.687006 5.374012 -2.687006
F 0.000000 2.687006 -2.687006


-21.151528	72610
6

S 0.000000 0.000000 0.000000
N 2.687006 2.687006 0.000000
Q 0.000000 5.374012 0.000000
N -2.687006 2.687006 0.000000
N -2.687006 5.374012 2.687006
F 0.000000 2.687006 2.687006


-21.125168	908a0
6

S 0.000000 0.000000 0.000000
N 2.687006 2.687006 0.000000
Q 0.000000 2.687006 -2.687006
N 0.000000 0.000000 -5.374012
N 2.687006 2.687006 -5.374012
F 2.687006 0.000000 -2.687006


-21.125168	465a0
6

S 0.000000 0.000000 0.000000
N 2.687006 2.687006 0.000000
Q 0.000000 2.687006 -2.687006
N 2.687006 2.687006 -5.374012
N 0.000000 0.000000 -5.374012
F 2.687006 0.000000 -2.687006


-21.021528	09610
6

S 0.000000 0.000000 0.000000
N 2.687006 2.687006 0.000000
Q 0.000000 5.374012 0.000000
N -2.687006 2.687006 0.000000
N -2.687006 0.000000 2.687006
F 0.000000 2.687006 2.687006


-21.021528	08610
6

S 0.000000 0.000000 0.000000
N 2.687006 2.687006 0.000000
Q 0.000000 5.374012 0.000000
N -2.687006 2.687006 0.000000
N -2.687006 0.000000 -2.687006
F 0.000000 2.687006 -2.687006


-21.016381	098a0
6

S 0.000000 0.000000 0.000000
N 2.687006 2.687006 0.000000
Q 0.000000 2.687006 -2.687006
N 0.000000 0.000000 -5.374012
N 0.000000 -2.687006 -2.687006
F 2.687006 0.000000 -2.687006


-20.670803	76140
6

S 0.000000 0.000000 0.000000
N 2.687006 2.687006 0.000000
Q 5.374012 2.687006 2.687006
N 2.687006 5.374012 2.687006
N 0.000000 2.687006 2.687006
F 2.687006 0.000000 2.687006


-20.589590	980a0
6

S 0.000000 0.000000 0.000000
N 2.687006 2.687006 0.000000
Q 0.000000 2.687006 -2.687006
N 2.687006 5.374012 -2.687006
N 2.687006 2.687006 -5.374012
F 2.687006 0.000000 -2.687006


-20.580803	670a0
6

S 0.000000 0.000000 0.000000
N 2.687006 2.687006 0.000000
Q 0.000000 2.687006 -2.687006
N 2.687006 5.374012 -2.687006
N 5.374012 2.687006 -2.687006
F 2.687006 0.000000 -2.687006


-20.577077	a2640
6

S 0.000000 0.000000 0.000000
N 2.687006 2.687006 0.000000
Q 5.374012 2.687006 2.687006
N 2.687006 0.000000 2.687006
N 2.687006 2.687006 5.374012
F 0.000000 2.687006 2.687006


-20.577077	18b40
6

S 0.000000 0.000000 0.000000
N 2.687006 2.687006 0.000000
Q 5.374012 2.687006 2.687006
N 2.687006 2.687006 5.374012
N 2.687006 0.000000 2.687006
F 0.000000 2.687006 2.687006


-20.545240	81910
6

S 0.000000 0.000000 0.000000
N 2.687006 2.687006 0.000000
Q 0.000000 5.374012 0.000000
N 0.000000 2.687006 2.687006
N -2.687006 5.374012 2.687006
F -2.687006 2.687006 0.000000


-20.545240	91810
6

S 0.000000 0.000000 0.000000
N 2.687006 2.687006 0.000000
Q 0.000000 5.374012 0.000000
N 0.000000 2.687006 -2.687006
N -2.687006 5.374012 -2.687006
F -2.687006 2.687006 0.000000


-20.545240	a7b10
6

S 0.000000 0.000000 0.000000
N 2.687006 2.687006 0.000000
Q 0.000000 5.374012 0.000000
N -2.687006 5.374012 2.687006
N 0.000000 2.687006 2.687006
F -2.687006 2.687006 0.000000


-20.545240	b7a10
6

S 0.000000 0.000000 0.000000
N 2.687006 2.687006 0.000000
Q 0.000000 5.374012 0.000000
N -2.687006 5.374012 -2.687006
N 0.000000 2.687006 -2.687006
F -2.687006 2.687006 0.000000


-20.518879	9a2a0
6

S 0.000000 0.000000 0.000000
N 2.687006 2.687006 0.000000
Q 0.000000 2.687006 -2.687006
N 0.000000 5.374012 0.000000
N -2.687006 5.374012 -2.687006
F -2.687006 2.687006 0.000000


-20.518879	641a0
6

S 0.000000 0.000000 0.000000
N 2.687006 2.687006 0.000000
Q 0.000000 2.687006 -2.687006
N -2.687006 5.374012 -2.687006
N 0.000000 5.374012 0.000000
F -2.687006 2.687006 0.000000


-20.470509	08640
6

S 0.000000 0.000000 0.000000
N 2.687006 2.687006 0.000000
Q 5.374012 2.687006 2.687006
N 2.687006 0.000000 2.687006
N 2.687006 -2.687006 0.000000
F 5.374012 0.000000 0.000000


-20.418879	456a0
6

S 0.000000 0.000000 0.000000
N 2.687006 2.687006 0.000000
Q 0.000000 2.687006 -2.687006
N -2.687006 0.000000 -2.687006
N 0.000000 0.000000 -5.374012
F 2.687006 0.000000 -2.687006


-20.415240	26810
6

S 0.000000 0.000000 0.000000
N 2.687006 2.687006 0.000000
Q 0.000000 5.374012 0.000000
N 0.000000 2.687006 -2.687006
N -2.687006 0.000000 -2.687006
F -2.687006 2.687006 0.000000


-20.415240	36910
6

S 0.000000 0.000000 0.000000
N 2.687006 2.687006 0.000000
Q 0.000000 5.374012 0.000000
N 0.000000 2.687006 2.687006
N -2.687006 0.000000 2.687006
F -2.687006 2.687006 0.000000


-20.410509	43ba0
6

S 0.000000 0.000000 0.000000
N 2.687006 2.687006 0.000000
Q 0.000000 2.687006 -2.687006
N -2.687006 2.687006 0.000000
N -2.687006 5.374012 -2.687006
F 0.000000 5.374012 0.000000


-20.410509	091a0
6

S 0.000000 0.000000 0.000000
N 2.687006 2.687006 0.000000
Q 0.000000 2.687006 -2.687006
N -2.687006 5.374012 -2.687006
N -2.687006 2.687006 0.000000
F 0.000000 5.374012 0.000000


-20.386367	642a0
6

S 0.000000 0.000000 0.000000
N 2.687006 2.687006 0.000000
Q 0.000000 2.687006 -2.687006
N 0.000000 5.374012 0.000000
N 2.687006 5.374012 2.687006
F 0.000000 2.687006 2.687006


-20.380803	076a0
6

S 0.000000 0.000000 0.000000
N 2.687006 2.687006 0.000000
Q 0.000000 2.687006 -2.687006
N -2.687006 0.000000 -2.687006
N 0.000000 -2.687006 -2.687006
F 2.687006 0.000000 -2.687006


-20.257077	09ba0
6

S 0.000000 0.000000 0.000000
N 2.687006 2.687006 0.000000
Q 0.000000 2.687006 -2.687006
N -2.687006 2.687006 0.000000
N -2.687006 0.000000 2.687006
F 0.000000 2.687006 2.687006


-19.626381	19840
6

S 0.000000 0.000000 0.000000
N 2.687006 2.687006 0.000000
Q 5.374012 2.687006 2.687006
N 5.374012 0.000000 0.000000
N 5.374012 -2.687006 2.687006
F 2.687006 0.000000 2.687006


-19.562742	8b410
6

S 0.000000 0.000000 0.000000
N 2.687006 2.687006 0.000000
Q 0.000000 5.374012 0.000000
N 2.687006 5.374012 2.687006
N 0.000000 5.374012 5.374012
F 0.000000 2.687006 2.687006


-19.562742	9a510
6

S 0.000000 0.000000 0.000000
N 2.687006 2.687006 0.000000
Q 0.000000 5.374012 0.000000
N 2.687006 5.374012 -2.687006
N 0.000000 5.374012 -5.374012
F 0.000000 2.687006 -2.687006


-19.541528	a9410
6

S 0.000000 0.000000 0.000000
N 2.687006 2.687006 0.000000
Q 0.000000 5.374012 0.000000
N 2.687006 5.374012 2.687006
N 2.687006 2.687006 5.374012
F 0.000000 2.687006 2.687006


-19.541528	b8510
6

S 0.000000 0.000000 0.000000
N 2.687006 2.687006 0.000000
Q 0.000000 5.374012 0.000000
N 2.687006 5.374012 -2.687006
N 2.687006 2.687006 -5.374012
F 0.000000 2.687006 -2.687006


-19.099590	89140
6

S 0.000000 0.000000 0.000000
N 2.687006 2.687006 0.000000
Q 5.374012 2.687006 2.687006
N 2.687006 5.374012 2.687006
N 2.687006 2.687006 5.374012
F 2.687006 0.000000 2.687006


-19.028879	ba740
6

S 0.000000 0.000000 0.000000
N 2.687006 2.687006 0.000000
Q 5.374012 2.687006 2.687006
N 8.061017 0.000000 2.687006
N 5.374012 0.000000 0.000000
F 2.687006 0.000000 2.687006


-18.997077	a9140
6

S 0.000000 0.000000 0.000000
N 2.687006 2.687006 0.000000
Q 5.374012 2.687006 2.687006
N 2.687006 5.374012 2.687006
N 2.687006 2.687006 5.374012
F 0.000000 2.687006 2.687006


-18.997077	63b40
6

S 0.000000 0.000000 0.000000
N 2.687006 2.687006 0.000000
Q 5.374012 2.687006 2.687006
N 2.687006 2.687006 5.374012
N 2.687006 5.374012 2.687006
F 0.000000 2.687006 2.687006


-18.965240	67310
6

S 0.000000 0.000000 0.000000
N 2.687006 2.687006 0.000000
Q 0.000000 5.374012 0.000000
N 0.000000 8.061017 -2.687006
N 2.687006 5.374012 -2.687006
F 0.000000 2.687006 -2.687006


-18.965240	67210
6

S 0.000000 0.000000 0.000000
N 2.687006 2.687006 0.000000
Q 0.000000 5.374012 0.000000
N 0.000000 8.061017 2.687006
N 2.687006 5.374012 2.687006
F 0.000000 2.687006 2.687006


-18.911722	37640
6

S 0.000000 0.000000 0.000000
N 2.687006 2.687006 0.000000
Q 5.374012 2.687006 2.687006
N 2.687006 0.000000 2.687006
N 5.374012 -2.687006 2.687006
F 5.374012 0.000000 0.000000


-18.896367	9a140
6

S 0.000000 0.000000 0.000000
N 2.687006 2.687006 0.000000
Q 5.374012 2.687006 2.687006
N 2.687006 5.374012 2.687006
N 0.000000 5.374012 0.000000
F 0.000000 2.687006 2.687006


-18.821722	910a0
6

S 0.000000 0.000000 0.000000
N 2.687006 2.687006 0.000000
Q 0.000000 2.687006 -2.687006
N 2.687006 5.374012 -2.687006
N 0.000000 8.061017 -2.687006
F 0.000000 5.374012 0.000000


-18.808879	8b2a0
6

S 0.000000 0.000000 0.000000
N 2.687006 2.687006 0.000000
Q 0.000000 2.687006 -2.687006
N 0.000000 5.374012 0.000000
N -2.687006 5.374012 2.687006
F -2.687006 2.687006 0.000000


-18.800803	416a0
6

S 0.000000 0.000000 0.000000
N 2.687006 2.687006 0.000000
Q 0.000000 2.687006 -2.687006
N -2.687006 0.000000 -2.687006
N -5.374012 2.687006 -2.687006
F -2.687006 2.687006 0.000000


-18.800509	620a0
6

S 0.000000 0.000000 0.000000
N 2.687006 2.687006 0.000000
Q 0.000000 2.687006 -2.687006
N 2.687006 5.374012 -2.687006
N 2.687006 8.061017 0.000000
F 0.000000 5.374012 0.000000


-18.796367	3b640
6

S 0.000000 0.000000 0.000000
N 2.687006 2.687006 0.000000
Q 5.374012 2.687006 2.687006
N 2.687006 0.000000 2.687006
N 0.000000 0.000000 5.374012
F 0.000000 2.687006 2.687006


-18.708879	0b6a0
6

S 0.000000 0.000000 0.000000
N 2.687006 2.687006 0.000000
Q 0.000000 2.687006 -2.687006
N -2.687006 0.000000 -2.687006
N -5.374012 0.000000 0.000000
F -2.687006 2.687006 0.000000


-18.706367	7b2a0
6

S 0.000000 0.000000 0.000000
N 2.687006 2.687006 0.000000
Q 0.000000 2.687006 -2.687006
N 0.000000 5.374012 0.000000
N -2.687006 5.374012 2.687006
F 0.000000 2.687006 2.687006


-18.700509	52ba0
6

S 0.000000 0.000000 0.000000
N 2.687006 2.687006 0.000000
Q 0.000000 2.687006 -2.687006
N -2.687006 2.687006 0.000000
N -2.687006 5.374012 2.687006
F 0.000000 5.374012 0.000000


-18.677077	72ba0
6

S 0.000000 0.000000 0.000000
N 2.687006 2.687006 0.000000
Q 0.000000 2.687006 -2.687006
N -2.687006 2.687006 0.000000
N -2.687006 5.374012 2.687006
F 0.000000 2.687006 2.687006


-18.519661	9a540
6

S 0.000000 0.000000 0.000000
N 2.687006 2.687006 0.000000
Q 5.374012 2.687006 2.687006
N 8.061017 2.687006 0.000000
N 5.374012 2.687006 -2.687006
F 5.374012 0.000000 0.000000


-18.517939	81940
6

S 0.000000 0.000000 0.000000
N 2.687006 2.687006 0.000000
Q 5.374012 2.687006 2.687006
N 5.374012 0.000000 5.374012
N 2.687006 2.687006 5.374012
F 2.687006 0.000000 2.687006


-18.517939	a7b40
6

S 0.000000 0.000000 0.000000
N 2.687006 2.687006 0.000000
Q 5.374012 2.687006 2.687006
N 2.687006 2.687006 5.374012
N 5.374012 0.000000 5.374012
F 2.687006 0.000000 2.687006


-18.475240	a6410
6

S 0.000000 0.000000 0.000000
N 2.687006 2.687006 0.000000
Q 0.000000 5.374012 0.000000
N 2.687006 5.374012 2.687006
N 0.000000 2.687006 2.687006
F -2.687006 2.687006 0.000000


-18.475240	b6510
6

S 0.000000 0.000000 0.000000
N 2.687006 2.687006 0.000000
Q 0.000000 5.374012 0.000000
N 2.687006 5.374012 -2.687006
N 0.000000 2.687006 -2.687006
F -2.687006 2.687006 0.000000


-18.448879	6b0a0
6

S 0.000000 0.000000 0.000000
N 2.687006 2.687006 0.000000
Q 0.000000 2.687006 -2.687006
N 2.687006 5.374012 -2.687006
N 0.000000 5.374012 0.000000
F -2.687006 2.687006 0.000000


-18.436367	1b840
6

S 0.000000 0.000000 0.000000
N 2.687006 2.687006 0.000000
Q 5.374012 2.687006 2.687006
N 5.374012 0.000000 0.000000
N 2.687006 0.000000 2.687006
F 0.000000 2.687006 2.687006


-18.348879	ba7a0
6

S 0.000000 0.000000 0.000000
N 2.687006 2.687006 0.000000
Q 0.000000 2.687006 -2.687006
N 2.687006 0.000000 -2.687006
N 0.000000 0.000000 -5.374012
F -2.687006 0.000000 -2.687006


-18.346367	9b0a0
6

S 0.000000 0.000000 0.000000
N 2.687006 2.687006 0.000000
Q 0.000000 2.687006 -2.687006
N 2.687006 5.374012 -2.687006
N 0.000000 5.374012 0.000000
F 0.000000 2.687006 2.687006


-18.340509	a95a0
6

S 0.000000 0.000000 0.000000
N 2.687006 2.687006 0.000000
Q 0.000000 2.687006 -2.687006
N 2.687006 2.687006 -5.374012
N 2.687006 0.000000 -2.687006
F 0.000000 0.000000 -5.374012


-18.340509	637a0
6

S 0.000000 0.000000 0.000000
N 2.687006 2.687006 0.000000
Q 0.000000 2.687006 -2.687006
N 2.687006 0.000000 -2.687006
N 2.687006 2.687006 -5.374012
F 0.000000 0.000000 -5.374012


-18.314220	5a940
6

S 0.000000 0.000000 0.000000
N 2.687006 2.687006 0.000000
Q 5.374012 2.687006 2.687006
N 5.374012 0.000000 5.374012
N 2.687006 0.000000 2.687006
F 5.374012 0.000000 0.000000


-18.310803	167a0
6

S 0.000000 0.000000 0.000000
N 2.687006 2.687006 0.000000
Q 0.000000 2.687006 -2.687006
N 2.687006 0.000000 -2.687006
N 0.000000 -2.687006 -2.687006
F -2.687006 0.000000 -2.687006


-18.297939	b75a0
6

S 0.000000 0.000000 0.000000
N 2.687006 2.687006 0.000000
Q 0.000000 2.687006 -2.687006
N 2.687006 2.687006 -5.374012
N 5.374012 0.000000 -5.374012
F 2.687006 0.000000 -2.687006


-18.246367	9a7a0
6

S 0.000000 0.000000 0.000000
N 2.687006 2.687006 0.000000
Q 0.000000 2.687006 -2.687006
N 2.687006 0.000000 -2.687006
N 0.000000 0.000000 -5.374012
F 0.000000 -2.687006 -2.687006


-18.246367	648a0
6

S 0.000000 0.000000 0.000000
N 2.687006 2.687006 0.000000
Q 0.000000 2.687006 -2.687006
N 0.000000 0.000000 -5.374012
N 2.687006 0.000000 -2.687006
F 0.000000 -2.687006 -2.687006


-18.240509	026a0
6

S 0.000000 0.000000 0.000000
N 2.687006 2.687006 0.000000
Q 0.000000 2.687006 -2.687006
N -2.687006 0.000000 -2.687006
N -2.687006 2.687006 0.000000
F 0.000000 5.374012 0.000000


-18.231722	367a0
6

S 0.000000 0.000000 0.000000
N 2.687006 2.687006 0.000000
Q 0.000000 2.687006 -2.687006
N 2.687006 0.000000 -2.687006
N 0.000000 -2.687006 -2.687006
F 0.000000 0.000000 -5.374012


-18.230803	01640
6

S 0.000000 0.000000 0.000000
N 2.687006 2.687006 0.000000
Q 5.374012 2.687006 2.687006
N 2.687006 0.000000 2.687006
N 0.000000 2.687006 2.687006
F 2.687006 5.374012 2.687006


-18.230803	41640
6

S 0.000000 0.000000 0.000000
N 2.687006 2.687006 0.000000
Q 5.374012 2.687006 2.687006
N 2.687006 0.000000 2.687006
N 0.000000 2.687006 2.687006
F 2.687006 2.687006 5.374012


-18.227229	278a0
6

S 0.000000 0.000000 0.000000
N 2.687006 2.687006 0.000000
Q 0.000000 2.687006 -2.687006
N 0.000000 0.000000 -5.374012
N 2.687006 -2.687006 -5.374012
F 2.687006 0.000000 -2.687006


-18.224220	b43a0
6

S 0.000000 0.000000 0.000000
N 2.687006 2.687006 0.000000
Q 0.000000 2.687006 -2.687006
N 0.000000 5.374012 -5.374012
N 2.687006 5.374012 -2.687006
F 0.000000 5.374012 0.000000


-18.217077	426a0
6

S 0.000000 0.000000 0.000000
N 2.687006 2.687006 0.000000
Q 0.000000 2.687006 -2.687006
N -2.687006 0.000000 -2.687006
N -2.687006 2.687006 0.000000
F 0.000000 2.687006 2.687006


-18.203301	29aa0
6

S 0.000000 0.000000 0.000000
N 2.687006 2.687006 0.000000
Q 0.000000 2.687006 -2.687006
N -2.687006 2.687006 -5.374012
N -2.687006 0.000000 -2.687006
F -2.687006 2.687006 0.000000


-18.188879	8b840
6

S 0.000000 0.000000 0.000000
N 2.687006 2.687006 0.000000
Q 5.374012 2.687006 2.687006
N 5.374012 0.000000 0.000000
N 2.687006 0.000000 2.687006
F 2.687006 -2.687006 0.000000


-18.188879	65640
6

S 0.000000 0.000000 0.000000
N 2.687006 2.687006 0.000000
Q 5.374012 2.687006 2.687006
N 2.687006 0.000000 2.687006
N 5.374012 0.000000 0.000000
F 2.687006 -2.687006 0.000000


-18.188879	a5640
6

S 0.000000 0.000000 0.000000
N 2.687006 2.687006 0.000000
Q 5.374012 2.687006 2.687006
N 2.687006 0.000000 2.687006
N 5.374012 0.000000 0.000000
F 2.687006 0.000000 -2.687006


-18.187077	a97a0
6

S 0.000000 0.000000 0.000000
N 2.687006 2.687006 0.000000
Q 0.000000 2.687006 -2.687006
N 2.687006 0.000000 -2.687006
N 2.687006 -2.687006 0.000000
F 0.000000 -2.687006 -2.687006


-18.181707	26a00
6

S 0.000000 0.000000 0.000000
N 2.687006 2.687006 0.000000
Q 5.374012 5.374012 0.000000
N 2.687006 5.374012 -2.687006
N 0.000000 2.687006 -2.687006
F 0.000000 5.374012 0.000000


-18.181707	36b00
6

S 0.000000 0.000000 0.000000
N 2.687006 2.687006 0.000000
Q 5.374012 5.374012 0.000000
N 2.687006 5.374012 2.687006
N 0.000000 2.687006 2.687006
F 0.000000 5.374012 0.000000


-18.181707	46800
6

S 0.000000 0.000000 0.000000
N 2.687006 2.687006 0.000000
Q 5.374012 5.374012 0.000000
N 5.374012 2.687006 -2.687006
N 2.687006 0.000000 -2.687006
F 5.374012 0.000000 0.000000


-18.181707	56900
6

S 0.000000 0.000000 0.000000
N 2.687006 2.687006 0.000000
Q 5.374012 5.374012 0.000000
N 5.374012 2.687006 2.687006
N 2.687006 0.000000 2.687006
F 5.374012 0.000000 0.000000


-18.149590	237a0
6

S 0.000000 0.000000 0.000000
N 2.687006 2.687006 0.000000
Q 0.000000 2.687006 -2.687006
N 2.687006 0.000000 -2.687006
N 2.687006 2.687006 -5.374012
F 2.687006 5.374012 -2.687006


-18.140803	a07a0
6

S 0.000000 0.000000 0.000000
N 2.687006 2.687006 0.000000
Q 0.000000 2.687006 -2.687006
N 2.687006 0.000000 -2.687006
N 5.374012 2.687006 -2.687006
F 2.687006 2.687006 -5.374012


-18.140803	107a0
6

S 0.000000 0.000000 0.000000
N 2.687006 2.687006 0.000000
Q 0.000000 2.687006 -2.687006
N 2.687006 0.000000 -2.687006
N 5.374012 2.687006 -2.687006
F 2.687006 5.374012 -2.687006


-18.125240	76510
6

S 0.000000 0.000000 0.000000
N 2.687006 2.687006 0.000000
Q 0.000000 5.374012 0.000000
N 2.687006 5.374012 -2.687006
N 0.000000 2.687006 -2.687006
F 2.687006 0.000000 -2.687006


-18.125240	76410
6

S 0.000000 0.000000 0.000000
N 2.687006 2.687006 0.000000
Q 0.000000 5.374012 0.000000
N 2.687006 5.374012 2.687006
N 0.000000 2.687006 2.687006
F 2.687006 0.000000 2.687006


-18.078879	348a0
6

S 0.000000 0.000000 0.000000
N 2.687006 2.687006 0.000000
Q 0.000000 2.687006 -2.687006
N 0.000000 0.000000 -5.374012
N 2.687006 0.000000 -2.687006
F 2.687006 2.687006 -5.374012


-18.078879	0a7a0
6

S 0.000000 0.000000 0.000000
N 2.687006 2.687006 0.000000
Q 0.000000 2.687006 -2.687006
N 2.687006 0.000000 -2.687006
N 0.000000 0.000000 -5.374012
F 2.687006 2.687006 -5.374012


-18.047077	437a0
6

S 0.000000 0.000000 0.000000
N 2.687006 2.687006 0.000000
Q 0.000000 2.687006 -2.687006
N 2.687006 0.000000 -2.687006
N 2.687006 2.687006 -5.374012
F 5.374012 2.687006 -2.687006


