-23.218136	031201301	0011100100101
10

Y 0.000000 0.000000 0.000000
Y 2.193931 2.193931 -2.193931
D 4.387862 0.000000 -4.387862
P 6.581793 -2.193931 -2.193931
E 4.387862 -4.387862 0.000000
T 2.193931 -2.193931 2.193931
G 4.387862 0.000000 4.387862
T 6.581793 2.193931 2.193931
W 4.387862 4.387862 0.000000
Y 2.193931 6.581793 2.193931


-23.218136	131201301	1011100100101
10

Y 0.000000 0.000000 0.000000
Y 2.193931 2.193931 -2.193931
D 4.387862 0.000000 -4.387862
P 6.581793 -2.193931 -2.193931
E 4.387862 -4.387862 0.000000
T 2.193931 -2.193931 2.193931
G 4.387862 0.000000 4.387862
T 6.581793 2.193931 2.193931
W 4.387862 4.387862 0.000000
Y 6.581793 6.581793 -2.193931


-23.041002	310312301	1110001110011
10

Y 0.000000 0.000000 0.000000
Y 2.193931 2.193931 -2.193931
D 4.387862 0.000000 -4.387862
P 6.581793 -2.193931 -2.193931
E 8.775724 0.000000 0.000000
T 10.969655 2.193931 -2.193931
G 8.775724 4.387862 -4.387862
T 6.581793 6.581793 -2.193931
W 4.387862 4.387862 0.000000
Y 6.581793 2.193931 2.193931


-23.041002	130132101	1011001011010
10

Y 0.000000 0.000000 0.000000
Y 2.193931 2.193931 -2.193931
D 4.387862 0.000000 -4.387862
P 6.581793 2.193931 -6.581793
E 8.775724 4.387862 -4.387862
T 10.969655 2.193931 -2.193931
G 8.775724 0.000000 -0.000000
T 6.581793 2.193931 2.193931
W 4.387862 4.387862 -0.000000
Y 6.581793 6.581793 -2.193931


-23.041002	120123101	1001001001110
10

Y 0.000000 0.000000 0.000000
Y 2.193931 2.193931 -2.193931
D 4.387862 0.000000 -4.387862
P 6.581793 2.193931 -6.581793
E 4.387862 4.387862 -8.775724
T 2.193931 2.193931 -10.969655
G 0.000000 0.000000 -8.775724
T -2.193931 2.193931 -6.581793
W 0.000000 4.387862 -4.387862
Y 2.193931 6.581793 -6.581793


-21.810486	202102301	0100011000011
10

Y 0.000000 0.000000 0.000000
Y 2.193931 2.193931 -2.193931
D 4.387862 0.000000 -4.387862
P 6.581793 -2.193931 -2.193931
E 8.775724 0.000000 0.000000
T 6.581793 2.193931 2.193931
G 4.387862 0.000000 4.387862
T 2.193931 -2.193931 2.193931
W 4.387862 -4.387862 0.000000
Y 2.193931 -6.581793 -2.193931


-21.810486	302102301	1100011000011
10

Y 0.000000 0.000000 0.000000
Y 2.193931 2.193931 -2.193931
D 4.387862 0.000000 -4.387862
P 6.581793 -2.193931 -2.193931
E 8.775724 0.000000 0.000000
T 6.581793 2.193931 2.193931
G 4.387862 0.000000 4.387862
T 2.193931 -2.193931 2.193931
W 4.387862 -4.387862 0.000000
Y 6.581793 -6.581793 2.193931


-20.665349	101201301	1000100100101
10

Y 0.000000 0.000000 0.000000
Y 2.193931 2.193931 -2.193931
D 4.387862 0.000000 -4.387862
P 6.581793 -2.193931 -2.193931
E 4.387862 -4.387862 0.000000
T 2.193931 -2.193931 2.193931
G 4.387862 0.000000 4.387862
T 6.581793 2.193931 2.193931
W 8.775724 0.000000 0.000000
Y 10.969655 2.193931 -2.193931


-20.665349	301201301	1100100100101
10

Y 0.000000 0.000000 0.000000
Y 2.193931 2.193931 -2.193931
D 4.387862 0.000000 -4.387862
P 6.581793 -2.193931 -2.193931
E 4.387862 -4.387862 0.000000
T 2.193931 -2.193931 2.193931
G 4.387862 0.000000 4.387862
T 6.581793 2.193931 2.193931
W 8.775724 0.000000 0.000000
Y 10.969655 -2.193931 2.193931


-20.350588	203102101	0100111000010
10

Y 0.000000 0.000000 0.000000
Y 2.193931 2.193931 -2.193931
D 4.387862 0.000000 -4.387862
P 6.581793 2.193931 -6.581793
E 8.775724 4.387862 -4.387862
T 6.581793 6.581793 -2.193931
G 4.387862 4.387862 -0.000000
T 6.581793 2.193931 2.193931
W 8.775724 0.000000 -0.000000
Y 6.581793 -2.193931 -2.193931


-20.350588	201302301	0100101100011
10

Y 0.000000 0.000000 0.000000
Y 2.193931 2.193931 -2.193931
D 4.387862 0.000000 -4.387862
P 6.581793 -2.193931 -2.193931
E 8.775724 0.000000 0.000000
T 6.581793 2.193931 2.193931
G 4.387862 4.387862 0.000000
T 6.581793 6.581793 -2.193931
W 8.775724 4.387862 -4.387862
Y 6.581793 2.193931 -6.581793


-20.350588	302103101	1100011000110
10

Y 0.000000 0.000000 0.000000
Y 2.193931 2.193931 -2.193931
D 4.387862 0.000000 -4.387862
P 6.581793 2.193931 -6.581793
E 4.387862 4.387862 -8.775724
T 2.193931 6.581793 -6.581793
G 0.000000 4.387862 -4.387862
T -2.193931 2.193931 -6.581793
W 0.000000 0.000000 -8.775724
Y 2.193931 -2.193931 -6.581793


-19.994356	032132301	0011011011011
10

Y 0.000000 0.000000 0.000000
Y 2.193931 2.193931 -2.193931
D 4.387862 0.000000 -4.387862
P 6.581793 -2.193931 -2.193931
E 8.775724 0.000000 0.000000
T 10.969655 -2.193931 2.193931
G 8.775724 -4.387862 4.387862
T 6.581793 -6.581793 2.193931
W 4.387862 -4.387862 0.000000
Y 2.193931 -2.193931 2.193931


-19.994356	030130301	0011001011001
10

Y 0.000000 0.000000 0.000000
Y 2.193931 2.193931 -2.193931
D 4.387862 0.000000 -4.387862
P 6.581793 -2.193931 -2.193931
E 8.775724 -4.387862 -4.387862
T 10.969655 -6.581793 -2.193931
G 8.775724 -8.775724 0.000000
T 6.581793 -6.581793 2.193931
W 4.387862 -4.387862 0.000000
Y 2.193931 -2.193931 2.193931


-19.994356	020120301	0001001001001
10

Y 0.000000 0.000000 0.000000
Y 2.193931 2.193931 -2.193931
D 4.387862 0.000000 -4.387862
P 6.581793 -2.193931 -2.193931
E 8.775724 -4.387862 -4.387862
T 6.581793 -6.581793 -6.581793
G 4.387862 -8.775724 -4.387862
T 2.193931 -6.581793 -2.193931
W 4.387862 -4.387862 -0.000000
Y 2.193931 -2.193931 2.193931


-19.825491	132101301	1011011000101
10

Y 0.000000 0.000000 0.000000
Y 2.193931 2.193931 -2.193931
D 4.387862 0.000000 -4.387862
P 6.581793 -2.193931 -2.193931
E 4.387862 -4.387862 0.000000
T 2.193931 -2.193931 2.193931
G 0.000000 -4.387862 4.387862
T -2.193931 -6.581793 2.193931
W -4.387862 -4.387862 0.000000
Y -2.193931 -2.193931 -2.193931


-19.825491	130101301	1011001000101
10

Y 0.000000 0.000000 0.000000
Y 2.193931 2.193931 -2.193931
D 4.387862 0.000000 -4.387862
P 6.581793 -2.193931 -2.193931
E 4.387862 -4.387862 0.000000
T 2.193931 -2.193931 2.193931
G 0.000000 -4.387862 4.387862
T -2.193931 -2.193931 6.581793
W -4.387862 0.000000 4.387862
Y -2.193931 2.193931 2.193931


-19.825491	230201301	0111000100101
10

Y 0.000000 0.000000 0.000000
Y 2.193931 2.193931 -2.193931
D 4.387862 0.000000 -4.387862
P 6.581793 -2.193931 -2.193931
E 4.387862 -4.387862 0.000000
T 2.193931 -2.193931 2.193931
G 4.387862 0.000000 4.387862
T 2.193931 2.193931 6.581793
W 0.000000 4.387862 4.387862
Y -2.193931 2.193931 2.193931


-19.703470	130131301	1011001011101
10

Y 0.000000 0.000000 0.000000
Y 2.193931 2.193931 -2.193931
D 4.387862 0.000000 -4.387862
P 6.581793 -2.193931 -2.193931
E 4.387862 -4.387862 0.000000
T 6.581793 -6.581793 2.193931
G 4.387862 -8.775724 4.387862
T 2.193931 -6.581793 6.581793
W 0.000000 -4.387862 4.387862
Y 2.193931 -2.193931 2.193931


-19.703470	120121301	1001001001101
10

Y 0.000000 0.000000 0.000000
Y 2.193931 2.193931 -2.193931
D 4.387862 0.000000 -4.387862
P 6.581793 -2.193931 -2.193931
E 4.387862 -4.387862 0.000000
T 2.193931 -6.581793 -2.193931
G 0.000000 -8.775724 0.000000
T -2.193931 -6.581793 2.193931
W 0.000000 -4.387862 4.387862
Y 2.193931 -2.193931 2.193931


-19.703470	230231301	0111000111101
10

Y 0.000000 0.000000 0.000000
Y 2.193931 2.193931 -2.193931
D 4.387862 0.000000 -4.387862
P 6.581793 -2.193931 -2.193931
E 4.387862 -4.387862 0.000000
T 6.581793 -6.581793 2.193931
G 8.775724 -4.387862 4.387862
T 6.581793 -2.193931 6.581793
W 4.387862 -0.000000 4.387862
Y 2.193931 -2.193931 2.193931


-19.670236	103102101	1000111000010
10

Y 0.000000 0.000000 0.000000
Y 2.193931 2.193931 -2.193931
D 4.387862 0.000000 -4.387862
P 6.581793 2.193931 -6.581793
E 8.775724 4.387862 -4.387862
T 6.581793 6.581793 -2.193931
G 4.387862 4.387862 -0.000000
T 6.581793 2.193931 2.193931
W 8.775724 0.000000 -0.000000
Y 10.969655 2.193931 -2.193931


-19.670236	102103101	1000011000110
10

Y 0.000000 0.000000 0.000000
Y 2.193931 2.193931 -2.193931
D 4.387862 0.000000 -4.387862
P 6.581793 2.193931 -6.581793
E 4.387862 4.387862 -8.775724
T 2.193931 6.581793 -6.581793
G 0.000000 4.387862 -4.387862
T -2.193931 2.193931 -6.581793
W 0.000000 0.000000 -8.775724
Y 2.193931 2.193931 -10.969655


-19.670236	301302301	1100101100011
10

Y 0.000000 0.000000 0.000000
Y 2.193931 2.193931 -2.193931
D 4.387862 0.000000 -4.387862
P 6.581793 -2.193931 -2.193931
E 8.775724 0.000000 0.000000
T 6.581793 2.193931 2.193931
G 4.387862 4.387862 0.000000
T 6.581793 6.581793 -2.193931
W 8.775724 4.387862 -4.387862
Y 10.969655 2.193931 -2.193931


-19.090644	210302301	0110001100011
10

Y 0.000000 0.000000 0.000000
Y 2.193931 2.193931 -2.193931
D 4.387862 0.000000 -4.387862
P 6.581793 -2.193931 -2.193931
E 8.775724 0.000000 0.000000
T 6.581793 2.193931 2.193931
G 4.387862 4.387862 0.000000
T 2.193931 6.581793 2.193931
W 0.000000 4.387862 4.387862
Y -2.193931 2.193931 2.193931


-19.090644	210102101	0110001000010
10

Y 0.000000 0.000000 0.000000
Y 2.193931 2.193931 -2.193931
D 4.387862 0.000000 -4.387862
P 6.581793 2.193931 -6.581793
E 8.775724 4.387862 -4.387862
T 6.581793 6.581793 -2.193931
G 4.387862 4.387862 -0.000000
T 2.193931 6.581793 2.193931
W 0.000000 4.387862 4.387862
Y -2.193931 2.193931 2.193931


-19.090644	213102101	0110111000010
10

Y 0.000000 0.000000 0.000000
Y 2.193931 2.193931 -2.193931
D 4.387862 0.000000 -4.387862
P 6.581793 2.193931 -6.581793
E 8.775724 4.387862 -4.387862
T 6.581793 6.581793 -2.193931
G 4.387862 4.387862 -0.000000
T 6.581793 2.193931 2.193931
W 4.387862 0.000000 4.387862
Y 2.193931 -2.193931 2.193931


-19.090644	310103101	1110001000110
10

Y 0.000000 0.000000 0.000000
Y 2.193931 2.193931 -2.193931
D 4.387862 0.000000 -4.387862
P 6.581793 2.193931 -6.581793
E 4.387862 4.387862 -8.775724
T 2.193931 6.581793 -6.581793
G 0.000000 4.387862 -4.387862
T -2.193931 6.581793 -2.193931
W -4.387862 4.387862 -0.000000
Y -2.193931 2.193931 2.193931


-19.090644	312103101	1110011000110
10

Y 0.000000 0.000000 0.000000
Y 2.193931 2.193931 -2.193931
D 4.387862 0.000000 -4.387862
P 6.581793 2.193931 -6.581793
E 4.387862 4.387862 -8.775724
T 2.193931 6.581793 -6.581793
G 0.000000 4.387862 -4.387862
T -2.193931 2.193931 -6.581793
W -4.387862 0.000000 -4.387862
Y -2.193931 -2.193931 -2.193931


-17.096807	010320301	0010001101001
10

Y 0.000000 0.000000 0.000000
Y 2.193931 2.193931 -2.193931
D 4.387862 0.000000 -4.387862
P 6.581793 -2.193931 -2.193931
E 8.775724 -4.387862 -4.387862
T 6.581793 -6.581793 -6.581793
G 4.387862 -4.387862 -8.775724
T 2.193931 -2.193931 -6.581793
W 0.000000 -4.387862 -4.387862
Y -2.193931 -2.193931 -2.193931


-17.096807	010130101	0010001011000
10

Y 0.000000 0.000000 0.000000
Y 2.193931 2.193931 -2.193931
D 4.387862 0.000000 -4.387862
P 6.581793 2.193931 -6.581793
E 8.775724 0.000000 -8.775724
T 10.969655 -2.193931 -6.581793
G 8.775724 -4.387862 -4.387862
T 6.581793 -2.193931 -2.193931
W 4.387862 -4.387862 -0.000000
Y 2.193931 -2.193931 2.193931


-17.096807	010120101	0010001001000
10

Y 0.000000 0.000000 0.000000
Y 2.193931 2.193931 -2.193931
D 4.387862 0.000000 -4.387862
P 6.581793 2.193931 -6.581793
E 8.775724 0.000000 -8.775724
T 6.581793 -2.193931 -10.969655
G 4.387862 -4.387862 -8.775724
T 2.193931 -2.193931 -6.581793
W 0.000000 -4.387862 -4.387862
Y -2.193931 -2.193931 -2.193931


-17.096807	013123101	0010111001110
10

Y 0.000000 0.000000 0.000000
Y 2.193931 2.193931 -2.193931
D 4.387862 0.000000 -4.387862
P 6.581793 2.193931 -6.581793
E 4.387862 4.387862 -8.775724
T 2.193931 2.193931 -10.969655
G 0.000000 0.000000 -8.775724
T 2.193931 -2.193931 -6.581793
W 0.000000 -4.387862 -4.387862
Y -2.193931 -2.193931 -2.193931


-17.096807	012132101	0010011011010
10

Y 0.000000 0.000000 0.000000
Y 2.193931 2.193931 -2.193931
D 4.387862 0.000000 -4.387862
P 6.581793 2.193931 -6.581793
E 8.775724 4.387862 -4.387862
T 10.969655 2.193931 -2.193931
G 8.775724 0.000000 -0.000000
T 6.581793 -2.193931 -2.193931
W 4.387862 -4.387862 -0.000000
Y 2.193931 -2.193931 2.193931


-16.822704	103101301	1000111000101
10

Y 0.000000 0.000000 0.000000
Y 2.193931 2.193931 -2.193931
D 4.387862 0.000000 -4.387862
P 6.581793 -2.193931 -2.193931
E 4.387862 -4.387862 0.000000
T 2.193931 -2.193931 2.193931
G 0.000000 -4.387862 4.387862
T 2.193931 -6.581793 6.581793
W 4.387862 -8.775724 4.387862
Y 6.581793 -6.581793 2.193931


-16.822704	102101301	1000011000101
10

Y 0.000000 0.000000 0.000000
Y 2.193931 2.193931 -2.193931
D 4.387862 0.000000 -4.387862
P 6.581793 -2.193931 -2.193931
E 4.387862 -4.387862 0.000000
T 2.193931 -2.193931 2.193931
G 0.000000 -4.387862 4.387862
T -2.193931 -6.581793 2.193931
W 0.000000 -8.775724 0.000000
Y 2.193931 -6.581793 -2.193931


-16.822704	203201301	0100110100101
10

Y 0.000000 0.000000 0.000000
Y 2.193931 2.193931 -2.193931
D 4.387862 0.000000 -4.387862
P 6.581793 -2.193931 -2.193931
E 4.387862 -4.387862 0.000000
T 2.193931 -2.193931 2.193931
G 4.387862 0.000000 4.387862
T 6.581793 -2.193931 6.581793
W 8.775724 -4.387862 4.387862
Y 6.581793 -6.581793 2.193931


-16.656376	212302101	0110011100010
10

Y 0.000000 0.000000 0.000000
Y 2.193931 2.193931 -2.193931
D 4.387862 0.000000 -4.387862
P 6.581793 2.193931 -6.581793
E 8.775724 4.387862 -4.387862
T 6.581793 6.581793 -2.193931
G 4.387862 8.775724 -4.387862
T 2.193931 6.581793 -6.581793
W 0.000000 4.387862 -4.387862
Y -2.193931 2.193931 -6.581793


-16.656376	313203101	1110110100110
10

Y 0.000000 0.000000 0.000000
Y 2.193931 2.193931 -2.193931
D 4.387862 0.000000 -4.387862
P 6.581793 2.193931 -6.581793
E 4.387862 4.387862 -8.775724
T 2.193931 6.581793 -6.581793
G 4.387862 8.775724 -4.387862
T 6.581793 6.581793 -2.193931
W 4.387862 4.387862 -0.000000
Y 6.581793 2.193931 2.193931


-16.656376	013203101	0010110100110
10

Y 0.000000 0.000000 0.000000
Y 2.193931 2.193931 -2.193931
D 4.387862 0.000000 -4.387862
P 6.581793 2.193931 -6.581793
E 4.387862 4.387862 -8.775724
T 2.193931 6.581793 -6.581793
G 4.387862 8.775724 -4.387862
T 6.581793 6.581793 -2.193931
W 4.387862 4.387862 -0.000000
Y 2.193931 6.581793 2.193931


-16.656376	012302101	0010011100010
10

Y 0.000000 0.000000 0.000000
Y 2.193931 2.193931 -2.193931
D 4.387862 0.000000 -4.387862
P 6.581793 2.193931 -6.581793
E 8.775724 4.387862 -4.387862
T 6.581793 6.581793 -2.193931
G 4.387862 8.775724 -4.387862
T 2.193931 6.581793 -6.581793
W 0.000000 4.387862 -4.387862
Y -2.193931 6.581793 -2.193931


-16.454293	030132101	0011001011010
10

Y 0.000000 0.000000 0.000000
Y 2.193931 2.193931 -2.193931
D 4.387862 0.000000 -4.387862
P 6.581793 2.193931 -6.581793
E 8.775724 4.387862 -4.387862
T 10.969655 2.193931 -2.193931
G 8.775724 0.000000 -0.000000
T 6.581793 2.193931 2.193931
W 4.387862 4.387862 -0.000000
Y 2.193931 6.581793 2.193931


-16.454293	020123101	0001001001110
10

Y 0.000000 0.000000 0.000000
Y 2.193931 2.193931 -2.193931
D 4.387862 0.000000 -4.387862
P 6.581793 2.193931 -6.581793
E 4.387862 4.387862 -8.775724
T 2.193931 2.193931 -10.969655
G 0.000000 0.000000 -8.775724
T -2.193931 2.193931 -6.581793
W 0.000000 4.387862 -4.387862
Y -2.193931 6.581793 -2.193931


-16.454293	010312301	0010001110011
10

Y 0.000000 0.000000 0.000000
Y 2.193931 2.193931 -2.193931
D 4.387862 0.000000 -4.387862
P 6.581793 -2.193931 -2.193931
E 8.775724 0.000000 0.000000
T 10.969655 2.193931 -2.193931
G 8.775724 4.387862 -4.387862
T 6.581793 6.581793 -2.193931
W 4.387862 4.387862 0.000000
Y 2.193931 6.581793 2.193931


-14.868028	301321301	1100101101101
10

Y 0.000000 0.000000 0.000000
Y 2.193931 2.193931 -2.193931
D 4.387862 0.000000 -4.387862
P 6.581793 -2.193931 -2.193931
E 4.387862 -4.387862 0.000000
T 2.193931 -6.581793 -2.193931
G 0.000000 -4.387862 -4.387862
T 2.193931 -2.193931 -6.581793
W 4.387862 -4.387862 -8.775724
Y 6.581793 -6.581793 -6.581793


-14.866603	130120301	1011001001001
10

Y 0.000000 0.000000 0.000000
Y 2.193931 2.193931 -2.193931
D 4.387862 0.000000 -4.387862
P 6.581793 -2.193931 -2.193931
E 8.775724 -4.387862 -4.387862
T 6.581793 -6.581793 -6.581793
G 4.387862 -8.775724 -4.387862
T 2.193931 -6.581793 -2.193931
W 0.000000 -4.387862 -4.387862
Y 2.193931 -2.193931 -6.581793


-14.785922	130321301	1011001101101
10

Y 0.000000 0.000000 0.000000
Y 2.193931 2.193931 -2.193931
D 4.387862 0.000000 -4.387862
P 6.581793 -2.193931 -2.193931
E 4.387862 -4.387862 0.000000
T 2.193931 -6.581793 -2.193931
G 0.000000 -4.387862 -4.387862
T -2.193931 -2.193931 -2.193931
W -4.387862 -0.000000 -4.387862
Y -2.193931 2.193931 -6.581793


-14.679219	031231301	0011100111101
10

Y 0.000000 0.000000 0.000000
Y 2.193931 2.193931 -2.193931
D 4.387862 0.000000 -4.387862
P 6.581793 -2.193931 -2.193931
E 4.387862 -4.387862 0.000000
T 6.581793 -6.581793 2.193931
G 8.775724 -4.387862 4.387862
T 10.969655 -2.193931 2.193931
W 8.775724 -0.000000 0.000000
Y 6.581793 2.193931 2.193931


-14.210292	310302301	1110001100011
10

Y 0.000000 0.000000 0.000000
Y 2.193931 2.193931 -2.193931
D 4.387862 0.000000 -4.387862
P 6.581793 -2.193931 -2.193931
E 8.775724 0.000000 0.000000
T 6.581793 2.193931 2.193931
G 4.387862 4.387862 0.000000
T 2.193931 6.581793 2.193931
W 0.000000 4.387862 4.387862
Y 2.193931 2.193931 6.581793


-14.169923	310320301	1110001101001
10

Y 0.000000 0.000000 0.000000
Y 2.193931 2.193931 -2.193931
D 4.387862 0.000000 -4.387862
P 6.581793 -2.193931 -2.193931
E 8.775724 -4.387862 -4.387862
T 6.581793 -6.581793 -6.581793
G 4.387862 -4.387862 -8.775724
T 2.193931 -2.193931 -6.581793
W 0.000000 -4.387862 -4.387862
Y 2.193931 -6.581793 -2.193931


-14.103589	103203101	1000110100110
10

Y 0.000000 0.000000 0.000000
Y 2.193931 2.193931 -2.193931
D 4.387862 0.000000 -4.387862
P 6.581793 2.193931 -6.581793
E 4.387862 4.387862 -8.775724
T 2.193931 6.581793 -6.581793
G 4.387862 8.775724 -4.387862
T 6.581793 6.581793 -2.193931
W 8.775724 4.387862 -4.387862
Y 10.969655 6.581793 -6.581793


-14.103589	102302101	1000011100010
10

Y 0.000000 0.000000 0.000000
Y 2.193931 2.193931 -2.193931
D 4.387862 0.000000 -4.387862
P 6.581793 2.193931 -6.581793
E 8.775724 4.387862 -4.387862
T 6.581793 6.581793 -2.193931
G 4.387862 8.775724 -4.387862
T 2.193931 6.581793 -6.581793
W 4.387862 4.387862 -8.775724
Y 6.581793 6.581793 -10.969655


-14.103589	202302101	0100011100010
10

Y 0.000000 0.000000 0.000000
Y 2.193931 2.193931 -2.193931
D 4.387862 0.000000 -4.387862
P 6.581793 2.193931 -6.581793
E 8.775724 4.387862 -4.387862
T 6.581793 6.581793 -2.193931
G 4.387862 8.775724 -4.387862
T 2.193931 6.581793 -6.581793
W 4.387862 4.387862 -8.775724
Y 2.193931 2.193931 -10.969655


-14.103589	303203101	1100110100110
10

Y 0.000000 0.000000 0.000000
Y 2.193931 2.193931 -2.193931
D 4.387862 0.000000 -4.387862
P 6.581793 2.193931 -6.581793
E 4.387862 4.387862 -8.775724
T 2.193931 6.581793 -6.581793
G 4.387862 8.775724 -4.387862
T 6.581793 6.581793 -2.193931
W 8.775724 4.387862 -4.387862
Y 10.969655 2.193931 -2.193931


-14.075570	310321301	1110001101101
10

Y 0.000000 0.000000 0.000000
Y 2.193931 2.193931 -2.193931
D 4.387862 0.000000 -4.387862
P 6.581793 -2.193931 -2.193931
E 4.387862 -4.387862 0.000000
T 2.193931 -6.581793 -2.193931
G 0.000000 -4.387862 -4.387862
T -2.193931 -2.193931 -2.193931
W -4.387862 -4.387862 0.000000
Y -2.193931 -6.581793 2.193931


-13.824951	130132301	1011001011011
10

Y 0.000000 0.000000 0.000000
Y 2.193931 2.193931 -2.193931
D 4.387862 0.000000 -4.387862
P 6.581793 -2.193931 -2.193931
E 8.775724 0.000000 0.000000
T 10.969655 -2.193931 2.193931
G 8.775724 -4.387862 4.387862
T 6.581793 -2.193931 6.581793
W 4.387862 0.000000 4.387862
Y 6.581793 2.193931 2.193931


-13.812250	130201301	1011000100101
10

Y 0.000000 0.000000 0.000000
Y 2.193931 2.193931 -2.193931
D 4.387862 0.000000 -4.387862
P 6.581793 -2.193931 -2.193931
E 4.387862 -4.387862 0.000000
T 2.193931 -2.193931 2.193931
G 4.387862 0.000000 4.387862
T 2.193931 2.193931 6.581793
W 0.000000 4.387862 4.387862
Y 2.193931 6.581793 2.193931


-13.721467	031021301	0011100001101
10

Y 0.000000 0.000000 0.000000
Y 2.193931 2.193931 -2.193931
D 4.387862 0.000000 -4.387862
P 6.581793 -2.193931 -2.193931
E 4.387862 -4.387862 0.000000
T 2.193931 -6.581793 -2.193931
G 4.387862 -8.775724 -4.387862
T 6.581793 -6.581793 -6.581793
W 4.387862 -4.387862 -8.775724
Y 2.193931 -2.193931 -6.581793


-13.624912	031321301	0011101101101
10

Y 0.000000 0.000000 0.000000
Y 2.193931 2.193931 -2.193931
D 4.387862 0.000000 -4.387862
P 6.581793 -2.193931 -2.193931
E 4.387862 -4.387862 0.000000
T 2.193931 -6.581793 -2.193931
G 0.000000 -4.387862 -4.387862
T 2.193931 -2.193931 -6.581793
W 0.000000 -0.000000 -8.775724
Y -2.193931 2.193931 -6.581793


-13.361710	230132301	0111001011011
10

Y 0.000000 0.000000 0.000000
Y 2.193931 2.193931 -2.193931
D 4.387862 0.000000 -4.387862
P 6.581793 -2.193931 -2.193931
E 8.775724 0.000000 0.000000
T 10.969655 -2.193931 2.193931
G 8.775724 -4.387862 4.387862
T 6.581793 -2.193931 6.581793
W 4.387862 0.000000 4.387862
Y 2.193931 -2.193931 2.193931


-13.270763	320120301	1101001001001
10

Y 0.000000 0.000000 0.000000
Y 2.193931 2.193931 -2.193931
D 4.387862 0.000000 -4.387862
P 6.581793 -2.193931 -2.193931
E 8.775724 -4.387862 -4.387862
T 6.581793 -6.581793 -6.581793
G 4.387862 -8.775724 -4.387862
T 2.193931 -6.581793 -2.193931
W 4.387862 -4.387862 -0.000000
Y 6.581793 -6.581793 2.193931


-13.270763	232132301	0111011011011
10

Y 0.000000 0.000000 0.000000
Y 2.193931 2.193931 -2.193931
D 4.387862 0.000000 -4.387862
P 6.581793 -2.193931 -2.193931
E 8.775724 0.000000 0.000000
T 10.969655 -2.193931 2.193931
G 8.775724 -4.387862 4.387862
T 6.581793 -6.581793 2.193931
W 4.387862 -4.387862 0.000000
Y 2.193931 -6.581793 -2.193931


-13.270763	230130301	0111001011001
10

Y 0.000000 0.000000 0.000000
Y 2.193931 2.193931 -2.193931
D 4.387862 0.000000 -4.387862
P 6.581793 -2.193931 -2.193931
E 8.775724 -4.387862 -4.387862
T 10.969655 -6.581793 -2.193931
G 8.775724 -8.775724 0.000000
T 6.581793 -6.581793 2.193931
W 4.387862 -4.387862 0.000000
Y 2.193931 -6.581793 -2.193931


-13.263731	230102301	0111001000011
10

Y 0.000000 0.000000 0.000000
Y 2.193931 2.193931 -2.193931
D 4.387862 0.000000 -4.387862
P 6.581793 -2.193931 -2.193931
E 8.775724 0.000000 0.000000
T 6.581793 2.193931 2.193931
G 4.387862 0.000000 4.387862
T 2.193931 2.193931 6.581793
W 0.000000 4.387862 4.387862
Y -2.193931 2.193931 2.193931


-13.129009	130121301	1011001001101
10

Y 0.000000 0.000000 0.000000
Y 2.193931 2.193931 -2.193931
D 4.387862 0.000000 -4.387862
P 6.581793 -2.193931 -2.193931
E 4.387862 -4.387862 0.000000
T 2.193931 -6.581793 -2.193931
G 0.000000 -8.775724 0.000000
T -2.193931 -6.581793 2.193931
W -4.387862 -4.387862 0.000000
Y -2.193931 -2.193931 -2.193931


-13.083527	101302301	1000101100011
10

Y 0.000000 0.000000 0.000000
Y 2.193931 2.193931 -2.193931
D 4.387862 0.000000 -4.387862
P 6.581793 -2.193931 -2.193931
E 8.775724 0.000000 0.000000
T 6.581793 2.193931 2.193931
G 4.387862 4.387862 0.000000
T 6.581793 6.581793 -2.193931
W 8.775724 4.387862 -4.387862
Y 10.969655 6.581793 -6.581793


-13.083527	202103101	0100011000110
10

Y 0.000000 0.000000 0.000000
Y 2.193931 2.193931 -2.193931
D 4.387862 0.000000 -4.387862
P 6.581793 2.193931 -6.581793
E 4.387862 4.387862 -8.775724
T 2.193931 6.581793 -6.581793
G 0.000000 4.387862 -4.387862
T -2.193931 2.193931 -6.581793
W 0.000000 0.000000 -8.775724
Y -2.193931 -2.193931 -10.969655


-13.083527	303102101	1100111000010
10

Y 0.000000 0.000000 0.000000
Y 2.193931 2.193931 -2.193931
D 4.387862 0.000000 -4.387862
P 6.581793 2.193931 -6.581793
E 8.775724 4.387862 -4.387862
T 6.581793 6.581793 -2.193931
G 4.387862 4.387862 -0.000000
T 6.581793 2.193931 2.193931
W 8.775724 0.000000 -0.000000
Y 10.969655 -2.193931 2.193931


-12.970700	030230301	0011000111001
10

Y 0.000000 0.000000 0.000000
Y 2.193931 2.193931 -2.193931
D 4.387862 0.000000 -4.387862
P 6.581793 -2.193931 -2.193931
E 8.775724 -4.387862 -4.387862
T 10.969655 -6.581793 -2.193931
G 13.163586 -4.387862 0.000000
T 10.969655 -2.193931 2.193931
W 8.775724 -0.000000 0.000000
Y 6.581793 2.193931 2.193931


-12.970700	030230101	0011000111000
10

Y 0.000000 0.000000 0.000000
Y 2.193931 2.193931 -2.193931
D 4.387862 0.000000 -4.387862
P 6.581793 2.193931 -6.581793
E 8.775724 0.000000 -8.775724
T 10.969655 -2.193931 -6.581793
G 13.163586 0.000000 -4.387862
T 10.969655 2.193931 -2.193931
W 8.775724 4.387862 -4.387862
Y 6.581793 6.581793 -2.193931


-12.970700	020320101	0001001101000
10

Y 0.000000 0.000000 0.000000
Y 2.193931 2.193931 -2.193931
D 4.387862 0.000000 -4.387862
P 6.581793 2.193931 -6.581793
E 8.775724 0.000000 -8.775724
T 6.581793 -2.193931 -10.969655
G 4.387862 0.000000 -13.163586
T 2.193931 2.193931 -10.969655
W 4.387862 4.387862 -8.775724
Y 2.193931 6.581793 -6.581793


-12.970700	010310101	0010001110000
10

Y 0.000000 0.000000 0.000000
Y 2.193931 2.193931 -2.193931
D 4.387862 0.000000 -4.387862
P 6.581793 2.193931 -6.581793
E 8.775724 0.000000 -8.775724
T 10.969655 2.193931 -10.969655
G 8.775724 4.387862 -13.163586
T 6.581793 6.581793 -10.969655
W 4.387862 4.387862 -8.775724
Y 2.193931 6.581793 -6.581793


-12.970700	010210301	0010000110001
10

Y 0.000000 0.000000 0.000000
Y 2.193931 2.193931 -2.193931
D 4.387862 0.000000 -4.387862
P 6.581793 -2.193931 -2.193931
E 8.775724 -4.387862 -4.387862
T 10.969655 -2.193931 -6.581793
G 13.163586 0.000000 -4.387862
T 10.969655 2.193931 -2.193931
W 8.775724 0.000000 -0.000000
Y 6.581793 2.193931 2.193931


-12.970700	010210101	0010000110000
10

Y 0.000000 0.000000 0.000000
Y 2.193931 2.193931 -2.193931
D 4.387862 0.000000 -4.387862
P 6.581793 2.193931 -6.581793
E 8.775724 0.000000 -8.775724
T 10.969655 2.193931 -10.969655
G 13.163586 4.387862 -8.775724
T 10.969655 6.581793 -6.581793
W 8.775724 4.387862 -4.387862
Y 6.581793 6.581793 -2.193931


-12.970700	013213101	0010110110110
10

Y 0.000000 0.000000 0.000000
Y 2.193931 2.193931 -2.193931
D 4.387862 0.000000 -4.387862
P 6.581793 2.193931 -6.581793
E 4.387862 4.387862 -8.775724
T 6.581793 6.581793 -10.969655
G 8.775724 8.775724 -8.775724
T 10.969655 6.581793 -6.581793
W 8.775724 4.387862 -4.387862
Y 6.581793 6.581793 -2.193931


-12.970700	012312101	0010011110010
10

Y 0.000000 0.000000 0.000000
Y 2.193931 2.193931 -2.193931
D 4.387862 0.000000 -4.387862
P 6.581793 2.193931 -6.581793
E 8.775724 4.387862 -4.387862
T 10.969655 6.581793 -6.581793
G 8.775724 8.775724 -8.775724
T 6.581793 6.581793 -10.969655
W 4.387862 4.387862 -8.775724
Y 2.193931 6.581793 -6.581793


-12.556886	212102301	0110011000011
10

Y 0.000000 0.000000 0.000000
Y 2.193931 2.193931 -2.193931
D 4.387862 0.000000 -4.387862
P 6.581793 -2.193931 -2.193931
E 8.775724 0.000000 0.000000
T 6.581793 2.193931 2.193931
G 4.387862 0.000000 4.387862
T 2.193931 -2.193931 2.193931
W 0.000000 -4.387862 4.387862
Y -2.193931 -6.581793 2.193931


-12.556886	312102301	1110011000011
10

Y 0.000000 0.000000 0.000000
Y 2.193931 2.193931 -2.193931
D 4.387862 0.000000 -4.387862
P 6.581793 -2.193931 -2.193931
E 8.775724 0.000000 0.000000
T 6.581793 2.193931 2.193931
G 4.387862 0.000000 4.387862
T 2.193931 -2.193931 2.193931
W 0.000000 -4.387862 4.387862
Y 2.193931 -6.581793 6.581793


-12.556886	012102301	0010011000011
10

Y 0.000000 0.000000 0.000000
Y 2.193931 2.193931 -2.193931
D 4.387862 0.000000 -4.387862
P 6.581793 -2.193931 -2.193931
E 8.775724 0.000000 0.000000
T 6.581793 2.193931 2.193931
G 4.387862 0.000000 4.387862
T 2.193931 -2.193931 2.193931
W 0.000000 -4.387862 4.387862
Y -2.193931 -2.193931 6.581793


-12.479894	030120301	0011001001001
10

Y 0.000000 0.000000 0.000000
Y 2.193931 2.193931 -2.193931
D 4.387862 0.000000 -4.387862
P 6.581793 -2.193931 -2.193931
E 8.775724 -4.387862 -4.387862
T 6.581793 -6.581793 -6.581793
G 4.387862 -8.775724 -4.387862
T 2.193931 -6.581793 -2.193931
W 0.000000 -4.387862 -4.387862
Y -2.193931 -2.193931 -2.193931


-12.394162	210132101	0110001011010
10

Y 0.000000 0.000000 0.000000
Y 2.193931 2.193931 -2.193931
D 4.387862 0.000000 -4.387862
P 6.581793 2.193931 -6.581793
E 8.775724 4.387862 -4.387862
T 10.969655 2.193931 -2.193931
G 8.775724 0.000000 -0.000000
T 6.581793 2.193931 2.193931
W 4.387862 0.000000 4.387862
Y 2.193931 -2.193931 2.193931


-12.394162	310123101	1110001001110
10

Y 0.000000 0.000000 0.000000
Y 2.193931 2.193931 -2.193931
D 4.387862 0.000000 -4.387862
P 6.581793 2.193931 -6.581793
E 4.387862 4.387862 -8.775724
T 2.193931 2.193931 -10.969655
G 0.000000 0.000000 -8.775724
T -2.193931 2.193931 -6.581793
W -4.387862 0.000000 -4.387862
Y -2.193931 -2.193931 -2.193931


-12.367051	210103101	0110001000110
10

Y 0.000000 0.000000 0.000000
Y 2.193931 2.193931 -2.193931
D 4.387862 0.000000 -4.387862
P 6.581793 2.193931 -6.581793
E 4.387862 4.387862 -8.775724
T 2.193931 6.581793 -6.581793
G 0.000000 4.387862 -4.387862
T -2.193931 6.581793 -2.193931
W -4.387862 4.387862 -0.000000
Y -6.581793 2.193931 -2.193931


-12.367051	212103101	0110011000110
10

Y 0.000000 0.000000 0.000000
Y 2.193931 2.193931 -2.193931
D 4.387862 0.000000 -4.387862
P 6.581793 2.193931 -6.581793
E 4.387862 4.387862 -8.775724
T 2.193931 6.581793 -6.581793
G 0.000000 4.387862 -4.387862
T -2.193931 2.193931 -6.581793
W -4.387862 0.000000 -4.387862
Y -6.581793 -2.193931 -6.581793


-12.367051	310102101	1110001000010
10

Y 0.000000 0.000000 0.000000
Y 2.193931 2.193931 -2.193931
D 4.387862 0.000000 -4.387862
P 6.581793 2.193931 -6.581793
E 8.775724 4.387862 -4.387862
T 6.581793 6.581793 -2.193931
G 4.387862 4.387862 -0.000000
T 2.193931 6.581793 2.193931
W 0.000000 4.387862 4.387862
Y 2.193931 2.193931 6.581793


-12.367051	313102101	1110111000010
10

Y 0.000000 0.000000 0.000000
Y 2.193931 2.193931 -2.193931
D 4.387862 0.000000 -4.387862
P 6.581793 2.193931 -6.581793
E 8.775724 4.387862 -4.387862
T 6.581793 6.581793 -2.193931
G 4.387862 4.387862 -0.000000
T 6.581793 2.193931 2.193931
W 4.387862 0.000000 4.387862
Y 6.581793 -2.193931 6.581793


-12.367051	010302301	0010001100011
10

Y 0.000000 0.000000 0.000000
Y 2.193931 2.193931 -2.193931
D 4.387862 0.000000 -4.387862
P 6.581793 -2.193931 -2.193931
E 8.775724 0.000000 0.000000
T 6.581793 2.193931 2.193931
G 4.387862 4.387862 0.000000
T 2.193931 6.581793 2.193931
W 0.000000 4.387862 4.387862
Y -2.193931 6.581793 6.581793


-12.367051	010103101	0010001000110
10

Y 0.000000 0.000000 0.000000
Y 2.193931 2.193931 -2.193931
D 4.387862 0.000000 -4.387862
P 6.581793 2.193931 -6.581793
E 4.387862 4.387862 -8.775724
T 2.193931 6.581793 -6.581793
G 0.000000 4.387862 -4.387862
T -2.193931 6.581793 -2.193931
W -4.387862 4.387862 -0.000000
Y -6.581793 6.581793 2.193931


-12.367051	010102101	0010001000010
10

Y 0.000000 0.000000 0.000000
Y 2.193931 2.193931 -2.193931
D 4.387862 0.000000 -4.387862
P 6.581793 2.193931 -6.581793
E 8.775724 4.387862 -4.387862
T 6.581793 6.581793 -2.193931
G 4.387862 4.387862 -0.000000
T 2.193931 6.581793 2.193931
W 0.000000 4.387862 4.387862
Y -2.193931 6.581793 6.581793


-12.367051	013102101	0010111000010
10

Y 0.000000 0.000000 0.000000
Y 2.193931 2.193931 -2.193931
D 4.387862 0.000000 -4.387862
P 6.581793 2.193931 -6.581793
E 8.775724 4.387862 -4.387862
T 6.581793 6.581793 -2.193931
G 4.387862 4.387862 -0.000000
T 6.581793 2.193931 2.193931
W 4.387862 0.000000 4.387862
Y 2.193931 2.193931 6.581793


-12.367051	012103101	0010011000110
10

Y 0.000000 0.000000 0.000000
Y 2.193931 2.193931 -2.193931
D 4.387862 0.000000 -4.387862
P 6.581793 2.193931 -6.581793
E 4.387862 4.387862 -8.775724
T 2.193931 6.581793 -6.581793
G 0.000000 4.387862 -4.387862
T -2.193931 2.193931 -6.581793
W -4.387862 0.000000 -4.387862
Y -6.581793 2.193931 -2.193931


-12.232329	210321301	0110001101101
10

Y 0.000000 0.000000 0.000000
Y 2.193931 2.193931 -2.193931
D 4.387862 0.000000 -4.387862
P 6.581793 -2.193931 -2.193931
E 4.387862 -4.387862 0.000000
T 2.193931 -6.581793 -2.193931
G 0.000000 -4.387862 -4.387862
T -2.193931 -2.193931 -2.193931
W -4.387862 -4.387862 0.000000
Y -6.581793 -6.581793 -2.193931


-12.232329	030321301	0011001101101
10

Y 0.000000 0.000000 0.000000
Y 2.193931 2.193931 -2.193931
D 4.387862 0.000000 -4.387862
P 6.581793 -2.193931 -2.193931
E 4.387862 -4.387862 0.000000
T 2.193931 -6.581793 -2.193931
G 0.000000 -4.387862 -4.387862
T -2.193931 -2.193931 -2.193931
W -4.387862 -0.000000 -4.387862
Y -6.581793 2.193931 -2.193931


-12.232329	010321301	0010001101101
10

Y 0.000000 0.000000 0.000000
Y 2.193931 2.193931 -2.193931
D 4.387862 0.000000 -4.387862
P 6.581793 -2.193931 -2.193931
E 4.387862 -4.387862 0.000000
T 2.193931 -6.581793 -2.193931
G 0.000000 -4.387862 -4.387862
T -2.193931 -2.193931 -2.193931
W -4.387862 -4.387862 0.000000
Y -6.581793 -2.193931 2.193931


-12.232329	230321301	0111001101101
10

Y 0.000000 0.000000 0.000000
Y 2.193931 2.193931 -2.193931
D 4.387862 0.000000 -4.387862
P 6.581793 -2.193931 -2.193931
E 4.387862 -4.387862 0.000000
T 2.193931 -6.581793 -2.193931
G 0.000000 -4.387862 -4.387862
T -2.193931 -2.193931 -2.193931
W -4.387862 -0.000000 -4.387862
Y -6.581793 -2.193931 -6.581793


-12.189463	103201301	1000110100101
10

Y 0.000000 0.000000 0.000000
Y 2.193931 2.193931 -2.193931
D 4.387862 0.000000 -4.387862
P 6.581793 -2.193931 -2.193931
E 4.387862 -4.387862 0.000000
T 2.193931 -2.193931 2.193931
G 4.387862 0.000000 4.387862
T 6.581793 -2.193931 6.581793
W 8.775724 -4.387862 4.387862
Y 10.969655 -2.193931 2.193931


-12.125626	321021301	1101100001101
10

Y 0.000000 0.000000 0.000000
Y 2.193931 2.193931 -2.193931
D 4.387862 0.000000 -4.387862
P 6.581793 -2.193931 -2.193931
E 4.387862 -4.387862 0.000000
T 2.193931 -6.581793 -2.193931
G 4.387862 -8.775724 -4.387862
T 6.581793 -6.581793 -6.581793
W 8.775724 -4.387862 -4.387862
Y 10.969655 -6.581793 -2.193931


-12.125626	131031301	1011100011101
10

Y 0.000000 0.000000 0.000000
Y 2.193931 2.193931 -2.193931
D 4.387862 0.000000 -4.387862
P 6.581793 -2.193931 -2.193931
E 4.387862 -4.387862 0.000000
T 6.581793 -6.581793 2.193931
G 8.775724 -8.775724 0.000000
T 10.969655 -6.581793 -2.193931
W 8.775724 -4.387862 -4.387862
Y 10.969655 -2.193931 -6.581793


-12.125626	131231301	1011100111101
10

Y 0.000000 0.000000 0.000000
Y 2.193931 2.193931 -2.193931
D 4.387862 0.000000 -4.387862
P 6.581793 -2.193931 -2.193931
E 4.387862 -4.387862 0.000000
T 6.581793 -6.581793 2.193931
G 8.775724 -4.387862 4.387862
T 10.969655 -2.193931 2.193931
W 8.775724 -0.000000 0.000000
Y 10.969655 2.193931 -2.193931


-12.125626	121021301	1001100001101
10

Y 0.000000 0.000000 0.000000
Y 2.193931 2.193931 -2.193931
D 4.387862 0.000000 -4.387862
P 6.581793 -2.193931 -2.193931
E 4.387862 -4.387862 0.000000
T 2.193931 -6.581793 -2.193931
G 4.387862 -8.775724 -4.387862
T 6.581793 -6.581793 -6.581793
W 8.775724 -4.387862 -4.387862
Y 10.969655 -2.193931 -6.581793


