-107.621767	b038b6510b640
14

R 0.000000 0.000000 0.000000
G 2.687006 2.687006 0.000000
K 5.374012 2.687006 2.687006
W 2.687006 0.000000 2.687006
T 0.000000 0.000000 5.374012
Y 2.687006 2.687006 5.374012
N 0.000000 5.374012 5.374012
G 2.687006 5.374012 2.687006
I 0.000000 2.687006 2.687006
T -2.687006 2.687006 5.374012
Y -2.687006 0.000000 2.687006
E -2.687006 2.687006 0.000000
G 0.000000 5.374012 0.000000
R -2.687006 5.374012 2.687006


-107.366620	9a74351659640
14

R 0.000000 0.000000 0.000000
G 2.687006 2.687006 0.000000
K 5.374012 2.687006 2.687006
W 2.687006 0.000000 2.687006
T 2.687006 -2.687006 5.374012
Y 5.374012 -2.687006 2.687006
N 2.687006 -5.374012 2.687006
G 0.000000 -2.687006 2.687006
I 2.687006 -2.687006 0.000000
T 2.687006 0.000000 -2.687006
Y 5.374012 0.000000 0.000000
E 8.061017 -2.687006 0.000000
G 5.374012 -2.687006 -2.687006
R 5.374012 -5.374012 0.000000


-107.321595	329636510b640
14

R 0.000000 0.000000 0.000000
G 2.687006 2.687006 0.000000
K 5.374012 2.687006 2.687006
W 2.687006 0.000000 2.687006
T 0.000000 0.000000 5.374012
Y 2.687006 2.687006 5.374012
N 0.000000 5.374012 5.374012
G 2.687006 5.374012 2.687006
I 0.000000 2.687006 2.687006
T 0.000000 5.374012 0.000000
Y -2.687006 2.687006 0.000000
E -2.687006 0.000000 2.687006
G -2.687006 2.687006 5.374012
R -2.687006 5.374012 2.687006


-107.298113	0149a7ba32640
14

R 0.000000 0.000000 0.000000
G 2.687006 2.687006 0.000000
K 5.374012 2.687006 2.687006
W 2.687006 0.000000 2.687006
T 2.687006 2.687006 5.374012
Y 2.687006 5.374012 2.687006
N 0.000000 5.374012 0.000000
G -2.687006 5.374012 2.687006
I 0.000000 2.687006 2.687006
T -2.687006 2.687006 0.000000
Y -2.687006 0.000000 2.687006
E 0.000000 0.000000 5.374012
G -2.687006 2.687006 5.374012
R 0.000000 5.374012 5.374012


-107.286620	3674351659640
14

R 0.000000 0.000000 0.000000
G 2.687006 2.687006 0.000000
K 5.374012 2.687006 2.687006
W 2.687006 0.000000 2.687006
T 2.687006 -2.687006 5.374012
Y 5.374012 -2.687006 2.687006
N 2.687006 -5.374012 2.687006
G 0.000000 -2.687006 2.687006
I 2.687006 -2.687006 0.000000
T 2.687006 0.000000 -2.687006
Y 5.374012 0.000000 0.000000
E 8.061017 -2.687006 0.000000
G 5.374012 -5.374012 0.000000
R 5.374012 -2.687006 -2.687006


-107.240382	329638b30b640
14

R 0.000000 0.000000 0.000000
G 2.687006 2.687006 0.000000
K 5.374012 2.687006 2.687006
W 2.687006 0.000000 2.687006
T 0.000000 0.000000 5.374012
Y 2.687006 2.687006 5.374012
N 2.687006 5.374012 2.687006
G 0.000000 5.374012 5.374012
I 0.000000 2.687006 2.687006
T 0.000000 5.374012 0.000000
Y -2.687006 2.687006 0.000000
E -2.687006 0.000000 2.687006
G -2.687006 2.687006 5.374012
R -2.687006 5.374012 2.687006


-107.206620	b038b1567b140
14

R 0.000000 0.000000 0.000000
G 2.687006 2.687006 0.000000
K 5.374012 2.687006 2.687006
W 2.687006 5.374012 2.687006
T 0.000000 5.374012 5.374012
Y 2.687006 2.687006 5.374012
N 0.000000 0.000000 5.374012
G 2.687006 0.000000 2.687006
I 0.000000 2.687006 2.687006
T -2.687006 2.687006 5.374012
Y -2.687006 0.000000 2.687006
E -2.687006 2.687006 0.000000
G 0.000000 5.374012 0.000000
R -2.687006 5.374012 2.687006


-107.192341	81b84908ab140
14

R 0.000000 0.000000 0.000000
G 2.687006 2.687006 0.000000
K 5.374012 2.687006 2.687006
W 2.687006 5.374012 2.687006
T 0.000000 5.374012 5.374012
Y -2.687006 5.374012 2.687006
N -2.687006 2.687006 0.000000
G 0.000000 5.374012 0.000000
I 0.000000 2.687006 2.687006
T 2.687006 2.687006 5.374012
Y 2.687006 0.000000 2.687006
E 0.000000 0.000000 5.374012
G -2.687006 2.687006 5.374012
R -2.687006 0.000000 2.687006


-107.152686	b038b8b30b640
14

R 0.000000 0.000000 0.000000
G 2.687006 2.687006 0.000000
K 5.374012 2.687006 2.687006
W 2.687006 0.000000 2.687006
T 0.000000 0.000000 5.374012
Y 2.687006 2.687006 5.374012
N 2.687006 5.374012 2.687006
G 0.000000 5.374012 5.374012
I 0.000000 2.687006 2.687006
T -2.687006 2.687006 5.374012
Y -2.687006 0.000000 2.687006
E -2.687006 2.687006 0.000000
G 0.000000 5.374012 0.000000
R -2.687006 5.374012 2.687006


-107.148874	81b848426a140
14

R 0.000000 0.000000 0.000000
G 2.687006 2.687006 0.000000
K 5.374012 2.687006 2.687006
W 2.687006 5.374012 2.687006
T 0.000000 5.374012 0.000000
Y -2.687006 2.687006 0.000000
N -2.687006 5.374012 2.687006
G 0.000000 5.374012 5.374012
I 0.000000 2.687006 2.687006
T 2.687006 2.687006 5.374012
Y 2.687006 0.000000 2.687006
E 0.000000 0.000000 5.374012
G -2.687006 2.687006 5.374012
R -2.687006 0.000000 2.687006


-107.129549	0984351659640
14

R 0.000000 0.000000 0.000000
G 2.687006 2.687006 0.000000
K 5.374012 2.687006 2.687006
W 2.687006 0.000000 2.687006
T 2.687006 -2.687006 5.374012
Y 5.374012 -2.687006 2.687006
N 2.687006 -5.374012 2.687006
G 0.000000 -2.687006 2.687006
I 2.687006 -2.687006 0.000000
T 2.687006 0.000000 -2.687006
Y 5.374012 0.000000 0.000000
E 5.374012 -2.687006 -2.687006
G 5.374012 -5.374012 0.000000
R 8.061017 -2.687006 0.000000


-107.115737	9ab4343ab8b40
14

R 0.000000 0.000000 0.000000
G 2.687006 2.687006 0.000000
K 5.374012 2.687006 2.687006
W 2.687006 2.687006 5.374012
T 2.687006 0.000000 2.687006
Y 0.000000 0.000000 5.374012
N -2.687006 0.000000 2.687006
G -2.687006 2.687006 0.000000
I 0.000000 2.687006 2.687006
T 0.000000 5.374012 0.000000
Y 2.687006 5.374012 2.687006
E 0.000000 5.374012 5.374012
G -2.687006 5.374012 2.687006
R -2.687006 2.687006 5.374012


-107.095701	729637ab32640
14

R 0.000000 0.000000 0.000000
G 2.687006 2.687006 0.000000
K 5.374012 2.687006 2.687006
W 2.687006 0.000000 2.687006
T 2.687006 2.687006 5.374012
Y 2.687006 5.374012 2.687006
N 0.000000 5.374012 5.374012
G -2.687006 5.374012 2.687006
I 0.000000 2.687006 2.687006
T 0.000000 5.374012 0.000000
Y -2.687006 2.687006 0.000000
E -2.687006 0.000000 2.687006
G -2.687006 2.687006 5.374012
R 0.000000 0.000000 5.374012


-107.090417	54918a92485a0
14

R 0.000000 0.000000 0.000000
G 2.687006 2.687006 0.000000
K 0.000000 2.687006 -2.687006
W 2.687006 2.687006 -5.374012
T 2.687006 0.000000 -8.061017
Y 5.374012 0.000000 -5.374012
N 5.374012 2.687006 -2.687006
G 5.374012 0.000000 0.000000
I 2.687006 0.000000 -2.687006
T 2.687006 -2.687006 -5.374012
Y 0.000000 0.000000 -5.374012
E 0.000000 -2.687006 -2.687006
G 2.687006 -2.687006 0.000000
R 5.374012 -2.687006 -2.687006


-107.074904	4329a9a30b640
14

R 0.000000 0.000000 0.000000
G 2.687006 2.687006 0.000000
K 5.374012 2.687006 2.687006
W 2.687006 0.000000 2.687006
T 0.000000 0.000000 5.374012
Y 2.687006 2.687006 5.374012
N 2.687006 5.374012 2.687006
G 0.000000 5.374012 0.000000
I 0.000000 2.687006 2.687006
T -2.687006 2.687006 0.000000
Y -2.687006 0.000000 2.687006
E -2.687006 2.687006 5.374012
G -2.687006 5.374012 2.687006
R 0.000000 5.374012 5.374012


-107.067158	238629a30b640
14

R 0.000000 0.000000 0.000000
G 2.687006 2.687006 0.000000
K 5.374012 2.687006 2.687006
W 2.687006 0.000000 2.687006
T 0.000000 0.000000 5.374012
Y 2.687006 2.687006 5.374012
N 2.687006 5.374012 2.687006
G 0.000000 5.374012 0.000000
I 0.000000 2.687006 2.687006
T 0.000000 5.374012 5.374012
Y -2.687006 2.687006 5.374012
E -2.687006 0.000000 2.687006
G -2.687006 2.687006 0.000000
R -2.687006 5.374012 2.687006


-107.058666	9ab4343a62640
14

R 0.000000 0.000000 0.000000
G 2.687006 2.687006 0.000000
K 5.374012 2.687006 2.687006
W 2.687006 0.000000 2.687006
T 2.687006 2.687006 5.374012
Y 0.000000 0.000000 5.374012
N -2.687006 0.000000 2.687006
G -2.687006 2.687006 0.000000
I 0.000000 2.687006 2.687006
T 0.000000 5.374012 0.000000
Y 2.687006 5.374012 2.687006
E 0.000000 5.374012 5.374012
G -2.687006 5.374012 2.687006
R -2.687006 2.687006 5.374012


-107.037280	54b65a94258a0
14

R 0.000000 0.000000 0.000000
G 2.687006 2.687006 0.000000
K 0.000000 2.687006 -2.687006
W 0.000000 0.000000 -5.374012
T 2.687006 0.000000 -8.061017
Y 2.687006 2.687006 -5.374012
N 5.374012 2.687006 -2.687006
G 5.374012 0.000000 0.000000
I 2.687006 0.000000 -2.687006
T 5.374012 0.000000 -5.374012
Y 2.687006 -2.687006 -5.374012
E 0.000000 -2.687006 -2.687006
G 2.687006 -2.687006 0.000000
R 5.374012 -2.687006 -2.687006


-107.034940	2a627908ab140
14

R 0.000000 0.000000 0.000000
G 2.687006 2.687006 0.000000
K 5.374012 2.687006 2.687006
W 2.687006 5.374012 2.687006
T 0.000000 5.374012 5.374012
Y -2.687006 5.374012 2.687006
N -2.687006 2.687006 0.000000
G 0.000000 5.374012 0.000000
I 0.000000 2.687006 2.687006
T 2.687006 0.000000 2.687006
Y 2.687006 2.687006 5.374012
E 0.000000 0.000000 5.374012
G -2.687006 0.000000 2.687006
R -2.687006 2.687006 5.374012


-107.022219	2ab84908ab140
14

R 0.000000 0.000000 0.000000
G 2.687006 2.687006 0.000000
K 5.374012 2.687006 2.687006
W 2.687006 5.374012 2.687006
T 0.000000 5.374012 5.374012
Y -2.687006 5.374012 2.687006
N -2.687006 2.687006 0.000000
G 0.000000 5.374012 0.000000
I 0.000000 2.687006 2.687006
T 2.687006 2.687006 5.374012
Y 2.687006 0.000000 2.687006
E 0.000000 0.000000 5.374012
G -2.687006 0.000000 2.687006
R -2.687006 2.687006 5.374012


-107.011458	81b84465ab140
14

R 0.000000 0.000000 0.000000
G 2.687006 2.687006 0.000000
K 5.374012 2.687006 2.687006
W 2.687006 5.374012 2.687006
T 0.000000 5.374012 5.374012
Y -2.687006 5.374012 2.687006
N 0.000000 5.374012 0.000000
G -2.687006 2.687006 0.000000
I 0.000000 2.687006 2.687006
T 2.687006 2.687006 5.374012
Y 2.687006 0.000000 2.687006
E 0.000000 0.000000 5.374012
G -2.687006 2.687006 5.374012
R -2.687006 0.000000 2.687006


-107.005199	9a190903ab640
14

R 0.000000 0.000000 0.000000
G 2.687006 2.687006 0.000000
K 5.374012 2.687006 2.687006
W 2.687006 0.000000 2.687006
T 0.000000 0.000000 5.374012
Y -2.687006 0.000000 2.687006
N -2.687006 2.687006 0.000000
G 0.000000 5.374012 0.000000
I 0.000000 2.687006 2.687006
T 2.687006 5.374012 2.687006
Y 2.687006 2.687006 5.374012
E 0.000000 5.374012 5.374012
G -2.687006 5.374012 2.687006
R -2.687006 2.687006 5.374012


-106.983899	b03a956b32640
14

R 0.000000 0.000000 0.000000
G 2.687006 2.687006 0.000000
K 5.374012 2.687006 2.687006
W 2.687006 0.000000 2.687006
T 2.687006 2.687006 5.374012
Y 2.687006 5.374012 2.687006
N 0.000000 5.374012 5.374012
G -2.687006 2.687006 5.374012
I 0.000000 2.687006 2.687006
T 0.000000 0.000000 5.374012
Y -2.687006 0.000000 2.687006
E -2.687006 2.687006 0.000000
G 0.000000 5.374012 0.000000
R -2.687006 5.374012 2.687006


-106.977072	2a627465ab140
14

R 0.000000 0.000000 0.000000
G 2.687006 2.687006 0.000000
K 5.374012 2.687006 2.687006
W 2.687006 5.374012 2.687006
T 0.000000 5.374012 5.374012
Y -2.687006 5.374012 2.687006
N 0.000000 5.374012 0.000000
G -2.687006 2.687006 0.000000
I 0.000000 2.687006 2.687006
T 2.687006 0.000000 2.687006
Y 2.687006 2.687006 5.374012
E 0.000000 0.000000 5.374012
G -2.687006 0.000000 2.687006
R -2.687006 2.687006 5.374012


-106.964351	2ab84465ab140
14

R 0.000000 0.000000 0.000000
G 2.687006 2.687006 0.000000
K 5.374012 2.687006 2.687006
W 2.687006 5.374012 2.687006
T 0.000000 5.374012 5.374012
Y -2.687006 5.374012 2.687006
N 0.000000 5.374012 0.000000
G -2.687006 2.687006 0.000000
I 0.000000 2.687006 2.687006
T 2.687006 2.687006 5.374012
Y 2.687006 0.000000 2.687006
E 0.000000 0.000000 5.374012
G -2.687006 0.000000 2.687006
R -2.687006 2.687006 5.374012


-106.958163	298b36510b640
14

R 0.000000 0.000000 0.000000
G 2.687006 2.687006 0.000000
K 5.374012 2.687006 2.687006
W 2.687006 0.000000 2.687006
T 0.000000 0.000000 5.374012
Y 2.687006 2.687006 5.374012
N 0.000000 5.374012 5.374012
G 2.687006 5.374012 2.687006
I 0.000000 2.687006 2.687006
T 0.000000 5.374012 0.000000
Y -2.687006 5.374012 2.687006
E -2.687006 2.687006 0.000000
G -2.687006 0.000000 2.687006
R -2.687006 2.687006 5.374012


-106.941803	61943723ab640
14

R 0.000000 0.000000 0.000000
G 2.687006 2.687006 0.000000
K 5.374012 2.687006 2.687006
W 2.687006 0.000000 2.687006
T 0.000000 0.000000 5.374012
Y -2.687006 0.000000 2.687006
N -2.687006 2.687006 0.000000
G -2.687006 5.374012 2.687006
I 0.000000 2.687006 2.687006
T 0.000000 5.374012 0.000000
Y 2.687006 5.374012 2.687006
E 2.687006 2.687006 5.374012
G 0.000000 5.374012 5.374012
R -2.687006 2.687006 5.374012


-106.941681	6484351659640
14

R 0.000000 0.000000 0.000000
G 2.687006 2.687006 0.000000
K 5.374012 2.687006 2.687006
W 2.687006 0.000000 2.687006
T 2.687006 -2.687006 5.374012
Y 5.374012 -2.687006 2.687006
N 2.687006 -5.374012 2.687006
G 0.000000 -2.687006 2.687006
I 2.687006 -2.687006 0.000000
T 2.687006 0.000000 -2.687006
Y 5.374012 0.000000 0.000000
E 5.374012 -2.687006 -2.687006
G 8.061017 -2.687006 0.000000
R 5.374012 -5.374012 0.000000


-106.932478	5238b6510b640
14

R 0.000000 0.000000 0.000000
G 2.687006 2.687006 0.000000
K 5.374012 2.687006 2.687006
W 2.687006 0.000000 2.687006
T 0.000000 0.000000 5.374012
Y 2.687006 2.687006 5.374012
N 0.000000 5.374012 5.374012
G 2.687006 5.374012 2.687006
I 0.000000 2.687006 2.687006
T -2.687006 2.687006 5.374012
Y -2.687006 0.000000 2.687006
E -2.687006 2.687006 0.000000
G -2.687006 5.374012 2.687006
R 0.000000 5.374012 0.000000


-106.910346	b038b3b87b140
14

R 0.000000 0.000000 0.000000
G 2.687006 2.687006 0.000000
K 5.374012 2.687006 2.687006
W 2.687006 5.374012 2.687006
T 0.000000 5.374012 5.374012
Y 2.687006 2.687006 5.374012
N 2.687006 0.000000 2.687006
G 0.000000 0.000000 5.374012
I 0.000000 2.687006 2.687006
T -2.687006 2.687006 5.374012
Y -2.687006 0.000000 2.687006
E -2.687006 2.687006 0.000000
G 0.000000 5.374012 0.000000
R -2.687006 5.374012 2.687006


-106.890173	09b0a0ab89140
14

R 0.000000 0.000000 0.000000
G 2.687006 2.687006 0.000000
K 5.374012 2.687006 2.687006
W 2.687006 5.374012 2.687006
T 2.687006 2.687006 5.374012
Y 2.687006 0.000000 2.687006
N 0.000000 0.000000 5.374012
G -2.687006 0.000000 2.687006
I 0.000000 2.687006 2.687006
T -2.687006 2.687006 0.000000
Y 0.000000 5.374012 0.000000
E -2.687006 5.374012 2.687006
G -2.687006 2.687006 5.374012
R 0.000000 5.374012 5.374012


-106.885270	26a5208162640
14

R 0.000000 0.000000 0.000000
G 2.687006 2.687006 0.000000
K 5.374012 2.687006 2.687006
W 2.687006 0.000000 2.687006
T 2.687006 2.687006 5.374012
Y 0.000000 0.000000 5.374012
N -2.687006 2.687006 5.374012
G -2.687006 0.000000 2.687006
I 0.000000 2.687006 2.687006
T 0.000000 5.374012 5.374012
Y 2.687006 5.374012 2.687006
E 0.000000 5.374012 0.000000
G -2.687006 2.687006 0.000000
R -2.687006 5.374012 2.687006


-106.876153	296516510b640
14

R 0.000000 0.000000 0.000000
G 2.687006 2.687006 0.000000
K 5.374012 2.687006 2.687006
W 2.687006 0.000000 2.687006
T 0.000000 0.000000 5.374012
Y 2.687006 2.687006 5.374012
N 0.000000 5.374012 5.374012
G 2.687006 5.374012 2.687006
I 0.000000 2.687006 2.687006
T -2.687006 5.374012 2.687006
Y 0.000000 5.374012 0.000000
E -2.687006 2.687006 0.000000
G -2.687006 0.000000 2.687006
R -2.687006 2.687006 5.374012


-106.855234	a029a9a30b640
14

R 0.000000 0.000000 0.000000
G 2.687006 2.687006 0.000000
K 5.374012 2.687006 2.687006
W 2.687006 0.000000 2.687006
T 0.000000 0.000000 5.374012
Y 2.687006 2.687006 5.374012
N 2.687006 5.374012 2.687006
G 0.000000 5.374012 0.000000
I 0.000000 2.687006 2.687006
T -2.687006 2.687006 0.000000
Y -2.687006 0.000000 2.687006
E -2.687006 2.687006 5.374012
G 0.000000 5.374012 5.374012
R -2.687006 5.374012 2.687006


-106.852894	8048b6540b610
14

R 0.000000 0.000000 0.000000
G 2.687006 2.687006 0.000000
K 0.000000 5.374012 0.000000
W -2.687006 2.687006 0.000000
T -5.374012 2.687006 2.687006
Y -2.687006 5.374012 2.687006
N 0.000000 5.374012 5.374012
G 2.687006 5.374012 2.687006
I 0.000000 2.687006 2.687006
T -2.687006 2.687006 5.374012
Y -2.687006 0.000000 2.687006
E 0.000000 0.000000 5.374012
G 2.687006 2.687006 5.374012
R 2.687006 0.000000 2.687006


-106.852894	9059a6450a610
14

R 0.000000 0.000000 0.000000
G 2.687006 2.687006 0.000000
K 0.000000 5.374012 0.000000
W -2.687006 2.687006 0.000000
T -5.374012 2.687006 -2.687006
Y -2.687006 5.374012 -2.687006
N 0.000000 5.374012 -5.374012
G 2.687006 5.374012 -2.687006
I 0.000000 2.687006 -2.687006
T -2.687006 2.687006 -5.374012
Y -2.687006 0.000000 -2.687006
E 0.000000 0.000000 -5.374012
G 2.687006 2.687006 -5.374012
R 2.687006 0.000000 -2.687006


-106.838996	36b4343a62640
14

R 0.000000 0.000000 0.000000
G 2.687006 2.687006 0.000000
K 5.374012 2.687006 2.687006
W 2.687006 0.000000 2.687006
T 2.687006 2.687006 5.374012
Y 0.000000 0.000000 5.374012
N -2.687006 0.000000 2.687006
G -2.687006 2.687006 0.000000
I 0.000000 2.687006 2.687006
T 0.000000 5.374012 0.000000
Y 2.687006 5.374012 2.687006
E 0.000000 5.374012 5.374012
G -2.687006 2.687006 5.374012
R -2.687006 5.374012 2.687006


-106.835407	149637ab32640
14

R 0.000000 0.000000 0.000000
G 2.687006 2.687006 0.000000
K 5.374012 2.687006 2.687006
W 2.687006 0.000000 2.687006
T 2.687006 2.687006 5.374012
Y 2.687006 5.374012 2.687006
N 0.000000 5.374012 5.374012
G -2.687006 5.374012 2.687006
I 0.000000 2.687006 2.687006
T 0.000000 5.374012 0.000000
Y -2.687006 2.687006 0.000000
E -2.687006 0.000000 2.687006
G 0.000000 0.000000 5.374012
R -2.687006 2.687006 5.374012


-106.830848	523a956b32640
14

R 0.000000 0.000000 0.000000
G 2.687006 2.687006 0.000000
K 5.374012 2.687006 2.687006
W 2.687006 0.000000 2.687006
T 2.687006 2.687006 5.374012
Y 2.687006 5.374012 2.687006
N 0.000000 5.374012 5.374012
G -2.687006 2.687006 5.374012
I 0.000000 2.687006 2.687006
T 0.000000 0.000000 5.374012
Y -2.687006 0.000000 2.687006
E -2.687006 2.687006 0.000000
G -2.687006 5.374012 2.687006
R 0.000000 5.374012 0.000000


-106.811387	ab8725926a140
14

R 0.000000 0.000000 0.000000
G 2.687006 2.687006 0.000000
K 5.374012 2.687006 2.687006
W 2.687006 5.374012 2.687006
T 0.000000 5.374012 0.000000
Y -2.687006 2.687006 0.000000
N -2.687006 5.374012 2.687006
G -2.687006 2.687006 5.374012
I 0.000000 2.687006 2.687006
T 0.000000 5.374012 5.374012
Y 2.687006 2.687006 5.374012
E 2.687006 0.000000 2.687006
G 0.000000 0.000000 5.374012
R -2.687006 0.000000 2.687006


-106.795113	14981187b42a0
14

R 0.000000 0.000000 0.000000
G 2.687006 2.687006 0.000000
K 0.000000 2.687006 -2.687006
W 0.000000 5.374012 0.000000
T 2.687006 5.374012 2.687006
Y 0.000000 5.374012 5.374012
N 2.687006 2.687006 5.374012
G 2.687006 0.000000 2.687006
I 0.000000 2.687006 2.687006
T -2.687006 5.374012 2.687006
Y -2.687006 2.687006 0.000000
E -2.687006 0.000000 2.687006
G 0.000000 0.000000 5.374012
R -2.687006 2.687006 5.374012


-106.785529	4314646a32640
14

R 0.000000 0.000000 0.000000
G 2.687006 2.687006 0.000000
K 5.374012 2.687006 2.687006
W 2.687006 0.000000 2.687006
T 2.687006 2.687006 5.374012
Y 2.687006 5.374012 2.687006
N 0.000000 5.374012 0.000000
G -2.687006 2.687006 0.000000
I 0.000000 2.687006 2.687006
T -2.687006 0.000000 2.687006
Y 0.000000 0.000000 5.374012
E -2.687006 2.687006 5.374012
G -2.687006 5.374012 2.687006
R 0.000000 5.374012 5.374012


-106.784351	01627098ba140
14

R 0.000000 0.000000 0.000000
G 2.687006 2.687006 0.000000
K 5.374012 2.687006 2.687006
W 2.687006 5.374012 2.687006
T 0.000000 5.374012 0.000000
Y -2.687006 5.374012 2.687006
N -2.687006 2.687006 0.000000
G -2.687006 0.000000 2.687006
I 0.000000 2.687006 2.687006
T 2.687006 0.000000 2.687006
Y 2.687006 2.687006 5.374012
E 0.000000 0.000000 5.374012
G -2.687006 2.687006 5.374012
R 0.000000 5.374012 5.374012


-106.776189	26a5252a62640
14

R 0.000000 0.000000 0.000000
G 2.687006 2.687006 0.000000
K 5.374012 2.687006 2.687006
W 2.687006 0.000000 2.687006
T 2.687006 2.687006 5.374012
Y 0.000000 0.000000 5.374012
N -2.687006 0.000000 2.687006
G -2.687006 2.687006 5.374012
I 0.000000 2.687006 2.687006
T 0.000000 5.374012 5.374012
Y 2.687006 5.374012 2.687006
E 0.000000 5.374012 0.000000
G -2.687006 2.687006 0.000000
R -2.687006 5.374012 2.687006


-106.775859	36b4343ab8b40
14

R 0.000000 0.000000 0.000000
G 2.687006 2.687006 0.000000
K 5.374012 2.687006 2.687006
W 2.687006 2.687006 5.374012
T 2.687006 0.000000 2.687006
Y 0.000000 0.000000 5.374012
N -2.687006 0.000000 2.687006
G -2.687006 2.687006 0.000000
I 0.000000 2.687006 2.687006
T 0.000000 5.374012 0.000000
Y 2.687006 5.374012 2.687006
E 0.000000 5.374012 5.374012
G -2.687006 2.687006 5.374012
R -2.687006 5.374012 2.687006


-106.746153	81b848b452ba0
14

R 0.000000 0.000000 0.000000
G 2.687006 2.687006 0.000000
K 0.000000 2.687006 -2.687006
W -2.687006 2.687006 0.000000
T -2.687006 5.374012 2.687006
Y 0.000000 5.374012 0.000000
N 2.687006 5.374012 2.687006
G 0.000000 5.374012 5.374012
I 0.000000 2.687006 2.687006
T 2.687006 2.687006 5.374012
Y 2.687006 0.000000 2.687006
E 0.000000 0.000000 5.374012
G -2.687006 2.687006 5.374012
R -2.687006 0.000000 2.687006


-106.745062	54b7aa92485a0
14

R 0.000000 0.000000 0.000000
G 2.687006 2.687006 0.000000
K 0.000000 2.687006 -2.687006
W 2.687006 2.687006 -5.374012
T 2.687006 0.000000 -8.061017
Y 5.374012 0.000000 -5.374012
N 5.374012 2.687006 -2.687006
G 5.374012 0.000000 0.000000
I 2.687006 0.000000 -2.687006
T 0.000000 0.000000 -5.374012
Y 2.687006 -2.687006 -5.374012
E 0.000000 -2.687006 -2.687006
G 2.687006 -2.687006 0.000000
R 5.374012 -2.687006 -2.687006


-106.738372	81627908ab140
14

R 0.000000 0.000000 0.000000
G 2.687006 2.687006 0.000000
K 5.374012 2.687006 2.687006
W 2.687006 5.374012 2.687006
T 0.000000 5.374012 5.374012
Y -2.687006 5.374012 2.687006
N -2.687006 2.687006 0.000000
G 0.000000 5.374012 0.000000
I 0.000000 2.687006 2.687006
T 2.687006 0.000000 2.687006
Y 2.687006 2.687006 5.374012
E 0.000000 0.000000 5.374012
G -2.687006 2.687006 5.374012
R -2.687006 0.000000 2.687006


-106.734904	816278426a140
14

R 0.000000 0.000000 0.000000
G 2.687006 2.687006 0.000000
K 5.374012 2.687006 2.687006
W 2.687006 5.374012 2.687006
T 0.000000 5.374012 0.000000
Y -2.687006 2.687006 0.000000
N -2.687006 5.374012 2.687006
G 0.000000 5.374012 5.374012
I 0.000000 2.687006 2.687006
T 2.687006 0.000000 2.687006
Y 2.687006 2.687006 5.374012
E 0.000000 0.000000 5.374012
G -2.687006 2.687006 5.374012
R -2.687006 0.000000 2.687006


-106.730884	329631567b140
14

R 0.000000 0.000000 0.000000
G 2.687006 2.687006 0.000000
K 5.374012 2.687006 2.687006
W 2.687006 5.374012 2.687006
T 0.000000 5.374012 5.374012
Y 2.687006 2.687006 5.374012
N 0.000000 0.000000 5.374012
G 2.687006 0.000000 2.687006
I 0.000000 2.687006 2.687006
T 0.000000 5.374012 0.000000
Y -2.687006 2.687006 0.000000
E -2.687006 0.000000 2.687006
G -2.687006 2.687006 5.374012
R -2.687006 5.374012 2.687006


-106.719930	7a327415a7640
14

R 0.000000 0.000000 0.000000
G 2.687006 2.687006 0.000000
K 5.374012 2.687006 2.687006
W 2.687006 0.000000 2.687006
T 5.374012 -2.687006 2.687006
Y 2.687006 -2.687006 0.000000
N 5.374012 -2.687006 -2.687006
G 2.687006 0.000000 -2.687006
I 5.374012 0.000000 0.000000
T 8.061017 -2.687006 0.000000
Y 8.061017 0.000000 2.687006
E 8.061017 2.687006 0.000000
G 5.374012 2.687006 -2.687006
R 8.061017 0.000000 -2.687006


-106.709427	5238b8b30b640
14

R 0.000000 0.000000 0.000000
G 2.687006 2.687006 0.000000
K 5.374012 2.687006 2.687006
W 2.687006 0.000000 2.687006
T 0.000000 0.000000 5.374012
Y 2.687006 2.687006 5.374012
N 2.687006 5.374012 2.687006
G 0.000000 5.374012 5.374012
I 0.000000 2.687006 2.687006
T -2.687006 2.687006 5.374012
Y -2.687006 0.000000 2.687006
E -2.687006 2.687006 0.000000
G -2.687006 5.374012 2.687006
R 0.000000 5.374012 0.000000


-106.700798	296511567b140
14

R 0.000000 0.000000 0.000000
G 2.687006 2.687006 0.000000
K 5.374012 2.687006 2.687006
W 2.687006 5.374012 2.687006
T 0.000000 5.374012 5.374012
Y 2.687006 2.687006 5.374012
N 0.000000 0.000000 5.374012
G 2.687006 0.000000 2.687006
I 0.000000 2.687006 2.687006
T -2.687006 5.374012 2.687006
Y 0.000000 5.374012 0.000000
E -2.687006 2.687006 0.000000
G -2.687006 0.000000 2.687006
R -2.687006 2.687006 5.374012


-106.698910	4b03651b89140
14

R 0.000000 0.000000 0.000000
G 2.687006 2.687006 0.000000
K 5.374012 2.687006 2.687006
W 2.687006 5.374012 2.687006
T 2.687006 2.687006 5.374012
Y 2.687006 0.000000 2.687006
N 0.000000 0.000000 5.374012
G -2.687006 2.687006 5.374012
I 0.000000 2.687006 2.687006
T -2.687006 0.000000 2.687006
Y -2.687006 2.687006 0.000000
E 0.000000 5.374012 0.000000
G -2.687006 5.374012 2.687006
R 0.000000 5.374012 5.374012


-106.690138	5238b1567b140
14

R 0.000000 0.000000 0.000000
G 2.687006 2.687006 0.000000
K 5.374012 2.687006 2.687006
W 2.687006 5.374012 2.687006
T 0.000000 5.374012 5.374012
Y 2.687006 2.687006 5.374012
N 0.000000 0.000000 5.374012
G 2.687006 0.000000 2.687006
I 0.000000 2.687006 2.687006
T -2.687006 2.687006 5.374012
Y -2.687006 0.000000 2.687006
E -2.687006 2.687006 0.000000
G -2.687006 5.374012 2.687006
R 0.000000 5.374012 0.000000


-106.689549	2548b6540b610
14

R 0.000000 0.000000 0.000000
G 2.687006 2.687006 0.000000
K 0.000000 5.374012 0.000000
W -2.687006 2.687006 0.000000
T -5.374012 2.687006 2.687006
Y -2.687006 5.374012 2.687006
N 0.000000 5.374012 5.374012
G 2.687006 5.374012 2.687006
I 0.000000 2.687006 2.687006
T -2.687006 2.687006 5.374012
Y -2.687006 0.000000 2.687006
E 0.000000 0.000000 5.374012
G 2.687006 0.000000 2.687006
R 2.687006 2.687006 5.374012


-106.689549	3459a6450a610
14

R 0.000000 0.000000 0.000000
G 2.687006 2.687006 0.000000
K 0.000000 5.374012 0.000000
W -2.687006 2.687006 0.000000
T -5.374012 2.687006 -2.687006
Y -2.687006 5.374012 -2.687006
N 0.000000 5.374012 -5.374012
G 2.687006 5.374012 -2.687006
I 0.000000 2.687006 -2.687006
T -2.687006 2.687006 -5.374012
Y -2.687006 0.000000 -2.687006
E 0.000000 0.000000 -5.374012
G 2.687006 0.000000 -2.687006
R 2.687006 2.687006 -5.374012


-106.662478	9ab34903ab640
14

R 0.000000 0.000000 0.000000
G 2.687006 2.687006 0.000000
K 5.374012 2.687006 2.687006
W 2.687006 0.000000 2.687006
T 0.000000 0.000000 5.374012
Y -2.687006 0.000000 2.687006
N -2.687006 2.687006 0.000000
G 0.000000 5.374012 0.000000
I 0.000000 2.687006 2.687006
T 2.687006 2.687006 5.374012
Y 2.687006 5.374012 2.687006
E 0.000000 5.374012 5.374012
G -2.687006 5.374012 2.687006
R -2.687006 2.687006 5.374012


-106.661265	8452a1457a610
14

R 0.000000 0.000000 0.000000
G 2.687006 2.687006 0.000000
K 0.000000 5.374012 0.000000
W -2.687006 2.687006 0.000000
T -5.374012 2.687006 -2.687006
Y -2.687006 0.000000 -2.687006
N 0.000000 0.000000 -5.374012
G 2.687006 0.000000 -2.687006
I 0.000000 2.687006 -2.687006
T -2.687006 2.687006 -5.374012
Y -2.687006 5.374012 -2.687006
E 0.000000 5.374012 -5.374012
G 2.687006 5.374012 -2.687006
R 2.687006 2.687006 -5.374012


-106.661265	9543b1547b610
14

R 0.000000 0.000000 0.000000
G 2.687006 2.687006 0.000000
K 0.000000 5.374012 0.000000
W -2.687006 2.687006 0.000000
T -5.374012 2.687006 2.687006
Y -2.687006 0.000000 2.687006
N 0.000000 0.000000 5.374012
G 2.687006 0.000000 2.687006
I 0.000000 2.687006 2.687006
T -2.687006 2.687006 5.374012
Y -2.687006 5.374012 2.687006
E 0.000000 5.374012 5.374012
G 2.687006 5.374012 2.687006
R 2.687006 2.687006 5.374012


-106.651889	4162795a91140
14

R 0.000000 0.000000 0.000000
G 2.687006 2.687006 0.000000
K 5.374012 2.687006 2.687006
W 2.687006 5.374012 2.687006
T 0.000000 8.061017 2.687006
Y 0.000000 5.374012 5.374012
N -2.687006 5.374012 2.687006
G 0.000000 5.374012 0.000000
I 0.000000 2.687006 2.687006
T 2.687006 0.000000 2.687006
Y 2.687006 2.687006 5.374012
E 0.000000 0.000000 5.374012
G -2.687006 2.687006 5.374012
R 0.000000 2.687006 8.061017


-106.646204	029819a30b640
14

R 0.000000 0.000000 0.000000
G 2.687006 2.687006 0.000000
K 5.374012 2.687006 2.687006
W 2.687006 0.000000 2.687006
T 0.000000 0.000000 5.374012
Y 2.687006 2.687006 5.374012
N 2.687006 5.374012 2.687006
G 0.000000 5.374012 0.000000
I 0.000000 2.687006 2.687006
T -2.687006 5.374012 2.687006
Y -2.687006 2.687006 0.000000
E -2.687006 0.000000 2.687006
G -2.687006 2.687006 5.374012
R 0.000000 5.374012 5.374012


-106.636361	298b31567b140
14

R 0.000000 0.000000 0.000000
G 2.687006 2.687006 0.000000
K 5.374012 2.687006 2.687006
W 2.687006 5.374012 2.687006
T 0.000000 5.374012 5.374012
Y 2.687006 2.687006 5.374012
N 0.000000 0.000000 5.374012
G 2.687006 0.000000 2.687006
I 0.000000 2.687006 2.687006
T 0.000000 5.374012 0.000000
Y -2.687006 5.374012 2.687006
E -2.687006 2.687006 0.000000
G -2.687006 0.000000 2.687006
R -2.687006 2.687006 5.374012


-106.634976	01b84098ba140
14

R 0.000000 0.000000 0.000000
G 2.687006 2.687006 0.000000
K 5.374012 2.687006 2.687006
W 2.687006 5.374012 2.687006
T 0.000000 5.374012 0.000000
Y -2.687006 5.374012 2.687006
N -2.687006 2.687006 0.000000
G -2.687006 0.000000 2.687006
I 0.000000 2.687006 2.687006
T 2.687006 2.687006 5.374012
Y 2.687006 0.000000 2.687006
E 0.000000 0.000000 5.374012
G -2.687006 2.687006 5.374012
R 0.000000 5.374012 5.374012


-106.603224	64ba0a2549ba0
14

R 0.000000 0.000000 0.000000
G 2.687006 2.687006 0.000000
K 0.000000 2.687006 -2.687006
W -2.687006 2.687006 0.000000
T -2.687006 0.000000 2.687006
Y 0.000000 0.000000 5.374012
N 2.687006 0.000000 2.687006
G 2.687006 2.687006 5.374012
I 0.000000 2.687006 2.687006
T 2.687006 5.374012 2.687006
Y 0.000000 5.374012 0.000000
E -2.687006 5.374012 2.687006
G 0.000000 5.374012 5.374012
R -2.687006 2.687006 5.374012


-106.576448	329633b87b140
14

R 0.000000 0.000000 0.000000
G 2.687006 2.687006 0.000000
K 5.374012 2.687006 2.687006
W 2.687006 5.374012 2.687006
T 0.000000 5.374012 5.374012
Y 2.687006 2.687006 5.374012
N 2.687006 0.000000 2.687006
G 0.000000 0.000000 5.374012
I 0.000000 2.687006 2.687006
T 0.000000 5.374012 0.000000
Y -2.687006 2.687006 0.000000
E -2.687006 0.000000 2.687006
G -2.687006 2.687006 5.374012
R -2.687006 5.374012 2.687006


-106.570798	8048b8b452ba0
14

R 0.000000 0.000000 0.000000
G 2.687006 2.687006 0.000000
K 0.000000 2.687006 -2.687006
W -2.687006 2.687006 0.000000
T -2.687006 5.374012 2.687006
Y 0.000000 5.374012 0.000000
N 2.687006 5.374012 2.687006
G 0.000000 5.374012 5.374012
I 0.000000 2.687006 2.687006
T -2.687006 2.687006 5.374012
Y -2.687006 0.000000 2.687006
E 0.000000 0.000000 5.374012
G 2.687006 2.687006 5.374012
R 2.687006 0.000000 2.687006


-106.563052	32ab746a51b40
14

R 0.000000 0.000000 0.000000
G 2.687006 2.687006 0.000000
K 5.374012 2.687006 2.687006
W 2.687006 2.687006 5.374012
T 0.000000 5.374012 5.374012
Y 2.687006 5.374012 2.687006
N 0.000000 5.374012 0.000000
G -2.687006 2.687006 0.000000
I 0.000000 2.687006 2.687006
T 2.687006 0.000000 2.687006
Y 0.000000 0.000000 5.374012
E -2.687006 0.000000 2.687006
G -2.687006 2.687006 5.374012
R -2.687006 5.374012 2.687006


-106.563052	26a5252ab8b40
14

R 0.000000 0.000000 0.000000
G 2.687006 2.687006 0.000000
K 5.374012 2.687006 2.687006
W 2.687006 2.687006 5.374012
T 2.687006 0.000000 2.687006
Y 0.000000 0.000000 5.374012
N -2.687006 0.000000 2.687006
G -2.687006 2.687006 5.374012
I 0.000000 2.687006 2.687006
T 0.000000 5.374012 5.374012
Y 2.687006 5.374012 2.687006
E 0.000000 5.374012 0.000000
G -2.687006 2.687006 0.000000
R -2.687006 5.374012 2.687006


-106.557488	81627465ab140
14

R 0.000000 0.000000 0.000000
G 2.687006 2.687006 0.000000
K 5.374012 2.687006 2.687006
W 2.687006 5.374012 2.687006
T 0.000000 5.374012 5.374012
Y -2.687006 5.374012 2.687006
N 0.000000 5.374012 0.000000
G -2.687006 2.687006 0.000000
I 0.000000 2.687006 2.687006
T 2.687006 0.000000 2.687006
Y 2.687006 2.687006 5.374012
E 0.000000 0.000000 5.374012
G -2.687006 2.687006 5.374012
R -2.687006 0.000000 2.687006


-106.545026	2a6278426a140
14

R 0.000000 0.000000 0.000000
G 2.687006 2.687006 0.000000
K 5.374012 2.687006 2.687006
W 2.687006 5.374012 2.687006
T 0.000000 5.374012 0.000000
Y -2.687006 2.687006 0.000000
N -2.687006 5.374012 2.687006
G 0.000000 5.374012 5.374012
I 0.000000 2.687006 2.687006
T 2.687006 0.000000 2.687006
Y 2.687006 2.687006 5.374012
E 0.000000 0.000000 5.374012
G -2.687006 0.000000 2.687006
R -2.687006 2.687006 5.374012


-106.539463	432a946a32640
14

R 0.000000 0.000000 0.000000
G 2.687006 2.687006 0.000000
K 5.374012 2.687006 2.687006
W 2.687006 0.000000 2.687006
T 2.687006 2.687006 5.374012
Y 2.687006 5.374012 2.687006
N 0.000000 5.374012 0.000000
G -2.687006 2.687006 0.000000
I 0.000000 2.687006 2.687006
T 0.000000 0.000000 5.374012
Y -2.687006 0.000000 2.687006
E -2.687006 2.687006 5.374012
G -2.687006 5.374012 2.687006
R 0.000000 5.374012 5.374012


-106.524057	26a34802ab640
14

R 0.000000 0.000000 0.000000
G 2.687006 2.687006 0.000000
K 5.374012 2.687006 2.687006
W 2.687006 0.000000 2.687006
T 0.000000 0.000000 5.374012
Y -2.687006 0.000000 2.687006
N -2.687006 2.687006 5.374012
G 0.000000 5.374012 5.374012
I 0.000000 2.687006 2.687006
T 2.687006 2.687006 5.374012
Y 2.687006 5.374012 2.687006
E 0.000000 5.374012 0.000000
G -2.687006 2.687006 0.000000
R -2.687006 5.374012 2.687006


-106.520123	02ab7a9452ba0
14

R 0.000000 0.000000 0.000000
G 2.687006 2.687006 0.000000
K 0.000000 2.687006 -2.687006
W -2.687006 2.687006 0.000000
T -2.687006 5.374012 2.687006
Y 0.000000 5.374012 0.000000
N 2.687006 5.374012 2.687006
G 2.687006 2.687006 5.374012
I 0.000000 2.687006 2.687006
T 2.687006 0.000000 2.687006
Y 0.000000 0.000000 5.374012
E -2.687006 0.000000 2.687006
G -2.687006 2.687006 5.374012
R 0.000000 5.374012 5.374012


-106.520123	09ba0a2549ba0
14

R 0.000000 0.000000 0.000000
G 2.687006 2.687006 0.000000
K 0.000000 2.687006 -2.687006
W -2.687006 2.687006 0.000000
T -2.687006 0.000000 2.687006
Y 0.000000 0.000000 5.374012
N 2.687006 0.000000 2.687006
G 2.687006 2.687006 5.374012
I 0.000000 2.687006 2.687006
T 2.687006 5.374012 2.687006
Y 0.000000 5.374012 0.000000
E -2.687006 5.374012 2.687006
G -2.687006 2.687006 5.374012
R 0.000000 5.374012 5.374012


-106.507158	ba3724381b640
14

R 0.000000 0.000000 0.000000
G 2.687006 2.687006 0.000000
K 5.374012 2.687006 2.687006
W 2.687006 0.000000 2.687006
T 0.000000 0.000000 5.374012
Y -2.687006 2.687006 5.374012
N -2.687006 0.000000 2.687006
G -2.687006 2.687006 0.000000
I 0.000000 2.687006 2.687006
T 0.000000 5.374012 5.374012
Y 2.687006 2.687006 5.374012
E 2.687006 5.374012 2.687006
G 0.000000 5.374012 0.000000
R -2.687006 5.374012 2.687006


-106.506742	298b38b30b640
14

R 0.000000 0.000000 0.000000
G 2.687006 2.687006 0.000000
K 5.374012 2.687006 2.687006
W 2.687006 0.000000 2.687006
T 0.000000 0.000000 5.374012
Y 2.687006 2.687006 5.374012
N 2.687006 5.374012 2.687006
G 0.000000 5.374012 5.374012
I 0.000000 2.687006 2.687006
T 0.000000 5.374012 0.000000
Y -2.687006 5.374012 2.687006
E -2.687006 2.687006 0.000000
G -2.687006 0.000000 2.687006
R -2.687006 2.687006 5.374012


-106.500052	18b2795a91140
14

R 0.000000 0.000000 0.000000
G 2.687006 2.687006 0.000000
K 5.374012 2.687006 2.687006
W 2.687006 5.374012 2.687006
T 0.000000 8.061017 2.687006
Y 0.000000 5.374012 5.374012
N -2.687006 5.374012 2.687006
G 0.000000 5.374012 0.000000
I 0.000000 2.687006 2.687006
T 2.687006 0.000000 2.687006
Y 2.687006 2.687006 5.374012
E 0.000000 2.687006 8.061017
G 0.000000 0.000000 5.374012
R -2.687006 2.687006 5.374012


-106.496031	42ab795ab3b40
14

R 0.000000 0.000000 0.000000
G 2.687006 2.687006 0.000000
K 5.374012 2.687006 2.687006
W 2.687006 2.687006 5.374012
T 2.687006 5.374012 2.687006
Y 0.000000 5.374012 5.374012
N -2.687006 5.374012 2.687006
G 0.000000 5.374012 0.000000
I 0.000000 2.687006 2.687006
T 2.687006 0.000000 2.687006
Y 0.000000 0.000000 5.374012
E -2.687006 0.000000 2.687006
G -2.687006 2.687006 5.374012
R 0.000000 2.687006 8.061017


-106.492306	2ab848426a140
14

R 0.000000 0.000000 0.000000
G 2.687006 2.687006 0.000000
K 5.374012 2.687006 2.687006
W 2.687006 5.374012 2.687006
T 0.000000 5.374012 0.000000
Y -2.687006 2.687006 0.000000
N -2.687006 5.374012 2.687006
G 0.000000 5.374012 5.374012
I 0.000000 2.687006 2.687006
T 2.687006 2.687006 5.374012
Y 2.687006 0.000000 2.687006
E 0.000000 0.000000 5.374012
G -2.687006 0.000000 2.687006
R -2.687006 2.687006 5.374012


-106.482600	36b34903ab640
14

R 0.000000 0.000000 0.000000
G 2.687006 2.687006 0.000000
K 5.374012 2.687006 2.687006
W 2.687006 0.000000 2.687006
T 0.000000 0.000000 5.374012
Y -2.687006 0.000000 2.687006
N -2.687006 2.687006 0.000000
G 0.000000 5.374012 0.000000
I 0.000000 2.687006 2.687006
T 2.687006 2.687006 5.374012
Y 2.687006 5.374012 2.687006
E 0.000000 5.374012 5.374012
G -2.687006 2.687006 5.374012
R -2.687006 5.374012 2.687006


-106.480123	a5690b7038640
14

R 0.000000 0.000000 0.000000
G 2.687006 2.687006 0.000000
K 5.374012 2.687006 2.687006
W 2.687006 0.000000 2.687006
T 2.687006 -2.687006 0.000000
Y 2.687006 0.000000 -2.687006
N 5.374012 2.687006 -2.687006
G 8.061017 0.000000 -2.687006
I 5.374012 0.000000 0.000000
T 8.061017 2.687006 0.000000
Y 8.061017 0.000000 2.687006
E 5.374012 -2.687006 2.687006
G 8.061017 -2.687006 0.000000
R 5.374012 -2.687006 -2.687006


-106.473519	8ba34802ab640
14

R 0.000000 0.000000 0.000000
G 2.687006 2.687006 0.000000
K 5.374012 2.687006 2.687006
W 2.687006 0.000000 2.687006
T 0.000000 0.000000 5.374012
Y -2.687006 0.000000 2.687006
N -2.687006 2.687006 5.374012
G 0.000000 5.374012 5.374012
I 0.000000 2.687006 2.687006
T 2.687006 2.687006 5.374012
Y 2.687006 5.374012 2.687006
E 0.000000 5.374012 0.000000
G -2.687006 5.374012 2.687006
R -2.687006 2.687006 0.000000


-106.465113	03a7b7ab32640
14

R 0.000000 0.000000 0.000000
G 2.687006 2.687006 0.000000
K 5.374012 2.687006 2.687006
W 2.687006 0.000000 2.687006
T 2.687006 2.687006 5.374012
Y 2.687006 5.374012 2.687006
N 0.000000 5.374012 5.374012
G -2.687006 5.374012 2.687006
I 0.000000 2.687006 2.687006
T -2.687006 2.687006 5.374012
Y 0.000000 0.000000 5.374012
E -2.687006 0.000000 2.687006
G -2.687006 2.687006 0.000000
R 0.000000 5.374012 0.000000


-106.465113	08a0b0ab89140
14

R 0.000000 0.000000 0.000000
G 2.687006 2.687006 0.000000
K 5.374012 2.687006 2.687006
W 2.687006 5.374012 2.687006
T 2.687006 2.687006 5.374012
Y 2.687006 0.000000 2.687006
N 0.000000 0.000000 5.374012
G -2.687006 0.000000 2.687006
I 0.000000 2.687006 2.687006
T -2.687006 2.687006 5.374012
Y 0.000000 5.374012 5.374012
E -2.687006 5.374012 2.687006
G -2.687006 2.687006 0.000000
R 0.000000 5.374012 0.000000


-106.464021	a262795a91140
14

R 0.000000 0.000000 0.000000
G 2.687006 2.687006 0.000000
K 5.374012 2.687006 2.687006
W 2.687006 5.374012 2.687006
T 0.000000 8.061017 2.687006
Y 0.000000 5.374012 5.374012
N -2.687006 5.374012 2.687006
G 0.000000 5.374012 0.000000
I 0.000000 2.687006 2.687006
T 2.687006 0.000000 2.687006
Y 2.687006 2.687006 5.374012
E 0.000000 0.000000 5.374012
G 0.000000 2.687006 8.061017
R -2.687006 2.687006 5.374012


-106.460884	257266540b610
14

R 0.000000 0.000000 0.000000
G 2.687006 2.687006 0.000000
K 0.000000 5.374012 0.000000
W -2.687006 2.687006 0.000000
T -5.374012 2.687006 2.687006
Y -2.687006 5.374012 2.687006
N 0.000000 5.374012 5.374012
G 2.687006 5.374012 2.687006
I 0.000000 2.687006 2.687006
T -2.687006 0.000000 2.687006
Y -2.687006 2.687006 5.374012
E 0.000000 0.000000 5.374012
G 2.687006 0.000000 2.687006
R 2.687006 2.687006 5.374012


-106.460884	347366450a610
14

R 0.000000 0.000000 0.000000
G 2.687006 2.687006 0.000000
K 0.000000 5.374012 0.000000
W -2.687006 2.687006 0.000000
T -5.374012 2.687006 -2.687006
Y -2.687006 5.374012 -2.687006
N 0.000000 5.374012 -5.374012
G 2.687006 5.374012 -2.687006
I 0.000000 2.687006 -2.687006
T -2.687006 0.000000 -2.687006
Y -2.687006 2.687006 -5.374012
E 0.000000 0.000000 -5.374012
G 2.687006 0.000000 -2.687006
R 2.687006 2.687006 -5.374012


-106.460001	26a52081b8b40
14

R 0.000000 0.000000 0.000000
G 2.687006 2.687006 0.000000
K 5.374012 2.687006 2.687006
W 2.687006 2.687006 5.374012
T 2.687006 0.000000 2.687006
Y 0.000000 0.000000 5.374012
N -2.687006 2.687006 5.374012
G -2.687006 0.000000 2.687006
I 0.000000 2.687006 2.687006
T 0.000000 5.374012 5.374012
Y 2.687006 5.374012 2.687006
E 0.000000 5.374012 0.000000
G -2.687006 2.687006 0.000000
R -2.687006 5.374012 2.687006


-106.444524	6354659a3b940
14

R 0.000000 0.000000 0.000000
G 2.687006 2.687006 0.000000
K 5.374012 2.687006 2.687006
W 5.374012 0.000000 5.374012
T 2.687006 0.000000 8.061017
Y 2.687006 2.687006 5.374012
N 0.000000 2.687006 2.687006
G 0.000000 0.000000 5.374012
I 2.687006 0.000000 2.687006
T 0.000000 -2.687006 2.687006
Y 2.687006 -2.687006 5.374012
E 5.374012 -2.687006 2.687006
G 5.374012 0.000000 0.000000
R 2.687006 -2.687006 0.000000


-106.435443	8ba5252a62640
14

R 0.000000 0.000000 0.000000
G 2.687006 2.687006 0.000000
K 5.374012 2.687006 2.687006
W 2.687006 0.000000 2.687006
T 2.687006 2.687006 5.374012
Y 0.000000 0.000000 5.374012
N -2.687006 0.000000 2.687006
G -2.687006 2.687006 5.374012
I 0.000000 2.687006 2.687006
T 0.000000 5.374012 5.374012
Y 2.687006 5.374012 2.687006
E 0.000000 5.374012 0.000000
G -2.687006 5.374012 2.687006
R -2.687006 2.687006 0.000000


-106.434610	2752a1457a610
14

R 0.000000 0.000000 0.000000
G 2.687006 2.687006 0.000000
K 0.000000 5.374012 0.000000
W -2.687006 2.687006 0.000000
T -5.374012 2.687006 -2.687006
Y -2.687006 0.000000 -2.687006
N 0.000000 0.000000 -5.374012
G 2.687006 0.000000 -2.687006
I 0.000000 2.687006 -2.687006
T -2.687006 2.687006 -5.374012
Y -2.687006 5.374012 -2.687006
E 0.000000 5.374012 -5.374012
G 2.687006 2.687006 -5.374012
R 2.687006 5.374012 -2.687006


-106.434610	3743b1547b610
14

R 0.000000 0.000000 0.000000
G 2.687006 2.687006 0.000000
K 0.000000 5.374012 0.000000
W -2.687006 2.687006 0.000000
T -5.374012 2.687006 2.687006
Y -2.687006 0.000000 2.687006
N 0.000000 0.000000 5.374012
G 2.687006 0.000000 2.687006
I 0.000000 2.687006 2.687006
T -2.687006 2.687006 5.374012
Y -2.687006 5.374012 2.687006
E 0.000000 5.374012 5.374012
G 2.687006 2.687006 5.374012
R 2.687006 5.374012 2.687006


-106.431803	61259098ba140
14

R 0.000000 0.000000 0.000000
G 2.687006 2.687006 0.000000
K 5.374012 2.687006 2.687006
W 2.687006 5.374012 2.687006
T 0.000000 5.374012 0.000000
Y -2.687006 5.374012 2.687006
N -2.687006 2.687006 0.000000
G -2.687006 0.000000 2.687006
I 0.000000 2.687006 2.687006
T 0.000000 0.000000 5.374012
Y 2.687006 0.000000 2.687006
E 2.687006 2.687006 5.374012
G 0.000000 5.374012 5.374012
R -2.687006 2.687006 5.374012


-106.416656	63546a549ab40
14

R 0.000000 0.000000 0.000000
G 2.687006 2.687006 0.000000
K 5.374012 2.687006 2.687006
W 2.687006 2.687006 5.374012
T 0.000000 2.687006 2.687006
Y 0.000000 0.000000 5.374012
N 2.687006 0.000000 8.061017
G 5.374012 0.000000 5.374012
I 2.687006 0.000000 2.687006
T 0.000000 -2.687006 2.687006
Y 2.687006 -2.687006 5.374012
E 5.374012 -2.687006 2.687006
G 5.374012 0.000000 0.000000
R 2.687006 -2.687006 0.000000


-106.415026	892636510b640
14

R 0.000000 0.000000 0.000000
G 2.687006 2.687006 0.000000
K 5.374012 2.687006 2.687006
W 2.687006 0.000000 2.687006
T 0.000000 0.000000 5.374012
Y 2.687006 2.687006 5.374012
N 0.000000 5.374012 5.374012
G 2.687006 5.374012 2.687006
I 0.000000 2.687006 2.687006
T 0.000000 5.374012 0.000000
Y -2.687006 2.687006 0.000000
E -2.687006 5.374012 2.687006
G -2.687006 2.687006 5.374012
R -2.687006 0.000000 2.687006


-106.405615	38943415a7640
14

R 0.000000 0.000000 0.000000
G 2.687006 2.687006 0.000000
K 5.374012 2.687006 2.687006
W 2.687006 0.000000 2.687006
T 5.374012 -2.687006 2.687006
Y 2.687006 -2.687006 0.000000
N 5.374012 -2.687006 -2.687006
G 2.687006 0.000000 -2.687006
I 5.374012 0.000000 0.000000
T 5.374012 2.687006 -2.687006
Y 8.061017 2.687006 0.000000
E 8.061017 0.000000 2.687006
G 8.061017 -2.687006 0.000000
R 8.061017 0.000000 -2.687006


-106.402600	840811457a610
14

R 0.000000 0.000000 0.000000
G 2.687006 2.687006 0.000000
K 0.000000 5.374012 0.000000
W -2.687006 2.687006 0.000000
T -5.374012 2.687006 -2.687006
Y -2.687006 0.000000 -2.687006
N 0.000000 0.000000 -5.374012
G 2.687006 0.000000 -2.687006
I 0.000000 2.687006 -2.687006
T -2.687006 5.374012 -2.687006
Y -2.687006 2.687006 -5.374012
E 0.000000 5.374012 -5.374012
G 2.687006 5.374012 -2.687006
R 2.687006 2.687006 -5.374012


-106.402600	950911547b610
14

R 0.000000 0.000000 0.000000
G 2.687006 2.687006 0.000000
K 0.000000 5.374012 0.000000
W -2.687006 2.687006 0.000000
T -5.374012 2.687006 2.687006
Y -2.687006 0.000000 2.687006
N 0.000000 0.000000 5.374012
G 2.687006 0.000000 2.687006
I 0.000000 2.687006 2.687006
T -2.687006 5.374012 2.687006
Y -2.687006 2.687006 5.374012
E 0.000000 5.374012 5.374012
G 2.687006 5.374012 2.687006
R 2.687006 2.687006 5.374012


-106.395859	09ba018049ba0
14

R 0.000000 0.000000 0.000000
G 2.687006 2.687006 0.000000
K 0.000000 2.687006 -2.687006
W -2.687006 2.687006 0.000000
T -2.687006 0.000000 2.687006
Y 0.000000 0.000000 5.374012
N 2.687006 2.687006 5.374012
G 2.687006 0.000000 2.687006
I 0.000000 2.687006 2.687006
T 2.687006 5.374012 2.687006
Y 0.000000 5.374012 0.000000
E -2.687006 5.374012 2.687006
G -2.687006 2.687006 5.374012
R 0.000000 5.374012 5.374012


