-53.681703	7217630
8

G 0.000000 0.000000 0.000000
C 2.193931 2.193931 -2.193931
V 0.000000 0.000000 -4.387862
L 2.193931 -2.193931 -2.193931
Y 4.387862 0.000000 0.000000
P 6.581793 -2.193931 -2.193931
W 4.387862 0.000000 -4.387862
C 6.581793 2.193931 -2.193931


-53.681703	7127530
8

G 0.000000 0.000000 0.000000
C 2.193931 2.193931 -2.193931
V 0.000000 0.000000 -4.387862
L -2.193931 2.193931 -2.193931
Y 0.000000 4.387862 0.000000
P -2.193931 6.581793 -2.193931
W 0.000000 4.387862 -4.387862
C 2.193931 6.581793 -2.193931


-53.551799	0650530
8

G 0.000000 0.000000 0.000000
C 2.193931 2.193931 -2.193931
V 0.000000 0.000000 -4.387862
L -2.193931 2.193931 -2.193931
Y 0.000000 4.387862 -4.387862
P -2.193931 6.581793 -2.193931
W 0.000000 4.387862 0.000000
C 2.193931 6.581793 -2.193931


-53.551799	0560630
8

G 0.000000 0.000000 0.000000
C 2.193931 2.193931 -2.193931
V 0.000000 0.000000 -4.387862
L 2.193931 -2.193931 -2.193931
Y 4.387862 0.000000 -4.387862
P 6.581793 -2.193931 -2.193931
W 4.387862 0.000000 0.000000
C 6.581793 2.193931 -2.193931


-53.040844	5307530
8

G 0.000000 0.000000 0.000000
C 2.193931 2.193931 -2.193931
V 0.000000 0.000000 -4.387862
L -2.193931 2.193931 -2.193931
Y 0.000000 4.387862 0.000000
P 2.193931 6.581793 -2.193931
W 0.000000 4.387862 -4.387862
C -2.193931 6.581793 -2.193931


-53.040844	6307630
8

G 0.000000 0.000000 0.000000
C 2.193931 2.193931 -2.193931
V 0.000000 0.000000 -4.387862
L 2.193931 -2.193931 -2.193931
Y 4.387862 0.000000 0.000000
P 6.581793 2.193931 -2.193931
W 4.387862 0.000000 -4.387862
C 6.581793 -2.193931 -2.193931


-52.910941	1470630
8

G 0.000000 0.000000 0.000000
C 2.193931 2.193931 -2.193931
V 0.000000 0.000000 -4.387862
L 2.193931 -2.193931 -2.193931
Y 4.387862 0.000000 -4.387862
P 6.581793 2.193931 -2.193931
W 4.387862 0.000000 0.000000
C 6.581793 -2.193931 -2.193931


-52.910941	2470530
8

G 0.000000 0.000000 0.000000
C 2.193931 2.193931 -2.193931
V 0.000000 0.000000 -4.387862
L -2.193931 2.193931 -2.193931
Y 0.000000 4.387862 -4.387862
P 2.193931 6.581793 -2.193931
W 0.000000 4.387862 0.000000
C -2.193931 6.581793 -2.193931


-52.160755	3217630
8

G 0.000000 0.000000 0.000000
C 2.193931 2.193931 -2.193931
V 0.000000 0.000000 -4.387862
L 2.193931 -2.193931 -2.193931
Y 4.387862 0.000000 0.000000
P 6.581793 -2.193931 -2.193931
W 4.387862 0.000000 -4.387862
C 2.193931 -2.193931 -6.581793


-52.160755	3127530
8

G 0.000000 0.000000 0.000000
C 2.193931 2.193931 -2.193931
V 0.000000 0.000000 -4.387862
L -2.193931 2.193931 -2.193931
Y 0.000000 4.387862 0.000000
P -2.193931 6.581793 -2.193931
W 0.000000 4.387862 -4.387862
C -2.193931 2.193931 -6.581793


-51.823005	1127530
8

G 0.000000 0.000000 0.000000
C 2.193931 2.193931 -2.193931
V 0.000000 0.000000 -4.387862
L -2.193931 2.193931 -2.193931
Y 0.000000 4.387862 0.000000
P -2.193931 6.581793 -2.193931
W 0.000000 4.387862 -4.387862
C 2.193931 2.193931 -6.581793


-51.823005	2217630
8

G 0.000000 0.000000 0.000000
C 2.193931 2.193931 -2.193931
V 0.000000 0.000000 -4.387862
L 2.193931 -2.193931 -2.193931
Y 4.387862 0.000000 0.000000
P 6.581793 -2.193931 -2.193931
W 4.387862 0.000000 -4.387862
C 2.193931 2.193931 -6.581793


-51.458660	1056410
8

G 0.000000 0.000000 0.000000
C 2.193931 2.193931 -2.193931
V 4.387862 0.000000 -4.387862
L 2.193931 -2.193931 -2.193931
Y 4.387862 -4.387862 0.000000
P 2.193931 -2.193931 2.193931
W 4.387862 0.000000 0.000000
C 6.581793 -2.193931 -2.193931


-51.458660	1053410
8

G 0.000000 0.000000 0.000000
C 2.193931 2.193931 -2.193931
V 4.387862 0.000000 -4.387862
L 2.193931 -2.193931 -2.193931
Y 0.000000 -4.387862 -4.387862
P -2.193931 -2.193931 -2.193931
W 0.000000 0.000000 -4.387862
C 2.193931 -2.193931 -6.581793


-51.182147	3307630
8

G 0.000000 0.000000 0.000000
C 2.193931 2.193931 -2.193931
V 0.000000 0.000000 -4.387862
L 2.193931 -2.193931 -2.193931
Y 4.387862 0.000000 0.000000
P 6.581793 2.193931 -2.193931
W 4.387862 0.000000 -4.387862
C 2.193931 -2.193931 -6.581793


-51.182147	3307530
8

G 0.000000 0.000000 0.000000
C 2.193931 2.193931 -2.193931
V 0.000000 0.000000 -4.387862
L -2.193931 2.193931 -2.193931
Y 0.000000 4.387862 0.000000
P 2.193931 6.581793 -2.193931
W 0.000000 4.387862 -4.387862
C -2.193931 2.193931 -6.581793


-51.108660	4503410
8

G 0.000000 0.000000 0.000000
C 2.193931 2.193931 -2.193931
V 4.387862 0.000000 -4.387862
L 2.193931 -2.193931 -2.193931
Y 0.000000 -4.387862 -4.387862
P 2.193931 -2.193931 -6.581793
W 0.000000 0.000000 -4.387862
C -2.193931 -2.193931 -2.193931


-51.108660	4506410
8

G 0.000000 0.000000 0.000000
C 2.193931 2.193931 -2.193931
V 4.387862 0.000000 -4.387862
L 2.193931 -2.193931 -2.193931
Y 4.387862 -4.387862 0.000000
P 6.581793 -2.193931 -2.193931
W 4.387862 0.000000 0.000000
C 2.193931 -2.193931 2.193931


-51.069608	0503410
8

G 0.000000 0.000000 0.000000
C 2.193931 2.193931 -2.193931
V 4.387862 0.000000 -4.387862
L 2.193931 -2.193931 -2.193931
Y 0.000000 -4.387862 -4.387862
P 2.193931 -2.193931 -6.581793
W 0.000000 0.000000 -4.387862
C 2.193931 2.193931 -6.581793


-51.069608	0506410
8

G 0.000000 0.000000 0.000000
C 2.193931 2.193931 -2.193931
V 4.387862 0.000000 -4.387862
L 2.193931 -2.193931 -2.193931
Y 4.387862 -4.387862 0.000000
P 6.581793 -2.193931 -2.193931
W 4.387862 0.000000 0.000000
C 6.581793 2.193931 -2.193931


-51.049378	5430630
8

G 0.000000 0.000000 0.000000
C 2.193931 2.193931 -2.193931
V 0.000000 0.000000 -4.387862
L 2.193931 -2.193931 -2.193931
Y 4.387862 0.000000 -4.387862
P 2.193931 -2.193931 -6.581793
W 0.000000 -4.387862 -4.387862
C -2.193931 -2.193931 -2.193931


-51.049378	6430530
8

G 0.000000 0.000000 0.000000
C 2.193931 2.193931 -2.193931
V 0.000000 0.000000 -4.387862
L -2.193931 2.193931 -2.193931
Y 0.000000 4.387862 -4.387862
P -2.193931 2.193931 -6.581793
W -4.387862 0.000000 -4.387862
C -2.193931 -2.193931 -2.193931


-51.034967	1712530
8

G 0.000000 0.000000 0.000000
C 2.193931 2.193931 -2.193931
V 0.000000 0.000000 -4.387862
L -2.193931 2.193931 -2.193931
Y -4.387862 4.387862 -4.387862
P -2.193931 2.193931 -6.581793
W 0.000000 4.387862 -4.387862
C 2.193931 2.193931 -6.581793


-51.034967	2721630
8

G 0.000000 0.000000 0.000000
C 2.193931 2.193931 -2.193931
V 0.000000 0.000000 -4.387862
L 2.193931 -2.193931 -2.193931
Y 4.387862 -4.387862 -4.387862
P 2.193931 -2.193931 -6.581793
W 4.387862 0.000000 -4.387862
C 2.193931 2.193931 -6.581793


-51.034967	0571410
8

G 0.000000 0.000000 0.000000
C 2.193931 2.193931 -2.193931
V 4.387862 0.000000 -4.387862
L 2.193931 -2.193931 -2.193931
Y 4.387862 -4.387862 -4.387862
P 6.581793 -2.193931 -2.193931
W 4.387862 0.000000 0.000000
C 6.581793 2.193931 -2.193931


-51.034967	0521410
8

G 0.000000 0.000000 0.000000
C 2.193931 2.193931 -2.193931
V 4.387862 0.000000 -4.387862
L 2.193931 -2.193931 -2.193931
Y 4.387862 -4.387862 -4.387862
P 2.193931 -2.193931 -6.581793
W 0.000000 0.000000 -4.387862
C 2.193931 2.193931 -6.581793


-51.000326	1703530
8

G 0.000000 0.000000 0.000000
C 2.193931 2.193931 -2.193931
V 0.000000 0.000000 -4.387862
L -2.193931 2.193931 -2.193931
Y -4.387862 0.000000 -4.387862
P -2.193931 2.193931 -6.581793
W 0.000000 4.387862 -4.387862
C 2.193931 2.193931 -6.581793


-51.000326	2703630
8

G 0.000000 0.000000 0.000000
C 2.193931 2.193931 -2.193931
V 0.000000 0.000000 -4.387862
L 2.193931 -2.193931 -2.193931
Y 0.000000 -4.387862 -4.387862
P 2.193931 -2.193931 -6.581793
W 4.387862 0.000000 -4.387862
C 2.193931 2.193931 -6.581793


-50.844397	1307530
8

G 0.000000 0.000000 0.000000
C 2.193931 2.193931 -2.193931
V 0.000000 0.000000 -4.387862
L -2.193931 2.193931 -2.193931
Y 0.000000 4.387862 0.000000
P 2.193931 6.581793 -2.193931
W 0.000000 4.387862 -4.387862
C 2.193931 2.193931 -6.581793


-50.844397	2307630
8

G 0.000000 0.000000 0.000000
C 2.193931 2.193931 -2.193931
V 0.000000 0.000000 -4.387862
L 2.193931 -2.193931 -2.193931
Y 4.387862 0.000000 0.000000
P 6.581793 2.193931 -2.193931
W 4.387862 0.000000 -4.387862
C 2.193931 2.193931 -6.581793


-50.370755	5214630
8

G 0.000000 0.000000 0.000000
C 2.193931 2.193931 -2.193931
V 0.000000 0.000000 -4.387862
L 2.193931 -2.193931 -2.193931
Y 0.000000 -4.387862 0.000000
P 2.193931 -6.581793 -2.193931
W 0.000000 -4.387862 -4.387862
C -2.193931 -2.193931 -2.193931


-50.370755	6124530
8

G 0.000000 0.000000 0.000000
C 2.193931 2.193931 -2.193931
V 0.000000 0.000000 -4.387862
L -2.193931 2.193931 -2.193931
Y -4.387862 0.000000 0.000000
P -6.581793 2.193931 -2.193931
W -4.387862 0.000000 -4.387862
C -2.193931 -2.193931 -2.193931


-50.240851	1653530
8

G 0.000000 0.000000 0.000000
C 2.193931 2.193931 -2.193931
V 0.000000 0.000000 -4.387862
L -2.193931 2.193931 -2.193931
Y -4.387862 0.000000 -4.387862
P -6.581793 2.193931 -2.193931
W -4.387862 0.000000 0.000000
C -2.193931 -2.193931 -2.193931


-50.240851	2563630
8

G 0.000000 0.000000 0.000000
C 2.193931 2.193931 -2.193931
V 0.000000 0.000000 -4.387862
L 2.193931 -2.193931 -2.193931
Y 0.000000 -4.387862 -4.387862
P 2.193931 -6.581793 -2.193931
W 0.000000 -4.387862 0.000000
C -2.193931 -2.193931 -2.193931


-50.230851	4650530
8

G 0.000000 0.000000 0.000000
C 2.193931 2.193931 -2.193931
V 0.000000 0.000000 -4.387862
L -2.193931 2.193931 -2.193931
Y 0.000000 4.387862 -4.387862
P -2.193931 6.581793 -2.193931
W 0.000000 4.387862 0.000000
C -2.193931 2.193931 2.193931


-50.230851	4560630
8

G 0.000000 0.000000 0.000000
C 2.193931 2.193931 -2.193931
V 0.000000 0.000000 -4.387862
L 2.193931 -2.193931 -2.193931
Y 4.387862 0.000000 -4.387862
P 6.581793 -2.193931 -2.193931
W 4.387862 0.000000 0.000000
C 2.193931 -2.193931 2.193931


-50.109608	5635210
8

G 0.000000 0.000000 0.000000
C 2.193931 2.193931 -2.193931
V 4.387862 0.000000 -4.387862
L 2.193931 2.193931 -6.581793
Y 0.000000 4.387862 -4.387862
P -2.193931 2.193931 -6.581793
W 0.000000 0.000000 -4.387862
C -2.193931 2.193931 -2.193931


-50.109608	5365710
8

G 0.000000 0.000000 0.000000
C 2.193931 2.193931 -2.193931
V 4.387862 0.000000 -4.387862
L 6.581793 2.193931 -2.193931
Y 4.387862 4.387862 0.000000
P 6.581793 2.193931 2.193931
W 4.387862 0.000000 0.000000
C 2.193931 2.193931 2.193931


-50.069608	3427610
8

G 0.000000 0.000000 0.000000
C 2.193931 2.193931 -2.193931
V 4.387862 0.000000 -4.387862
L 6.581793 -2.193931 -2.193931
Y 8.775724 0.000000 0.000000
P 6.581793 2.193931 -2.193931
W 4.387862 0.000000 0.000000
C 2.193931 -2.193931 -2.193931


-50.069608	6472310
8

G 0.000000 0.000000 0.000000
C 2.193931 2.193931 -2.193931
V 4.387862 0.000000 -4.387862
L 2.193931 -2.193931 -6.581793
Y 0.000000 0.000000 -8.775724
P 2.193931 2.193931 -6.581793
W 0.000000 0.000000 -4.387862
C 2.193931 -2.193931 -2.193931


-50.069608	3536710
8

G 0.000000 0.000000 0.000000
C 2.193931 2.193931 -2.193931
V 4.387862 0.000000 -4.387862
L 6.581793 2.193931 -2.193931
Y 8.775724 0.000000 0.000000
P 6.581793 -2.193931 -2.193931
W 4.387862 0.000000 0.000000
C 2.193931 -2.193931 -2.193931


-50.069608	6563210
8

G 0.000000 0.000000 0.000000
C 2.193931 2.193931 -2.193931
V 4.387862 0.000000 -4.387862
L 2.193931 2.193931 -6.581793
Y 0.000000 0.000000 -8.775724
P 2.193931 -2.193931 -6.581793
W 0.000000 0.000000 -4.387862
C 2.193931 -2.193931 -2.193931


-50.034967	4650130
8

G 0.000000 0.000000 0.000000
C 2.193931 2.193931 -2.193931
V 0.000000 0.000000 -4.387862
L 2.193931 -2.193931 -6.581793
Y 4.387862 0.000000 -8.775724
P 2.193931 2.193931 -6.581793
W 4.387862 0.000000 -4.387862
C 2.193931 -2.193931 -2.193931


-50.034967	4560230
8

G 0.000000 0.000000 0.000000
C 2.193931 2.193931 -2.193931
V 0.000000 0.000000 -4.387862
L -2.193931 2.193931 -6.581793
Y 0.000000 4.387862 -8.775724
P 2.193931 2.193931 -6.581793
W 0.000000 4.387862 -4.387862
C -2.193931 2.193931 -2.193931


-50.034967	4742030
8

G 0.000000 0.000000 0.000000
C 2.193931 2.193931 -2.193931
V 0.000000 0.000000 -4.387862
L 2.193931 2.193931 -6.581793
Y 0.000000 4.387862 -8.775724
P -2.193931 2.193931 -6.581793
W 0.000000 4.387862 -4.387862
C -2.193931 2.193931 -2.193931


-50.034967	4741030
8

G 0.000000 0.000000 0.000000
C 2.193931 2.193931 -2.193931
V 0.000000 0.000000 -4.387862
L 2.193931 2.193931 -6.581793
Y 4.387862 0.000000 -8.775724
P 2.193931 -2.193931 -6.581793
W 4.387862 0.000000 -4.387862
C 2.193931 -2.193931 -2.193931


-50.034967	3541710
8

G 0.000000 0.000000 0.000000
C 2.193931 2.193931 -2.193931
V 4.387862 0.000000 -4.387862
L 6.581793 2.193931 -2.193931
Y 8.775724 0.000000 -4.387862
P 6.581793 -2.193931 -2.193931
W 4.387862 0.000000 0.000000
C 2.193931 -2.193931 -2.193931


-50.034967	3450610
8

G 0.000000 0.000000 0.000000
C 2.193931 2.193931 -2.193931
V 4.387862 0.000000 -4.387862
L 6.581793 -2.193931 -2.193931
Y 8.775724 0.000000 -4.387862
P 6.581793 2.193931 -2.193931
W 4.387862 0.000000 0.000000
C 2.193931 -2.193931 -2.193931


-50.034967	6541210
8

G 0.000000 0.000000 0.000000
C 2.193931 2.193931 -2.193931
V 4.387862 0.000000 -4.387862
L 2.193931 2.193931 -6.581793
Y 4.387862 0.000000 -8.775724
P 2.193931 -2.193931 -6.581793
W 0.000000 0.000000 -4.387862
C 2.193931 -2.193931 -2.193931


-50.034967	6450310
8

G 0.000000 0.000000 0.000000
C 2.193931 2.193931 -2.193931
V 4.387862 0.000000 -4.387862
L 2.193931 -2.193931 -6.581793
Y 4.387862 0.000000 -8.775724
P 2.193931 2.193931 -6.581793
W 0.000000 0.000000 -4.387862
C 2.193931 -2.193931 -2.193931


