-58.640000	60753653610
12

V 0.000000 0.000000 0.000000
R 2.193931 2.193931 -2.193931
R 4.387862 0.000000 -4.387862
F 6.581793 -2.193931 -2.193931
D 4.387862 -4.387862 -4.387862
L 2.193931 -2.193931 -2.193931
L 4.387862 -4.387862 0.000000
K 2.193931 -6.581793 -2.193931
R 0.000000 -4.387862 0.000000
I 2.193931 -2.193931 2.193931
L 4.387862 -0.000000 0.000000
K 6.581793 -2.193931 2.193931


-58.640000	30256356310
12

V 0.000000 0.000000 0.000000
R 2.193931 2.193931 -2.193931
R 4.387862 0.000000 -4.387862
F 2.193931 -2.193931 -6.581793
D 4.387862 -4.387862 -4.387862
L 2.193931 -2.193931 -2.193931
L 0.000000 -4.387862 -4.387862
K 2.193931 -6.581793 -2.193931
R 0.000000 -4.387862 -0.000000
I -2.193931 -2.193931 -2.193931
L 0.000000 -0.000000 -4.387862
K -2.193931 -2.193931 -6.581793


-58.430000	35206124410
12

V 0.000000 0.000000 0.000000
R 2.193931 2.193931 -2.193931
R 4.387862 0.000000 -4.387862
F 2.193931 -2.193931 -2.193931
D 0.000000 -4.387862 0.000000
L -2.193931 -2.193931 -2.193931
L 0.000000 -4.387862 -4.387862
K 2.193931 -6.581793 -2.193931
R 4.387862 -4.387862 -4.387862
I 2.193931 -2.193931 -6.581793
L 0.000000 -0.000000 -4.387862
K -2.193931 -2.193931 -6.581793


-58.430000	65703174410
12

V 0.000000 0.000000 0.000000
R 2.193931 2.193931 -2.193931
R 4.387862 0.000000 -4.387862
F 2.193931 -2.193931 -2.193931
D 0.000000 -4.387862 0.000000
L 2.193931 -2.193931 2.193931
L 4.387862 -4.387862 0.000000
K 2.193931 -6.581793 -2.193931
R 4.387862 -4.387862 -4.387862
I 6.581793 -2.193931 -2.193931
L 4.387862 -0.000000 0.000000
K 6.581793 -2.193931 2.193931


-58.400000	60753471410
12

V 0.000000 0.000000 0.000000
R 2.193931 2.193931 -2.193931
R 4.387862 0.000000 -4.387862
F 2.193931 -2.193931 -2.193931
D 4.387862 -4.387862 -4.387862
L 6.581793 -2.193931 -2.193931
L 4.387862 -4.387862 0.000000
K 2.193931 -6.581793 -2.193931
R 0.000000 -4.387862 0.000000
I 2.193931 -2.193931 2.193931
L 4.387862 -0.000000 0.000000
K 6.581793 -2.193931 2.193931


-58.400000	30256421410
12

V 0.000000 0.000000 0.000000
R 2.193931 2.193931 -2.193931
R 4.387862 0.000000 -4.387862
F 2.193931 -2.193931 -2.193931
D 4.387862 -4.387862 -4.387862
L 2.193931 -2.193931 -6.581793
L 0.000000 -4.387862 -4.387862
K 2.193931 -6.581793 -2.193931
R 0.000000 -4.387862 -0.000000
I -2.193931 -2.193931 -2.193931
L 0.000000 -0.000000 -4.387862
K -2.193931 -2.193931 -6.581793


-57.760000	50256356310
12

V 0.000000 0.000000 0.000000
R 2.193931 2.193931 -2.193931
R 4.387862 0.000000 -4.387862
F 2.193931 -2.193931 -6.581793
D 4.387862 -4.387862 -4.387862
L 2.193931 -2.193931 -2.193931
L 0.000000 -4.387862 -4.387862
K 2.193931 -6.581793 -2.193931
R 0.000000 -4.387862 -0.000000
I -2.193931 -2.193931 -2.193931
L 0.000000 -0.000000 -4.387862
K -2.193931 2.193931 -2.193931


-57.760000	50753653610
12

V 0.000000 0.000000 0.000000
R 2.193931 2.193931 -2.193931
R 4.387862 0.000000 -4.387862
F 6.581793 -2.193931 -2.193931
D 4.387862 -4.387862 -4.387862
L 2.193931 -2.193931 -2.193931
L 4.387862 -4.387862 0.000000
K 2.193931 -6.581793 -2.193931
R 0.000000 -4.387862 0.000000
I 2.193931 -2.193931 2.193931
L 4.387862 -0.000000 0.000000
K 2.193931 2.193931 2.193931


-57.550000	55703174410
12

V 0.000000 0.000000 0.000000
R 2.193931 2.193931 -2.193931
R 4.387862 0.000000 -4.387862
F 2.193931 -2.193931 -2.193931
D 0.000000 -4.387862 0.000000
L 2.193931 -2.193931 2.193931
L 4.387862 -4.387862 0.000000
K 2.193931 -6.581793 -2.193931
R 4.387862 -4.387862 -4.387862
I 6.581793 -2.193931 -2.193931
L 4.387862 -0.000000 0.000000
K 2.193931 2.193931 2.193931


-57.550000	55206124410
12

V 0.000000 0.000000 0.000000
R 2.193931 2.193931 -2.193931
R 4.387862 0.000000 -4.387862
F 2.193931 -2.193931 -2.193931
D 0.000000 -4.387862 0.000000
L -2.193931 -2.193931 -2.193931
L 0.000000 -4.387862 -4.387862
K 2.193931 -6.581793 -2.193931
R 4.387862 -4.387862 -4.387862
I 2.193931 -2.193931 -6.581793
L 0.000000 -0.000000 -4.387862
K -2.193931 2.193931 -2.193931


-57.520000	50256421410
12

V 0.000000 0.000000 0.000000
R 2.193931 2.193931 -2.193931
R 4.387862 0.000000 -4.387862
F 2.193931 -2.193931 -2.193931
D 4.387862 -4.387862 -4.387862
L 2.193931 -2.193931 -6.581793
L 0.000000 -4.387862 -4.387862
K 2.193931 -6.581793 -2.193931
R 0.000000 -4.387862 -0.000000
I -2.193931 -2.193931 -2.193931
L 0.000000 -0.000000 -4.387862
K -2.193931 2.193931 -2.193931


-57.520000	50753471410
12

V 0.000000 0.000000 0.000000
R 2.193931 2.193931 -2.193931
R 4.387862 0.000000 -4.387862
F 2.193931 -2.193931 -2.193931
D 4.387862 -4.387862 -4.387862
L 6.581793 -2.193931 -2.193931
L 4.387862 -4.387862 0.000000
K 2.193931 -6.581793 -2.193931
R 0.000000 -4.387862 0.000000
I 2.193931 -2.193931 2.193931
L 4.387862 -0.000000 0.000000
K 2.193931 2.193931 2.193931


-57.390000	55613247530
12

V 0.000000 0.000000 0.000000
R 2.193931 2.193931 -2.193931
R 0.000000 0.000000 -4.387862
F -2.193931 2.193931 -2.193931
D 0.000000 4.387862 0.000000
L -2.193931 2.193931 2.193931
L -4.387862 4.387862 0.000000
K -6.581793 2.193931 -2.193931
R -4.387862 0.000000 -4.387862
I -2.193931 -2.193931 -2.193931
L -4.387862 0.000000 0.000000
K -6.581793 2.193931 2.193931


-57.390000	66523147630
12

V 0.000000 0.000000 0.000000
R 2.193931 2.193931 -2.193931
R 0.000000 0.000000 -4.387862
F 2.193931 -2.193931 -2.193931
D 4.387862 0.000000 0.000000
L 2.193931 -2.193931 2.193931
L 4.387862 -4.387862 0.000000
K 2.193931 -6.581793 -2.193931
R 0.000000 -4.387862 -4.387862
I -2.193931 -2.193931 -2.193931
L 0.000000 -4.387862 0.000000
K 2.193931 -6.581793 2.193931


-56.960000	60724653610
12

V 0.000000 0.000000 0.000000
R 2.193931 2.193931 -2.193931
R 4.387862 0.000000 -4.387862
F 6.581793 -2.193931 -2.193931
D 4.387862 -4.387862 -4.387862
L 2.193931 -2.193931 -2.193931
L 4.387862 -4.387862 0.000000
K 2.193931 -6.581793 2.193931
R 0.000000 -4.387862 0.000000
I 2.193931 -2.193931 2.193931
L 4.387862 -0.000000 0.000000
K 6.581793 -2.193931 2.193931


-56.960000	30274356310
12

V 0.000000 0.000000 0.000000
R 2.193931 2.193931 -2.193931
R 4.387862 0.000000 -4.387862
F 2.193931 -2.193931 -6.581793
D 4.387862 -4.387862 -4.387862
L 2.193931 -2.193931 -2.193931
L 0.000000 -4.387862 -4.387862
K -2.193931 -6.581793 -2.193931
R 0.000000 -4.387862 -0.000000
I -2.193931 -2.193931 -2.193931
L 0.000000 -0.000000 -4.387862
K -2.193931 -2.193931 -6.581793


-56.770000	50571471430
12

V 0.000000 0.000000 0.000000
R 2.193931 2.193931 -2.193931
R 0.000000 0.000000 -4.387862
F -2.193931 -2.193931 -2.193931
D 0.000000 -4.387862 -4.387862
L 2.193931 -2.193931 -2.193931
L 0.000000 -4.387862 0.000000
K 2.193931 -6.581793 -2.193931
R 4.387862 -4.387862 0.000000
I 2.193931 -2.193931 2.193931
L 4.387862 -0.000000 0.000000
K 2.193931 2.193931 2.193931


-56.770000	60672472430
12

V 0.000000 0.000000 0.000000
R 2.193931 2.193931 -2.193931
R 0.000000 0.000000 -4.387862
F -2.193931 -2.193931 -2.193931
D -4.387862 0.000000 -4.387862
L -2.193931 2.193931 -2.193931
L -4.387862 0.000000 0.000000
K -6.581793 2.193931 -2.193931
R -4.387862 4.387862 0.000000
I -2.193931 2.193931 2.193931
L -0.000000 4.387862 0.000000
K 2.193931 2.193931 2.193931


-56.750000	35271124410
12

V 0.000000 0.000000 0.000000
R 2.193931 2.193931 -2.193931
R 4.387862 0.000000 -4.387862
F 2.193931 -2.193931 -2.193931
D 0.000000 -4.387862 0.000000
L -2.193931 -2.193931 -2.193931
L 0.000000 -4.387862 -4.387862
K 2.193931 -6.581793 -6.581793
R 4.387862 -4.387862 -4.387862
I 2.193931 -2.193931 -6.581793
L 0.000000 -0.000000 -4.387862
K -2.193931 -2.193931 -6.581793


-56.750000	65721174410
12

V 0.000000 0.000000 0.000000
R 2.193931 2.193931 -2.193931
R 4.387862 0.000000 -4.387862
F 2.193931 -2.193931 -2.193931
D 0.000000 -4.387862 0.000000
L 2.193931 -2.193931 2.193931
L 4.387862 -4.387862 0.000000
K 6.581793 -6.581793 -2.193931
R 4.387862 -4.387862 -4.387862
I 6.581793 -2.193931 -2.193931
L 4.387862 -0.000000 0.000000
K 6.581793 -2.193931 2.193931


-56.720000	60724471410
12

V 0.000000 0.000000 0.000000
R 2.193931 2.193931 -2.193931
R 4.387862 0.000000 -4.387862
F 2.193931 -2.193931 -2.193931
D 4.387862 -4.387862 -4.387862
L 6.581793 -2.193931 -2.193931
L 4.387862 -4.387862 0.000000
K 2.193931 -6.581793 2.193931
R 0.000000 -4.387862 0.000000
I 2.193931 -2.193931 2.193931
L 4.387862 -0.000000 0.000000
K 6.581793 -2.193931 2.193931


-56.720000	30274421410
12

V 0.000000 0.000000 0.000000
R 2.193931 2.193931 -2.193931
R 4.387862 0.000000 -4.387862
F 2.193931 -2.193931 -2.193931
D 4.387862 -4.387862 -4.387862
L 2.193931 -2.193931 -6.581793
L 0.000000 -4.387862 -4.387862
K -2.193931 -6.581793 -2.193931
R 0.000000 -4.387862 -0.000000
I -2.193931 -2.193931 -2.193931
L 0.000000 -0.000000 -4.387862
K -2.193931 -2.193931 -6.581793


-56.630000	50571653630
12

V 0.000000 0.000000 0.000000
R 2.193931 2.193931 -2.193931
R 0.000000 0.000000 -4.387862
F 2.193931 -2.193931 -2.193931
D 0.000000 -4.387862 -4.387862
L -2.193931 -2.193931 -2.193931
L 0.000000 -4.387862 0.000000
K 2.193931 -6.581793 -2.193931
R 4.387862 -4.387862 0.000000
I 2.193931 -2.193931 2.193931
L 4.387862 -0.000000 0.000000
K 2.193931 2.193931 2.193931


-56.630000	60672563530
12

V 0.000000 0.000000 0.000000
R 2.193931 2.193931 -2.193931
R 0.000000 0.000000 -4.387862
F -2.193931 2.193931 -2.193931
D -4.387862 0.000000 -4.387862
L -2.193931 -2.193931 -2.193931
L -4.387862 0.000000 0.000000
K -6.581793 2.193931 -2.193931
R -4.387862 4.387862 0.000000
I -2.193931 2.193931 2.193931
L -0.000000 4.387862 0.000000
K 2.193931 2.193931 2.193931


-56.510000	56523147630
12

V 0.000000 0.000000 0.000000
R 2.193931 2.193931 -2.193931
R 0.000000 0.000000 -4.387862
F 2.193931 -2.193931 -2.193931
D 4.387862 0.000000 0.000000
L 2.193931 -2.193931 2.193931
L 4.387862 -4.387862 0.000000
K 2.193931 -6.581793 -2.193931
R 0.000000 -4.387862 -4.387862
I -2.193931 -2.193931 -2.193931
L 0.000000 -4.387862 0.000000
K -2.193931 -2.193931 2.193931


-56.510000	65613247530
12

V 0.000000 0.000000 0.000000
R 2.193931 2.193931 -2.193931
R 0.000000 0.000000 -4.387862
F -2.193931 2.193931 -2.193931
D 0.000000 4.387862 0.000000
L -2.193931 2.193931 2.193931
L -4.387862 4.387862 0.000000
K -6.581793 2.193931 -2.193931
R -4.387862 0.000000 -4.387862
I -2.193931 -2.193931 -2.193931
L -4.387862 0.000000 0.000000
K -2.193931 -2.193931 2.193931


-56.250000	03165074410
12

V 0.000000 0.000000 0.000000
R 2.193931 2.193931 -2.193931
R 4.387862 0.000000 -4.387862
F 2.193931 -2.193931 -2.193931
D 0.000000 -4.387862 0.000000
L 2.193931 -2.193931 2.193931
L 4.387862 0.000000 0.000000
K 2.193931 2.193931 2.193931
R 4.387862 0.000000 4.387862
I 6.581793 -2.193931 2.193931
L 4.387862 -4.387862 0.000000
K 6.581793 -2.193931 -2.193931


-56.250000	06135024410
12

V 0.000000 0.000000 0.000000
R 2.193931 2.193931 -2.193931
R 4.387862 0.000000 -4.387862
F 2.193931 -2.193931 -2.193931
D 0.000000 -4.387862 0.000000
L -2.193931 -2.193931 -2.193931
L 0.000000 0.000000 -4.387862
K -2.193931 2.193931 -2.193931
R -4.387862 0.000000 -4.387862
I -2.193931 -2.193931 -6.581793
L 0.000000 -4.387862 -4.387862
K 2.193931 -2.193931 -6.581793


-56.140000	11257174410
12

V 0.000000 0.000000 0.000000
R 2.193931 2.193931 -2.193931
R 4.387862 0.000000 -4.387862
F 2.193931 -2.193931 -2.193931
D 0.000000 -4.387862 0.000000
L 2.193931 -2.193931 2.193931
L 4.387862 -4.387862 0.000000
K 6.581793 -2.193931 2.193931
R 4.387862 0.000000 4.387862
I 2.193931 2.193931 2.193931
L 4.387862 0.000000 0.000000
K 6.581793 -2.193931 -2.193931


-56.140000	11752124410
12

V 0.000000 0.000000 0.000000
R 2.193931 2.193931 -2.193931
R 4.387862 0.000000 -4.387862
F 2.193931 -2.193931 -2.193931
D 0.000000 -4.387862 0.000000
L -2.193931 -2.193931 -2.193931
L 0.000000 -4.387862 -4.387862
K -2.193931 -2.193931 -6.581793
R -4.387862 0.000000 -4.387862
I -2.193931 2.193931 -2.193931
L 0.000000 0.000000 -4.387862
K 2.193931 -2.193931 -6.581793


-56.080000	50274356310
12

V 0.000000 0.000000 0.000000
R 2.193931 2.193931 -2.193931
R 4.387862 0.000000 -4.387862
F 2.193931 -2.193931 -6.581793
D 4.387862 -4.387862 -4.387862
L 2.193931 -2.193931 -2.193931
L 0.000000 -4.387862 -4.387862
K -2.193931 -6.581793 -2.193931
R 0.000000 -4.387862 -0.000000
I -2.193931 -2.193931 -2.193931
L 0.000000 -0.000000 -4.387862
K -2.193931 2.193931 -2.193931


-56.080000	50724653610
12

V 0.000000 0.000000 0.000000
R 2.193931 2.193931 -2.193931
R 4.387862 0.000000 -4.387862
F 6.581793 -2.193931 -2.193931
D 4.387862 -4.387862 -4.387862
L 2.193931 -2.193931 -2.193931
L 4.387862 -4.387862 0.000000
K 2.193931 -6.581793 2.193931
R 0.000000 -4.387862 0.000000
I 2.193931 -2.193931 2.193931
L 4.387862 -0.000000 0.000000
K 2.193931 2.193931 2.193931


-56.010000	50357653610
12

V 0.000000 0.000000 0.000000
R 2.193931 2.193931 -2.193931
R 4.387862 0.000000 -4.387862
F 6.581793 -2.193931 -2.193931
D 4.387862 -4.387862 -4.387862
L 2.193931 -2.193931 -2.193931
L 4.387862 -4.387862 0.000000
K 6.581793 -2.193931 2.193931
R 4.387862 0.000000 4.387862
I 2.193931 -2.193931 2.193931
L 4.387862 0.000000 0.000000
K 2.193931 2.193931 2.193931


-56.010000	50652356310
12

V 0.000000 0.000000 0.000000
R 2.193931 2.193931 -2.193931
R 4.387862 0.000000 -4.387862
F 2.193931 -2.193931 -6.581793
D 4.387862 -4.387862 -4.387862
L 2.193931 -2.193931 -2.193931
L 0.000000 -4.387862 -4.387862
K -2.193931 -2.193931 -6.581793
R -4.387862 0.000000 -4.387862
I -2.193931 -2.193931 -2.193931
L 0.000000 0.000000 -4.387862
K -2.193931 2.193931 -2.193931


-56.010000	71365753610
12

V 0.000000 0.000000 0.000000
R 2.193931 2.193931 -2.193931
R 4.387862 0.000000 -4.387862
F 6.581793 -2.193931 -2.193931
D 4.387862 -4.387862 -4.387862
L 2.193931 -2.193931 -2.193931
L 4.387862 0.000000 0.000000
K 2.193931 2.193931 2.193931
R 4.387862 0.000000 4.387862
I 2.193931 -2.193931 2.193931
L 4.387862 -4.387862 0.000000
K 6.581793 -2.193931 2.193931


-56.010000	21635256310
12

V 0.000000 0.000000 0.000000
R 2.193931 2.193931 -2.193931
R 4.387862 0.000000 -4.387862
F 2.193931 -2.193931 -6.581793
D 4.387862 -4.387862 -4.387862
L 2.193931 -2.193931 -2.193931
L 0.000000 0.000000 -4.387862
K -2.193931 2.193931 -2.193931
R -4.387862 0.000000 -4.387862
I -2.193931 -2.193931 -2.193931
L 0.000000 -4.387862 -4.387862
K -2.193931 -2.193931 -6.581793


-55.870000	55721174410
12

V 0.000000 0.000000 0.000000
R 2.193931 2.193931 -2.193931
R 4.387862 0.000000 -4.387862
F 2.193931 -2.193931 -2.193931
D 0.000000 -4.387862 0.000000
L 2.193931 -2.193931 2.193931
L 4.387862 -4.387862 0.000000
K 6.581793 -6.581793 -2.193931
R 4.387862 -4.387862 -4.387862
I 6.581793 -2.193931 -2.193931
L 4.387862 -0.000000 0.000000
K 2.193931 2.193931 2.193931


-55.870000	55271124410
12

V 0.000000 0.000000 0.000000
R 2.193931 2.193931 -2.193931
R 4.387862 0.000000 -4.387862
F 2.193931 -2.193931 -2.193931
D 0.000000 -4.387862 0.000000
L -2.193931 -2.193931 -2.193931
L 0.000000 -4.387862 -4.387862
K 2.193931 -6.581793 -6.581793
R 4.387862 -4.387862 -4.387862
I 2.193931 -2.193931 -6.581793
L 0.000000 -0.000000 -4.387862
K -2.193931 2.193931 -2.193931


-55.860000	00256356310
12

V 0.000000 0.000000 0.000000
R 2.193931 2.193931 -2.193931
R 4.387862 0.000000 -4.387862
F 2.193931 -2.193931 -6.581793
D 4.387862 -4.387862 -4.387862
L 2.193931 -2.193931 -2.193931
L 0.000000 -4.387862 -4.387862
K 2.193931 -6.581793 -2.193931
R 0.000000 -4.387862 -0.000000
I -2.193931 -2.193931 -2.193931
L 0.000000 -0.000000 -4.387862
K 2.193931 2.193931 -6.581793


-55.860000	00753653610
12

V 0.000000 0.000000 0.000000
R 2.193931 2.193931 -2.193931
R 4.387862 0.000000 -4.387862
F 6.581793 -2.193931 -2.193931
D 4.387862 -4.387862 -4.387862
L 2.193931 -2.193931 -2.193931
L 4.387862 -4.387862 0.000000
K 2.193931 -6.581793 -2.193931
R 0.000000 -4.387862 0.000000
I 2.193931 -2.193931 2.193931
L 4.387862 -0.000000 0.000000
K 6.581793 2.193931 -2.193931


-55.840000	50274421410
12

V 0.000000 0.000000 0.000000
R 2.193931 2.193931 -2.193931
R 4.387862 0.000000 -4.387862
F 2.193931 -2.193931 -2.193931
D 4.387862 -4.387862 -4.387862
L 2.193931 -2.193931 -6.581793
L 0.000000 -4.387862 -4.387862
K -2.193931 -6.581793 -2.193931
R 0.000000 -4.387862 -0.000000
I -2.193931 -2.193931 -2.193931
L 0.000000 -0.000000 -4.387862
K -2.193931 2.193931 -2.193931


-55.840000	50724471410
12

V 0.000000 0.000000 0.000000
R 2.193931 2.193931 -2.193931
R 4.387862 0.000000 -4.387862
F 2.193931 -2.193931 -2.193931
D 4.387862 -4.387862 -4.387862
L 6.581793 -2.193931 -2.193931
L 4.387862 -4.387862 0.000000
K 2.193931 -6.581793 2.193931
R 0.000000 -4.387862 0.000000
I 2.193931 -2.193931 2.193931
L 4.387862 -0.000000 0.000000
K 2.193931 2.193931 2.193931


-55.820000	50357471410
12

V 0.000000 0.000000 0.000000
R 2.193931 2.193931 -2.193931
R 4.387862 0.000000 -4.387862
F 2.193931 -2.193931 -2.193931
D 4.387862 -4.387862 -4.387862
L 6.581793 -2.193931 -2.193931
L 4.387862 -4.387862 0.000000
K 6.581793 -2.193931 2.193931
R 4.387862 0.000000 4.387862
I 2.193931 -2.193931 2.193931
L 4.387862 0.000000 0.000000
K 2.193931 2.193931 2.193931


-55.820000	50652421410
12

V 0.000000 0.000000 0.000000
R 2.193931 2.193931 -2.193931
R 4.387862 0.000000 -4.387862
F 2.193931 -2.193931 -2.193931
D 4.387862 -4.387862 -4.387862
L 2.193931 -2.193931 -6.581793
L 0.000000 -4.387862 -4.387862
K -2.193931 -2.193931 -6.581793
R -4.387862 0.000000 -4.387862
I -2.193931 -2.193931 -2.193931
L 0.000000 0.000000 -4.387862
K -2.193931 2.193931 -2.193931


-55.820000	71365571410
12

V 0.000000 0.000000 0.000000
R 2.193931 2.193931 -2.193931
R 4.387862 0.000000 -4.387862
F 2.193931 -2.193931 -2.193931
D 4.387862 -4.387862 -4.387862
L 6.581793 -2.193931 -2.193931
L 4.387862 0.000000 0.000000
K 2.193931 2.193931 2.193931
R 4.387862 0.000000 4.387862
I 2.193931 -2.193931 2.193931
L 4.387862 -4.387862 0.000000
K 6.581793 -2.193931 2.193931


-55.820000	21635521410
12

V 0.000000 0.000000 0.000000
R 2.193931 2.193931 -2.193931
R 4.387862 0.000000 -4.387862
F 2.193931 -2.193931 -2.193931
D 4.387862 -4.387862 -4.387862
L 2.193931 -2.193931 -6.581793
L 0.000000 0.000000 -4.387862
K -2.193931 2.193931 -2.193931
R -4.387862 0.000000 -4.387862
I -2.193931 -2.193931 -2.193931
L 0.000000 -4.387862 -4.387862
K -2.193931 -2.193931 -6.581793


-55.660000	03256074530
12

V 0.000000 0.000000 0.000000
R 2.193931 2.193931 -2.193931
R 0.000000 0.000000 -4.387862
F -2.193931 2.193931 -2.193931
D -4.387862 0.000000 0.000000
L -2.193931 2.193931 2.193931
L 0.000000 4.387862 0.000000
K 2.193931 2.193931 2.193931
R 0.000000 4.387862 4.387862
I -2.193931 6.581793 2.193931
L -4.387862 4.387862 0.000000
K -2.193931 6.581793 -2.193931


-55.660000	03165074630
12

V 0.000000 0.000000 0.000000
R 2.193931 2.193931 -2.193931
R 0.000000 0.000000 -4.387862
F 2.193931 -2.193931 -2.193931
D 0.000000 -4.387862 0.000000
L 2.193931 -2.193931 2.193931
L 4.387862 0.000000 0.000000
K 2.193931 2.193931 2.193931
R 4.387862 0.000000 4.387862
I 6.581793 -2.193931 2.193931
L 4.387862 -4.387862 0.000000
K 6.581793 -2.193931 -2.193931


-55.650000	05703174410
12

V 0.000000 0.000000 0.000000
R 2.193931 2.193931 -2.193931
R 4.387862 0.000000 -4.387862
F 2.193931 -2.193931 -2.193931
D 0.000000 -4.387862 0.000000
L 2.193931 -2.193931 2.193931
L 4.387862 -4.387862 0.000000
K 2.193931 -6.581793 -2.193931
R 4.387862 -4.387862 -4.387862
I 6.581793 -2.193931 -2.193931
L 4.387862 -0.000000 0.000000
K 6.581793 2.193931 -2.193931


-55.650000	05206124410
12

V 0.000000 0.000000 0.000000
R 2.193931 2.193931 -2.193931
R 4.387862 0.000000 -4.387862
F 2.193931 -2.193931 -2.193931
D 0.000000 -4.387862 0.000000
L -2.193931 -2.193931 -2.193931
L 0.000000 -4.387862 -4.387862
K 2.193931 -6.581793 -2.193931
R 4.387862 -4.387862 -4.387862
I 2.193931 -2.193931 -6.581793
L 0.000000 -0.000000 -4.387862
K 2.193931 2.193931 -6.581793


