-7.900000	030130301	0011001011001
10

Y 0.000000 0.000000 0.000000
Y 2.193931 2.193931 -2.193931
D 4.387862 0.000000 -4.387862
P 6.581793 -2.193931 -2.193931
E 8.775724 -4.387862 -4.387862
T 10.969655 -6.581793 -2.193931
G 8.775724 -8.775724 0.000000
T 6.581793 -6.581793 2.193931
W 4.387862 -4.387862 0.000000
Y 2.193931 -2.193931 2.193931


-7.900000	020120301	0001001001001
10

Y 0.000000 0.000000 0.000000
Y 2.193931 2.193931 -2.193931
D 4.387862 0.000000 -4.387862
P 6.581793 -2.193931 -2.193931
E 8.775724 -4.387862 -4.387862
T 6.581793 -6.581793 -6.581793
G 4.387862 -8.775724 -4.387862
T 2.193931 -6.581793 -2.193931
W 4.387862 -4.387862 -0.000000
Y 2.193931 -2.193931 2.193931


-7.900000	032132301	0011011011011
10

Y 0.000000 0.000000 0.000000
Y 2.193931 2.193931 -2.193931
D 4.387862 0.000000 -4.387862
P 6.581793 -2.193931 -2.193931
E 8.775724 0.000000 0.000000
T 10.969655 -2.193931 2.193931
G 8.775724 -4.387862 4.387862
T 6.581793 -6.581793 2.193931
W 4.387862 -4.387862 0.000000
Y 2.193931 -2.193931 2.193931


-7.670000	131201301	1011100100101
10

Y 0.000000 0.000000 0.000000
Y 2.193931 2.193931 -2.193931
D 4.387862 0.000000 -4.387862
P 6.581793 -2.193931 -2.193931
E 4.387862 -4.387862 0.000000
T 2.193931 -2.193931 2.193931
G 4.387862 0.000000 4.387862
T 6.581793 2.193931 2.193931
W 4.387862 4.387862 0.000000
Y 6.581793 6.581793 -2.193931


-7.670000	031201301	0011100100101
10

Y 0.000000 0.000000 0.000000
Y 2.193931 2.193931 -2.193931
D 4.387862 0.000000 -4.387862
P 6.581793 -2.193931 -2.193931
E 4.387862 -4.387862 0.000000
T 2.193931 -2.193931 2.193931
G 4.387862 0.000000 4.387862
T 6.581793 2.193931 2.193931
W 4.387862 4.387862 0.000000
Y 2.193931 6.581793 2.193931


-7.450000	310312301	1110001110011
10

Y 0.000000 0.000000 0.000000
Y 2.193931 2.193931 -2.193931
D 4.387862 0.000000 -4.387862
P 6.581793 -2.193931 -2.193931
E 8.775724 0.000000 0.000000
T 10.969655 2.193931 -2.193931
G 8.775724 4.387862 -4.387862
T 6.581793 6.581793 -2.193931
W 4.387862 4.387862 0.000000
Y 6.581793 2.193931 2.193931


-7.450000	130132101	1011001011010
10

Y 0.000000 0.000000 0.000000
Y 2.193931 2.193931 -2.193931
D 4.387862 0.000000 -4.387862
P 6.581793 2.193931 -6.581793
E 8.775724 4.387862 -4.387862
T 10.969655 2.193931 -2.193931
G 8.775724 0.000000 -0.000000
T 6.581793 2.193931 2.193931
W 4.387862 4.387862 -0.000000
Y 6.581793 6.581793 -2.193931


-7.450000	120123101	1001001001110
10

Y 0.000000 0.000000 0.000000
Y 2.193931 2.193931 -2.193931
D 4.387862 0.000000 -4.387862
P 6.581793 2.193931 -6.581793
E 4.387862 4.387862 -8.775724
T 2.193931 2.193931 -10.969655
G 0.000000 0.000000 -8.775724
T -2.193931 2.193931 -6.581793
W 0.000000 4.387862 -4.387862
Y 2.193931 6.581793 -6.581793


-7.180000	132101301	1011011000101
10

Y 0.000000 0.000000 0.000000
Y 2.193931 2.193931 -2.193931
D 4.387862 0.000000 -4.387862
P 6.581793 -2.193931 -2.193931
E 4.387862 -4.387862 0.000000
T 2.193931 -2.193931 2.193931
G 0.000000 -4.387862 4.387862
T -2.193931 -6.581793 2.193931
W -4.387862 -4.387862 0.000000
Y -2.193931 -2.193931 -2.193931


-7.180000	310103101	1110001000110
10

Y 0.000000 0.000000 0.000000
Y 2.193931 2.193931 -2.193931
D 4.387862 0.000000 -4.387862
P 6.581793 2.193931 -6.581793
E 4.387862 4.387862 -8.775724
T 2.193931 6.581793 -6.581793
G 0.000000 4.387862 -4.387862
T -2.193931 6.581793 -2.193931
W -4.387862 4.387862 -0.000000
Y -2.193931 2.193931 2.193931


-7.180000	312103101	1110011000110
10

Y 0.000000 0.000000 0.000000
Y 2.193931 2.193931 -2.193931
D 4.387862 0.000000 -4.387862
P 6.581793 2.193931 -6.581793
E 4.387862 4.387862 -8.775724
T 2.193931 6.581793 -6.581793
G 0.000000 4.387862 -4.387862
T -2.193931 2.193931 -6.581793
W -4.387862 0.000000 -4.387862
Y -2.193931 -2.193931 -2.193931


-7.180000	130101301	1011001000101
10

Y 0.000000 0.000000 0.000000
Y 2.193931 2.193931 -2.193931
D 4.387862 0.000000 -4.387862
P 6.581793 -2.193931 -2.193931
E 4.387862 -4.387862 0.000000
T 2.193931 -2.193931 2.193931
G 0.000000 -4.387862 4.387862
T -2.193931 -2.193931 6.581793
W -4.387862 0.000000 4.387862
Y -2.193931 2.193931 2.193931


-7.180000	230201301	0111000100101
10

Y 0.000000 0.000000 0.000000
Y 2.193931 2.193931 -2.193931
D 4.387862 0.000000 -4.387862
P 6.581793 -2.193931 -2.193931
E 4.387862 -4.387862 0.000000
T 2.193931 -2.193931 2.193931
G 4.387862 0.000000 4.387862
T 2.193931 2.193931 6.581793
W 0.000000 4.387862 4.387862
Y -2.193931 2.193931 2.193931


-7.180000	210102101	0110001000010
10

Y 0.000000 0.000000 0.000000
Y 2.193931 2.193931 -2.193931
D 4.387862 0.000000 -4.387862
P 6.581793 2.193931 -6.581793
E 8.775724 4.387862 -4.387862
T 6.581793 6.581793 -2.193931
G 4.387862 4.387862 -0.000000
T 2.193931 6.581793 2.193931
W 0.000000 4.387862 4.387862
Y -2.193931 2.193931 2.193931


-7.180000	210302301	0110001100011
10

Y 0.000000 0.000000 0.000000
Y 2.193931 2.193931 -2.193931
D 4.387862 0.000000 -4.387862
P 6.581793 -2.193931 -2.193931
E 8.775724 0.000000 0.000000
T 6.581793 2.193931 2.193931
G 4.387862 4.387862 0.000000
T 2.193931 6.581793 2.193931
W 0.000000 4.387862 4.387862
Y -2.193931 2.193931 2.193931


-7.180000	213102101	0110111000010
10

Y 0.000000 0.000000 0.000000
Y 2.193931 2.193931 -2.193931
D 4.387862 0.000000 -4.387862
P 6.581793 2.193931 -6.581793
E 8.775724 4.387862 -4.387862
T 6.581793 6.581793 -2.193931
G 4.387862 4.387862 -0.000000
T 6.581793 2.193931 2.193931
W 4.387862 0.000000 4.387862
Y 2.193931 -2.193931 2.193931


-6.960000	130131301	1011001011101
10

Y 0.000000 0.000000 0.000000
Y 2.193931 2.193931 -2.193931
D 4.387862 0.000000 -4.387862
P 6.581793 -2.193931 -2.193931
E 4.387862 -4.387862 0.000000
T 6.581793 -6.581793 2.193931
G 4.387862 -8.775724 4.387862
T 2.193931 -6.581793 6.581793
W 0.000000 -4.387862 4.387862
Y 2.193931 -2.193931 2.193931


-6.960000	120121301	1001001001101
10

Y 0.000000 0.000000 0.000000
Y 2.193931 2.193931 -2.193931
D 4.387862 0.000000 -4.387862
P 6.581793 -2.193931 -2.193931
E 4.387862 -4.387862 0.000000
T 2.193931 -6.581793 -2.193931
G 0.000000 -8.775724 0.000000
T -2.193931 -6.581793 2.193931
W 0.000000 -4.387862 4.387862
Y 2.193931 -2.193931 2.193931


-6.960000	230231301	0111000111101
10

Y 0.000000 0.000000 0.000000
Y 2.193931 2.193931 -2.193931
D 4.387862 0.000000 -4.387862
P 6.581793 -2.193931 -2.193931
E 4.387862 -4.387862 0.000000
T 6.581793 -6.581793 2.193931
G 8.775724 -4.387862 4.387862
T 6.581793 -2.193931 6.581793
W 4.387862 -0.000000 4.387862
Y 2.193931 -2.193931 2.193931


-6.740000	202102301	0100011000011
10

Y 0.000000 0.000000 0.000000
Y 2.193931 2.193931 -2.193931
D 4.387862 0.000000 -4.387862
P 6.581793 -2.193931 -2.193931
E 8.775724 0.000000 0.000000
T 6.581793 2.193931 2.193931
G 4.387862 0.000000 4.387862
T 2.193931 -2.193931 2.193931
W 4.387862 -4.387862 0.000000
Y 2.193931 -6.581793 -2.193931


-6.740000	302102301	1100011000011
10

Y 0.000000 0.000000 0.000000
Y 2.193931 2.193931 -2.193931
D 4.387862 0.000000 -4.387862
P 6.581793 -2.193931 -2.193931
E 8.775724 0.000000 0.000000
T 6.581793 2.193931 2.193931
G 4.387862 0.000000 4.387862
T 2.193931 -2.193931 2.193931
W 4.387862 -4.387862 0.000000
Y 6.581793 -6.581793 2.193931


-6.740000	301201301	1100100100101
10

Y 0.000000 0.000000 0.000000
Y 2.193931 2.193931 -2.193931
D 4.387862 0.000000 -4.387862
P 6.581793 -2.193931 -2.193931
E 4.387862 -4.387862 0.000000
T 2.193931 -2.193931 2.193931
G 4.387862 0.000000 4.387862
T 6.581793 2.193931 2.193931
W 8.775724 0.000000 0.000000
Y 10.969655 -2.193931 2.193931


-6.740000	101201301	1000100100101
10

Y 0.000000 0.000000 0.000000
Y 2.193931 2.193931 -2.193931
D 4.387862 0.000000 -4.387862
P 6.581793 -2.193931 -2.193931
E 4.387862 -4.387862 0.000000
T 2.193931 -2.193931 2.193931
G 4.387862 0.000000 4.387862
T 6.581793 2.193931 2.193931
W 8.775724 0.000000 0.000000
Y 10.969655 2.193931 -2.193931


-5.970000	010320301	0010001101001
10

Y 0.000000 0.000000 0.000000
Y 2.193931 2.193931 -2.193931
D 4.387862 0.000000 -4.387862
P 6.581793 -2.193931 -2.193931
E 8.775724 -4.387862 -4.387862
T 6.581793 -6.581793 -6.581793
G 4.387862 -4.387862 -8.775724
T 2.193931 -2.193931 -6.581793
W 0.000000 -4.387862 -4.387862
Y -2.193931 -2.193931 -2.193931


-5.970000	010130101	0010001011000
10

Y 0.000000 0.000000 0.000000
Y 2.193931 2.193931 -2.193931
D 4.387862 0.000000 -4.387862
P 6.581793 2.193931 -6.581793
E 8.775724 0.000000 -8.775724
T 10.969655 -2.193931 -6.581793
G 8.775724 -4.387862 -4.387862
T 6.581793 -2.193931 -2.193931
W 4.387862 -4.387862 -0.000000
Y 2.193931 -2.193931 2.193931


-5.970000	010120101	0010001001000
10

Y 0.000000 0.000000 0.000000
Y 2.193931 2.193931 -2.193931
D 4.387862 0.000000 -4.387862
P 6.581793 2.193931 -6.581793
E 8.775724 0.000000 -8.775724
T 6.581793 -2.193931 -10.969655
G 4.387862 -4.387862 -8.775724
T 2.193931 -2.193931 -6.581793
W 0.000000 -4.387862 -4.387862
Y -2.193931 -2.193931 -2.193931


-5.970000	013123101	0010111001110
10

Y 0.000000 0.000000 0.000000
Y 2.193931 2.193931 -2.193931
D 4.387862 0.000000 -4.387862
P 6.581793 2.193931 -6.581793
E 4.387862 4.387862 -8.775724
T 2.193931 2.193931 -10.969655
G 0.000000 0.000000 -8.775724
T 2.193931 -2.193931 -6.581793
W 0.000000 -4.387862 -4.387862
Y -2.193931 -2.193931 -2.193931


-5.970000	012132101	0010011011010
10

Y 0.000000 0.000000 0.000000
Y 2.193931 2.193931 -2.193931
D 4.387862 0.000000 -4.387862
P 6.581793 2.193931 -6.581793
E 8.775724 4.387862 -4.387862
T 10.969655 2.193931 -2.193931
G 8.775724 0.000000 -0.000000
T 6.581793 -2.193931 -2.193931
W 4.387862 -4.387862 -0.000000
Y 2.193931 -2.193931 2.193931


-5.800000	203201301	0100110100101
10

Y 0.000000 0.000000 0.000000
Y 2.193931 2.193931 -2.193931
D 4.387862 0.000000 -4.387862
P 6.581793 -2.193931 -2.193931
E 4.387862 -4.387862 0.000000
T 2.193931 -2.193931 2.193931
G 4.387862 0.000000 4.387862
T 6.581793 -2.193931 6.581793
W 8.775724 -4.387862 4.387862
Y 6.581793 -6.581793 2.193931


-5.800000	301302301	1100101100011
10

Y 0.000000 0.000000 0.000000
Y 2.193931 2.193931 -2.193931
D 4.387862 0.000000 -4.387862
P 6.581793 -2.193931 -2.193931
E 8.775724 0.000000 0.000000
T 6.581793 2.193931 2.193931
G 4.387862 4.387862 0.000000
T 6.581793 6.581793 -2.193931
W 8.775724 4.387862 -4.387862
Y 10.969655 2.193931 -2.193931


-5.800000	102101301	1000011000101
10

Y 0.000000 0.000000 0.000000
Y 2.193931 2.193931 -2.193931
D 4.387862 0.000000 -4.387862
P 6.581793 -2.193931 -2.193931
E 4.387862 -4.387862 0.000000
T 2.193931 -2.193931 2.193931
G 0.000000 -4.387862 4.387862
T -2.193931 -6.581793 2.193931
W 0.000000 -8.775724 0.000000
Y 2.193931 -6.581793 -2.193931


-5.800000	103101301	1000111000101
10

Y 0.000000 0.000000 0.000000
Y 2.193931 2.193931 -2.193931
D 4.387862 0.000000 -4.387862
P 6.581793 -2.193931 -2.193931
E 4.387862 -4.387862 0.000000
T 2.193931 -2.193931 2.193931
G 0.000000 -4.387862 4.387862
T 2.193931 -6.581793 6.581793
W 4.387862 -8.775724 4.387862
Y 6.581793 -6.581793 2.193931


-5.800000	103102101	1000111000010
10

Y 0.000000 0.000000 0.000000
Y 2.193931 2.193931 -2.193931
D 4.387862 0.000000 -4.387862
P 6.581793 2.193931 -6.581793
E 8.775724 4.387862 -4.387862
T 6.581793 6.581793 -2.193931
G 4.387862 4.387862 -0.000000
T 6.581793 2.193931 2.193931
W 8.775724 0.000000 -0.000000
Y 10.969655 2.193931 -2.193931


-5.800000	102103101	1000011000110
10

Y 0.000000 0.000000 0.000000
Y 2.193931 2.193931 -2.193931
D 4.387862 0.000000 -4.387862
P 6.581793 2.193931 -6.581793
E 4.387862 4.387862 -8.775724
T 2.193931 6.581793 -6.581793
G 0.000000 4.387862 -4.387862
T -2.193931 2.193931 -6.581793
W 0.000000 0.000000 -8.775724
Y 2.193931 2.193931 -10.969655


-5.770000	203102101	0100111000010
10

Y 0.000000 0.000000 0.000000
Y 2.193931 2.193931 -2.193931
D 4.387862 0.000000 -4.387862
P 6.581793 2.193931 -6.581793
E 8.775724 4.387862 -4.387862
T 6.581793 6.581793 -2.193931
G 4.387862 4.387862 -0.000000
T 6.581793 2.193931 2.193931
W 8.775724 0.000000 -0.000000
Y 6.581793 -2.193931 -2.193931


-5.770000	201302301	0100101100011
10

Y 0.000000 0.000000 0.000000
Y 2.193931 2.193931 -2.193931
D 4.387862 0.000000 -4.387862
P 6.581793 -2.193931 -2.193931
E 8.775724 0.000000 0.000000
T 6.581793 2.193931 2.193931
G 4.387862 4.387862 0.000000
T 6.581793 6.581793 -2.193931
W 8.775724 4.387862 -4.387862
Y 6.581793 2.193931 -6.581793


-5.770000	302103101	1100011000110
10

Y 0.000000 0.000000 0.000000
Y 2.193931 2.193931 -2.193931
D 4.387862 0.000000 -4.387862
P 6.581793 2.193931 -6.581793
E 4.387862 4.387862 -8.775724
T 2.193931 6.581793 -6.581793
G 0.000000 4.387862 -4.387862
T -2.193931 2.193931 -6.581793
W 0.000000 0.000000 -8.775724
Y 2.193931 -2.193931 -6.581793


-4.660000	212302101	0110011100010
10

Y 0.000000 0.000000 0.000000
Y 2.193931 2.193931 -2.193931
D 4.387862 0.000000 -4.387862
P 6.581793 2.193931 -6.581793
E 8.775724 4.387862 -4.387862
T 6.581793 6.581793 -2.193931
G 4.387862 8.775724 -4.387862
T 2.193931 6.581793 -6.581793
W 0.000000 4.387862 -4.387862
Y -2.193931 2.193931 -6.581793


-4.660000	313203101	1110110100110
10

Y 0.000000 0.000000 0.000000
Y 2.193931 2.193931 -2.193931
D 4.387862 0.000000 -4.387862
P 6.581793 2.193931 -6.581793
E 4.387862 4.387862 -8.775724
T 2.193931 6.581793 -6.581793
G 4.387862 8.775724 -4.387862
T 6.581793 6.581793 -2.193931
W 4.387862 4.387862 -0.000000
Y 6.581793 2.193931 2.193931


-4.660000	020123101	0001001001110
10

Y 0.000000 0.000000 0.000000
Y 2.193931 2.193931 -2.193931
D 4.387862 0.000000 -4.387862
P 6.581793 2.193931 -6.581793
E 4.387862 4.387862 -8.775724
T 2.193931 2.193931 -10.969655
G 0.000000 0.000000 -8.775724
T -2.193931 2.193931 -6.581793
W 0.000000 4.387862 -4.387862
Y -2.193931 6.581793 -2.193931


-4.660000	010312301	0010001110011
10

Y 0.000000 0.000000 0.000000
Y 2.193931 2.193931 -2.193931
D 4.387862 0.000000 -4.387862
P 6.581793 -2.193931 -2.193931
E 8.775724 0.000000 0.000000
T 10.969655 2.193931 -2.193931
G 8.775724 4.387862 -4.387862
T 6.581793 6.581793 -2.193931
W 4.387862 4.387862 0.000000
Y 2.193931 6.581793 2.193931


-4.660000	013203101	0010110100110
10

Y 0.000000 0.000000 0.000000
Y 2.193931 2.193931 -2.193931
D 4.387862 0.000000 -4.387862
P 6.581793 2.193931 -6.581793
E 4.387862 4.387862 -8.775724
T 2.193931 6.581793 -6.581793
G 4.387862 8.775724 -4.387862
T 6.581793 6.581793 -2.193931
W 4.387862 4.387862 -0.000000
Y 2.193931 6.581793 2.193931


-4.660000	012302101	0010011100010
10

Y 0.000000 0.000000 0.000000
Y 2.193931 2.193931 -2.193931
D 4.387862 0.000000 -4.387862
P 6.581793 2.193931 -6.581793
E 8.775724 4.387862 -4.387862
T 6.581793 6.581793 -2.193931
G 4.387862 8.775724 -4.387862
T 2.193931 6.581793 -6.581793
W 0.000000 4.387862 -4.387862
Y -2.193931 6.581793 -2.193931


-4.660000	030132101	0011001011010
10

Y 0.000000 0.000000 0.000000
Y 2.193931 2.193931 -2.193931
D 4.387862 0.000000 -4.387862
P 6.581793 2.193931 -6.581793
E 8.775724 4.387862 -4.387862
T 10.969655 2.193931 -2.193931
G 8.775724 0.000000 -0.000000
T 6.581793 2.193931 2.193931
W 4.387862 4.387862 -0.000000
Y 2.193931 6.581793 2.193931


-4.170000	030120301	0011001001001
10

Y 0.000000 0.000000 0.000000
Y 2.193931 2.193931 -2.193931
D 4.387862 0.000000 -4.387862
P 6.581793 -2.193931 -2.193931
E 8.775724 -4.387862 -4.387862
T 6.581793 -6.581793 -6.581793
G 4.387862 -8.775724 -4.387862
T 2.193931 -6.581793 -2.193931
W 0.000000 -4.387862 -4.387862
Y -2.193931 -2.193931 -2.193931


-4.170000	310123101	1110001001110
10

Y 0.000000 0.000000 0.000000
Y 2.193931 2.193931 -2.193931
D 4.387862 0.000000 -4.387862
P 6.581793 2.193931 -6.581793
E 4.387862 4.387862 -8.775724
T 2.193931 2.193931 -10.969655
G 0.000000 0.000000 -8.775724
T -2.193931 2.193931 -6.581793
W -4.387862 0.000000 -4.387862
Y -2.193931 -2.193931 -2.193931


-4.170000	130121301	1011001001101
10

Y 0.000000 0.000000 0.000000
Y 2.193931 2.193931 -2.193931
D 4.387862 0.000000 -4.387862
P 6.581793 -2.193931 -2.193931
E 4.387862 -4.387862 0.000000
T 2.193931 -6.581793 -2.193931
G 0.000000 -8.775724 0.000000
T -2.193931 -6.581793 2.193931
W -4.387862 -4.387862 0.000000
Y -2.193931 -2.193931 -2.193931


-4.170000	230102301	0111001000011
10

Y 0.000000 0.000000 0.000000
Y 2.193931 2.193931 -2.193931
D 4.387862 0.000000 -4.387862
P 6.581793 -2.193931 -2.193931
E 8.775724 0.000000 0.000000
T 6.581793 2.193931 2.193931
G 4.387862 0.000000 4.387862
T 2.193931 2.193931 6.581793
W 0.000000 4.387862 4.387862
Y -2.193931 2.193931 2.193931


-4.170000	230132301	0111001011011
10

Y 0.000000 0.000000 0.000000
Y 2.193931 2.193931 -2.193931
D 4.387862 0.000000 -4.387862
P 6.581793 -2.193931 -2.193931
E 8.775724 0.000000 0.000000
T 10.969655 -2.193931 2.193931
G 8.775724 -4.387862 4.387862
T 6.581793 -2.193931 6.581793
W 4.387862 0.000000 4.387862
Y 2.193931 -2.193931 2.193931


-4.170000	210132101	0110001011010
10

Y 0.000000 0.000000 0.000000
Y 2.193931 2.193931 -2.193931
D 4.387862 0.000000 -4.387862
P 6.581793 2.193931 -6.581793
E 8.775724 4.387862 -4.387862
T 10.969655 2.193931 -2.193931
G 8.775724 0.000000 -0.000000
T 6.581793 2.193931 2.193931
W 4.387862 0.000000 4.387862
Y 2.193931 -2.193931 2.193931


