-29.980000	12012310132101301	10010010011110001011011000101
18

I 0.000000 0.000000 0.000000
G 2.193931 2.193931 -2.193931
L 4.387862 0.000000 -4.387862
R 6.581793 -2.193931 -2.193931
G 4.387862 -4.387862 0.000000
L 2.193931 -2.193931 2.193931
G 0.000000 -4.387862 4.387862
R -2.193931 -6.581793 2.193931
K -4.387862 -4.387862 0.000000
I -2.193931 -2.193931 -2.193931
A 0.000000 -4.387862 -4.387862
L 2.193931 -2.193931 -6.581793
I 0.000000 -0.000000 -8.775724
H -2.193931 -2.193931 -10.969655
K -4.387862 -4.387862 -8.775724
K -6.581793 -2.193931 -6.581793
Y -4.387862 -0.000000 -4.387862
G -2.193931 2.193931 -6.581793


-29.450000	03023031230201301	00110001110011100111000100101
18

I 0.000000 0.000000 0.000000
G 2.193931 2.193931 -2.193931
L 4.387862 0.000000 -4.387862
R 6.581793 -2.193931 -2.193931
G 4.387862 -4.387862 0.000000
L 2.193931 -2.193931 2.193931
G 4.387862 0.000000 4.387862
R 2.193931 2.193931 6.581793
K 0.000000 4.387862 4.387862
I -2.193931 2.193931 2.193931
A -4.387862 0.000000 4.387862
L -2.193931 -2.193931 6.581793
I 0.000000 -4.387862 4.387862
H 2.193931 -6.581793 6.581793
K 4.387862 -4.387862 8.775724
K 2.193931 -2.193931 10.969655
Y 0.000000 -0.000000 8.775724
G -2.193931 2.193931 10.969655


-29.450000	03013032130101301	00110010110011011011001000101
18

I 0.000000 0.000000 0.000000
G 2.193931 2.193931 -2.193931
L 4.387862 0.000000 -4.387862
R 6.581793 -2.193931 -2.193931
G 4.387862 -4.387862 0.000000
L 2.193931 -2.193931 2.193931
G 0.000000 -4.387862 4.387862
R -2.193931 -2.193931 6.581793
K -4.387862 0.000000 4.387862
I -2.193931 2.193931 2.193931
A 0.000000 4.387862 4.387862
L 2.193931 2.193931 6.581793
I 4.387862 0.000000 4.387862
H 6.581793 -2.193931 6.581793
K 4.387862 -4.387862 8.775724
K 2.193931 -2.193931 10.969655
Y 0.000000 0.000000 8.775724
G -2.193931 2.193931 10.969655


-28.780000	02102301013023101	00011000011100100010110001110
18

I 0.000000 0.000000 0.000000
G 2.193931 2.193931 -2.193931
L 4.387862 0.000000 -4.387862
R 6.581793 2.193931 -6.581793
G 4.387862 4.387862 -8.775724
L 2.193931 2.193931 -10.969655
G 4.387862 0.000000 -13.163586
R 6.581793 -2.193931 -10.969655
K 4.387862 -4.387862 -8.775724
I 2.193931 -2.193931 -6.581793
A 0.000000 -4.387862 -4.387862
L -2.193931 -2.193931 -2.193931
I -4.387862 0.000000 -4.387862
H -6.581793 -2.193931 -6.581793
K -4.387862 -4.387862 -8.775724
K -2.193931 -2.193931 -10.969655
Y 0.000000 0.000000 -8.775724
G -2.193931 2.193931 -6.581793


-28.780000	03103201012032101	00111000110100100010010011010
18

I 0.000000 0.000000 0.000000
G 2.193931 2.193931 -2.193931
L 4.387862 0.000000 -4.387862
R 6.581793 2.193931 -6.581793
G 8.775724 4.387862 -4.387862
L 10.969655 2.193931 -2.193931
G 13.163586 0.000000 -4.387862
R 10.969655 -2.193931 -6.581793
K 8.775724 -4.387862 -4.387862
I 6.581793 -2.193931 -2.193931
A 4.387862 -4.387862 -0.000000
L 2.193931 -2.193931 2.193931
I 4.387862 0.000000 4.387862
H 6.581793 -2.193931 6.581793
K 8.775724 -4.387862 4.387862
K 10.969655 -2.193931 2.193931
Y 8.775724 0.000000 -0.000000
G 6.581793 2.193931 2.193931


-28.550000	23203231230201301	01110100110111100111000100101
18

I 0.000000 0.000000 0.000000
G 2.193931 2.193931 -2.193931
L 4.387862 0.000000 -4.387862
R 6.581793 -2.193931 -2.193931
G 4.387862 -4.387862 0.000000
L 2.193931 -2.193931 2.193931
G 4.387862 0.000000 4.387862
R 2.193931 2.193931 6.581793
K 0.000000 4.387862 4.387862
I -2.193931 2.193931 2.193931
A -4.387862 0.000000 4.387862
L -2.193931 -2.193931 6.581793
I 0.000000 0.000000 8.775724
H 2.193931 -2.193931 10.969655
K 4.387862 -4.387862 8.775724
K 2.193931 -6.581793 6.581793
Y 0.000000 -4.387862 4.387862
G -2.193931 -6.581793 2.193931


-28.550000	13103132130101301	10111000111011011011001000101
18

I 0.000000 0.000000 0.000000
G 2.193931 2.193931 -2.193931
L 4.387862 0.000000 -4.387862
R 6.581793 -2.193931 -2.193931
G 4.387862 -4.387862 0.000000
L 2.193931 -2.193931 2.193931
G 0.000000 -4.387862 4.387862
R -2.193931 -2.193931 6.581793
K -4.387862 0.000000 4.387862
I -2.193931 2.193931 2.193931
A 0.000000 4.387862 4.387862
L 2.193931 2.193931 6.581793
I 0.000000 0.000000 8.775724
H 2.193931 -2.193931 10.969655
K 4.387862 -4.387862 8.775724
K 6.581793 -2.193931 6.581793
Y 4.387862 0.000000 4.387862
G 6.581793 2.193931 2.193931


-28.440000	02302101031021301	00011100011000100011100001101
18

I 0.000000 0.000000 0.000000
G 2.193931 2.193931 -2.193931
L 4.387862 0.000000 -4.387862
R 6.581793 -2.193931 -2.193931
G 4.387862 -4.387862 0.000000
L 2.193931 -6.581793 -2.193931
G 4.387862 -8.775724 -4.387862
R 6.581793 -6.581793 -6.581793
K 4.387862 -4.387862 -8.775724
I 2.193931 -2.193931 -6.581793
A 0.000000 -4.387862 -4.387862
L -2.193931 -2.193931 -2.193931
I -4.387862 -4.387862 -0.000000
H -6.581793 -6.581793 -2.193931
K -4.387862 -8.775724 -4.387862
K -2.193931 -10.969655 -2.193931
Y 0.000000 -8.775724 -0.000000
G -2.193931 -6.581793 2.193931


-28.270000	12312010130121301	10011110010010001011001001101
18

I 0.000000 0.000000 0.000000
G 2.193931 2.193931 -2.193931
L 4.387862 0.000000 -4.387862
R 6.581793 -2.193931 -2.193931
G 4.387862 -4.387862 0.000000
L 2.193931 -6.581793 -2.193931
G 0.000000 -8.775724 0.000000
R -2.193931 -6.581793 2.193931
K -4.387862 -4.387862 0.000000
I -2.193931 -2.193931 -2.193931
A 0.000000 -4.387862 -4.387862
L 2.193931 -2.193931 -6.581793
I 4.387862 -4.387862 -8.775724
H 2.193931 -6.581793 -10.969655
K 0.000000 -8.775724 -8.775724
K 2.193931 -10.969655 -6.581793
Y 4.387862 -8.775724 -4.387862
G 6.581793 -6.581793 -6.581793


-28.020000	02102301031021301	00011000011100100011100001101
18

I 0.000000 0.000000 0.000000
G 2.193931 2.193931 -2.193931
L 4.387862 0.000000 -4.387862
R 6.581793 -2.193931 -2.193931
G 4.387862 -4.387862 0.000000
L 2.193931 -6.581793 -2.193931
G 4.387862 -8.775724 -4.387862
R 6.581793 -6.581793 -6.581793
K 4.387862 -4.387862 -8.775724
I 2.193931 -2.193931 -6.581793
A 0.000000 -4.387862 -4.387862
L -2.193931 -2.193931 -2.193931
I -4.387862 -0.000000 -4.387862
H -6.581793 -2.193931 -6.581793
K -4.387862 -4.387862 -8.775724
K -2.193931 -2.193931 -10.969655
Y 0.000000 -0.000000 -8.775724
G -2.193931 2.193931 -6.581793


-27.890000	21321010132101301	01101101100010001011011000101
18

I 0.000000 0.000000 0.000000
G 2.193931 2.193931 -2.193931
L 4.387862 0.000000 -4.387862
R 6.581793 -2.193931 -2.193931
G 4.387862 -4.387862 0.000000
L 2.193931 -2.193931 2.193931
G 0.000000 -4.387862 4.387862
R -2.193931 -6.581793 2.193931
K -4.387862 -4.387862 0.000000
I -2.193931 -2.193931 -2.193931
A 0.000000 -4.387862 -4.387862
L 2.193931 -2.193931 -6.581793
I 4.387862 -4.387862 -8.775724
H 6.581793 -2.193931 -10.969655
K 8.775724 -0.000000 -8.775724
K 10.969655 -2.193931 -6.581793
Y 8.775724 -4.387862 -4.387862
G 6.581793 -6.581793 -6.581793


-27.850000	12012310130121301	10010010011110001011001001101
18

I 0.000000 0.000000 0.000000
G 2.193931 2.193931 -2.193931
L 4.387862 0.000000 -4.387862
R 6.581793 -2.193931 -2.193931
G 4.387862 -4.387862 0.000000
L 2.193931 -6.581793 -2.193931
G 0.000000 -8.775724 0.000000
R -2.193931 -6.581793 2.193931
K -4.387862 -4.387862 0.000000
I -2.193931 -2.193931 -2.193931
A 0.000000 -4.387862 -4.387862
L 2.193931 -2.193931 -6.581793
I 0.000000 -0.000000 -8.775724
H -2.193931 -2.193931 -10.969655
K -4.387862 -4.387862 -8.775724
K -6.581793 -2.193931 -6.581793
Y -4.387862 -0.000000 -4.387862
G -2.193931 2.193931 -6.581793


-27.790000	10132031230201301	10001011010011100111000100101
18

I 0.000000 0.000000 0.000000
G 2.193931 2.193931 -2.193931
L 4.387862 0.000000 -4.387862
R 6.581793 -2.193931 -2.193931
G 4.387862 -4.387862 0.000000
L 2.193931 -2.193931 2.193931
G 4.387862 0.000000 4.387862
R 2.193931 2.193931 6.581793
K 0.000000 4.387862 4.387862
I -2.193931 2.193931 2.193931
A -4.387862 0.000000 4.387862
L -2.193931 -2.193931 6.581793
I 0.000000 -4.387862 4.387862
H -2.193931 -6.581793 2.193931
K -4.387862 -4.387862 0.000000
K -2.193931 -2.193931 -2.193931
Y 0.000000 -4.387862 -4.387862
G 2.193931 -2.193931 -6.581793


-27.740000	32010310132101301	11010010001110001011011000101
18

I 0.000000 0.000000 0.000000
G 2.193931 2.193931 -2.193931
L 4.387862 0.000000 -4.387862
R 6.581793 -2.193931 -2.193931
G 4.387862 -4.387862 0.000000
L 2.193931 -2.193931 2.193931
G 0.000000 -4.387862 4.387862
R -2.193931 -6.581793 2.193931
K -4.387862 -4.387862 0.000000
I -2.193931 -2.193931 -2.193931
A 0.000000 -4.387862 -4.387862
L 2.193931 -2.193931 -6.581793
I 0.000000 -0.000000 -8.775724
H -2.193931 2.193931 -6.581793
K -4.387862 -0.000000 -4.387862
K -6.581793 2.193931 -2.193931
Y -4.387862 4.387862 -0.000000
G -2.193931 2.193931 2.193931


-27.740000	21021310132101301	01100001101110001011011000101
18

I 0.000000 0.000000 0.000000
G 2.193931 2.193931 -2.193931
L 4.387862 0.000000 -4.387862
R 6.581793 -2.193931 -2.193931
G 4.387862 -4.387862 0.000000
L 2.193931 -2.193931 2.193931
G 0.000000 -4.387862 4.387862
R -2.193931 -6.581793 2.193931
K -4.387862 -4.387862 0.000000
I -2.193931 -2.193931 -2.193931
A 0.000000 -4.387862 -4.387862
L 2.193931 -2.193931 -6.581793
I 0.000000 -0.000000 -8.775724
H 2.193931 2.193931 -10.969655
K 4.387862 4.387862 -8.775724
K 2.193931 6.581793 -6.581793
Y 0.000000 4.387862 -4.387862
G -2.193931 2.193931 -6.581793


-27.740000	10210310132101301	10000110001110001011011000101
18

I 0.000000 0.000000 0.000000
G 2.193931 2.193931 -2.193931
L 4.387862 0.000000 -4.387862
R 6.581793 -2.193931 -2.193931
G 4.387862 -4.387862 0.000000
L 2.193931 -2.193931 2.193931
G 0.000000 -4.387862 4.387862
R -2.193931 -6.581793 2.193931
K -4.387862 -4.387862 0.000000
I -2.193931 -2.193931 -2.193931
A 0.000000 -4.387862 -4.387862
L 2.193931 -2.193931 -6.581793
I 0.000000 -0.000000 -8.775724
H -2.193931 2.193931 -6.581793
K -4.387862 -0.000000 -4.387862
K -6.581793 -2.193931 -6.581793
Y -4.387862 -4.387862 -8.775724
G -2.193931 -2.193931 -10.969655


-27.600000	21201210213102101	01100100100110000110111000010
18

I 0.000000 0.000000 0.000000
G 2.193931 2.193931 -2.193931
L 4.387862 0.000000 -4.387862
R 6.581793 2.193931 -6.581793
G 8.775724 4.387862 -4.387862
L 6.581793 6.581793 -2.193931
G 4.387862 4.387862 -0.000000
R 6.581793 2.193931 2.193931
K 4.387862 0.000000 4.387862
I 2.193931 -2.193931 2.193931
A 4.387862 -4.387862 -0.000000
L 6.581793 -2.193931 -2.193931
I 8.775724 0.000000 -0.000000
H 10.969655 2.193931 -2.193931
K 13.163586 0.000000 -4.387862
K 10.969655 -2.193931 -6.581793
Y 8.775724 -4.387862 -4.387862
G 6.581793 -6.581793 -6.581793


-27.600000	21301310312103101	01101100101110001110011000110
18

I 0.000000 0.000000 0.000000
G 2.193931 2.193931 -2.193931
L 4.387862 0.000000 -4.387862
R 6.581793 2.193931 -6.581793
G 4.387862 4.387862 -8.775724
L 2.193931 6.581793 -6.581793
G 0.000000 4.387862 -4.387862
R -2.193931 2.193931 -6.581793
K -4.387862 0.000000 -4.387862
I -2.193931 -2.193931 -2.193931
A 0.000000 -4.387862 -4.387862
L 2.193931 -2.193931 -6.581793
I 0.000000 0.000000 -8.775724
H 2.193931 2.193931 -10.969655
K 4.387862 0.000000 -13.163586
K 6.581793 -2.193931 -10.969655
Y 4.387862 -4.387862 -8.775724
G 2.193931 -6.581793 -10.969655


-27.600000	31201210213102101	11100100100110000110111000010
18

I 0.000000 0.000000 0.000000
G 2.193931 2.193931 -2.193931
L 4.387862 0.000000 -4.387862
R 6.581793 2.193931 -6.581793
G 8.775724 4.387862 -4.387862
L 6.581793 6.581793 -2.193931
G 4.387862 4.387862 -0.000000
R 6.581793 2.193931 2.193931
K 4.387862 0.000000 4.387862
I 2.193931 -2.193931 2.193931
A 4.387862 -4.387862 -0.000000
L 6.581793 -2.193931 -2.193931
I 8.775724 0.000000 -0.000000
H 10.969655 2.193931 -2.193931
K 13.163586 0.000000 -4.387862
K 10.969655 -2.193931 -6.581793
Y 8.775724 -4.387862 -4.387862
G 10.969655 -6.581793 -2.193931


-27.600000	31301310312103101	11101100101110001110011000110
18

I 0.000000 0.000000 0.000000
G 2.193931 2.193931 -2.193931
L 4.387862 0.000000 -4.387862
R 6.581793 2.193931 -6.581793
G 4.387862 4.387862 -8.775724
L 2.193931 6.581793 -6.581793
G 0.000000 4.387862 -4.387862
R -2.193931 2.193931 -6.581793
K -4.387862 0.000000 -4.387862
I -2.193931 -2.193931 -2.193931
A 0.000000 -4.387862 -4.387862
L 2.193931 -2.193931 -6.581793
I 0.000000 0.000000 -8.775724
H 2.193931 2.193931 -10.969655
K 4.387862 0.000000 -13.163586
K 6.581793 -2.193931 -10.969655
Y 4.387862 -4.387862 -8.775724
G 6.581793 -6.581793 -6.581793


-27.600000	13021210213102101	10110001100110000110111000010
18

I 0.000000 0.000000 0.000000
G 2.193931 2.193931 -2.193931
L 4.387862 0.000000 -4.387862
R 6.581793 2.193931 -6.581793
G 8.775724 4.387862 -4.387862
L 6.581793 6.581793 -2.193931
G 4.387862 4.387862 -0.000000
R 6.581793 2.193931 2.193931
K 4.387862 0.000000 4.387862
I 2.193931 -2.193931 2.193931
A 4.387862 -4.387862 -0.000000
L 6.581793 -2.193931 -2.193931
I 8.775724 0.000000 -0.000000
H 10.969655 2.193931 -2.193931
K 13.163586 4.387862 -0.000000
K 10.969655 6.581793 2.193931
Y 8.775724 8.775724 -0.000000
G 10.969655 10.969655 -2.193931


-27.600000	02031310312103101	00010011101110001110011000110
18

I 0.000000 0.000000 0.000000
G 2.193931 2.193931 -2.193931
L 4.387862 0.000000 -4.387862
R 6.581793 2.193931 -6.581793
G 4.387862 4.387862 -8.775724
L 2.193931 6.581793 -6.581793
G 0.000000 4.387862 -4.387862
R -2.193931 2.193931 -6.581793
K -4.387862 0.000000 -4.387862
I -2.193931 -2.193931 -2.193931
A 0.000000 -4.387862 -4.387862
L 2.193931 -2.193931 -6.581793
I 0.000000 0.000000 -8.775724
H 2.193931 2.193931 -10.969655
K 0.000000 4.387862 -13.163586
K -2.193931 6.581793 -10.969655
Y 0.000000 8.775724 -8.775724
G -2.193931 10.969655 -6.581793


-27.600000	12031310312103101	10010011101110001110011000110
18

I 0.000000 0.000000 0.000000
G 2.193931 2.193931 -2.193931
L 4.387862 0.000000 -4.387862
R 6.581793 2.193931 -6.581793
G 4.387862 4.387862 -8.775724
L 2.193931 6.581793 -6.581793
G 0.000000 4.387862 -4.387862
R -2.193931 2.193931 -6.581793
K -4.387862 0.000000 -4.387862
I -2.193931 -2.193931 -2.193931
A 0.000000 -4.387862 -4.387862
L 2.193931 -2.193931 -6.581793
I 0.000000 0.000000 -8.775724
H 2.193931 2.193931 -10.969655
K 0.000000 4.387862 -13.163586
K -2.193931 6.581793 -10.969655
Y 0.000000 8.775724 -8.775724
G 2.193931 10.969655 -10.969655


-27.600000	03021210213102101	00110001100110000110111000010
18

I 0.000000 0.000000 0.000000
G 2.193931 2.193931 -2.193931
L 4.387862 0.000000 -4.387862
R 6.581793 2.193931 -6.581793
G 8.775724 4.387862 -4.387862
L 6.581793 6.581793 -2.193931
G 4.387862 4.387862 -0.000000
R 6.581793 2.193931 2.193931
K 4.387862 0.000000 4.387862
I 2.193931 -2.193931 2.193931
A 4.387862 -4.387862 -0.000000
L 6.581793 -2.193931 -2.193931
I 8.775724 0.000000 -0.000000
H 10.969655 2.193931 -2.193931
K 13.163586 4.387862 -0.000000
K 10.969655 6.581793 2.193931
Y 8.775724 8.775724 -0.000000
G 6.581793 10.969655 2.193931


-27.560000	03103032130101301	00111000110011011011001000101
18

I 0.000000 0.000000 0.000000
G 2.193931 2.193931 -2.193931
L 4.387862 0.000000 -4.387862
R 6.581793 -2.193931 -2.193931
G 4.387862 -4.387862 0.000000
L 2.193931 -2.193931 2.193931
G 0.000000 -4.387862 4.387862
R -2.193931 -2.193931 6.581793
K -4.387862 0.000000 4.387862
I -2.193931 2.193931 2.193931
A 0.000000 4.387862 4.387862
L 2.193931 2.193931 6.581793
I 4.387862 0.000000 4.387862
H 6.581793 -2.193931 6.581793
K 8.775724 -4.387862 4.387862
K 10.969655 -2.193931 2.193931
Y 8.775724 0.000000 0.000000
G 6.581793 2.193931 2.193931


-27.520000	23123010210132101	01111001110010000110001011010
18

I 0.000000 0.000000 0.000000
G 2.193931 2.193931 -2.193931
L 4.387862 0.000000 -4.387862
R 6.581793 2.193931 -6.581793
G 8.775724 4.387862 -4.387862
L 10.969655 2.193931 -2.193931
G 8.775724 0.000000 -0.000000
R 6.581793 2.193931 2.193931
K 4.387862 0.000000 4.387862
I 2.193931 -2.193931 2.193931
A 4.387862 -4.387862 -0.000000
L 6.581793 -2.193931 -2.193931
I 8.775724 -4.387862 -4.387862
H 10.969655 -6.581793 -2.193931
K 13.163586 -4.387862 -0.000000
K 15.357517 -2.193931 -2.193931
Y 13.163586 -0.000000 -4.387862
G 10.969655 -2.193931 -6.581793


-27.520000	32132010310123101	11011011010010001110001001110
18

I 0.000000 0.000000 0.000000
G 2.193931 2.193931 -2.193931
L 4.387862 0.000000 -4.387862
R 6.581793 2.193931 -6.581793
G 4.387862 4.387862 -8.775724
L 2.193931 2.193931 -10.969655
G 0.000000 0.000000 -8.775724
R -2.193931 2.193931 -6.581793
K -4.387862 0.000000 -4.387862
I -2.193931 -2.193931 -2.193931
A 0.000000 -4.387862 -4.387862
L 2.193931 -2.193931 -6.581793
I 4.387862 -4.387862 -8.775724
H 2.193931 -6.581793 -10.969655
K 0.000000 -4.387862 -13.163586
K 2.193931 -2.193931 -15.357517
Y 4.387862 -0.000000 -13.163586
G 6.581793 -2.193931 -10.969655


-27.220000	12312013102101301	10011110010010111000011000101
18

I 0.000000 0.000000 0.000000
G 2.193931 2.193931 -2.193931
L 4.387862 0.000000 -4.387862
R 6.581793 -2.193931 -2.193931
G 4.387862 -4.387862 0.000000
L 2.193931 -2.193931 2.193931
G 0.000000 -4.387862 4.387862
R -2.193931 -6.581793 2.193931
K 0.000000 -8.775724 0.000000
I 2.193931 -6.581793 -2.193931
A 0.000000 -4.387862 -4.387862
L 2.193931 -2.193931 -6.581793
I 4.387862 -4.387862 -8.775724
H 2.193931 -6.581793 -10.969655
K 0.000000 -8.775724 -8.775724
K 2.193931 -10.969655 -6.581793
Y 4.387862 -8.775724 -4.387862
G 6.581793 -6.581793 -6.581793


-27.220000	13023010213102101	10110001110010000110111000010
18

I 0.000000 0.000000 0.000000
G 2.193931 2.193931 -2.193931
L 4.387862 0.000000 -4.387862
R 6.581793 2.193931 -6.581793
G 8.775724 4.387862 -4.387862
L 6.581793 6.581793 -2.193931
G 4.387862 4.387862 -0.000000
R 6.581793 2.193931 2.193931
K 4.387862 0.000000 4.387862
I 2.193931 -2.193931 2.193931
A 4.387862 -4.387862 -0.000000
L 6.581793 -2.193931 -2.193931
I 8.775724 -4.387862 -4.387862
H 10.969655 -6.581793 -2.193931
K 13.163586 -4.387862 -0.000000
K 10.969655 -2.193931 2.193931
Y 8.775724 0.000000 -0.000000
G 10.969655 2.193931 -2.193931


-27.220000	12032010312103101	10010011010010001110011000110
18

I 0.000000 0.000000 0.000000
G 2.193931 2.193931 -2.193931
L 4.387862 0.000000 -4.387862
R 6.581793 2.193931 -6.581793
G 4.387862 4.387862 -8.775724
L 2.193931 6.581793 -6.581793
G 0.000000 4.387862 -4.387862
R -2.193931 2.193931 -6.581793
K -4.387862 0.000000 -4.387862
I -2.193931 -2.193931 -2.193931
A 0.000000 -4.387862 -4.387862
L 2.193931 -2.193931 -6.581793
I 4.387862 -4.387862 -8.775724
H 2.193931 -6.581793 -10.969655
K 0.000000 -4.387862 -13.163586
K -2.193931 -2.193931 -10.969655
Y 0.000000 0.000000 -8.775724
G 2.193931 2.193931 -10.969655


-27.190000	31201213132101301	11100100100110111011011000101
18

I 0.000000 0.000000 0.000000
G 2.193931 2.193931 -2.193931
L 4.387862 0.000000 -4.387862
R 6.581793 -2.193931 -2.193931
G 4.387862 -4.387862 0.000000
L 2.193931 -2.193931 2.193931
G 0.000000 -4.387862 4.387862
R -2.193931 -6.581793 2.193931
K -4.387862 -4.387862 0.000000
I -2.193931 -2.193931 -2.193931
A -4.387862 -0.000000 -4.387862
L -2.193931 2.193931 -6.581793
I 0.000000 4.387862 -4.387862
H 2.193931 6.581793 -6.581793
K 4.387862 4.387862 -8.775724
K 2.193931 2.193931 -10.969655
Y 0.000000 -0.000000 -8.775724
G 2.193931 -2.193931 -6.581793


-27.160000	20130103102101301	01001011001000111000011000101
18

I 0.000000 0.000000 0.000000
G 2.193931 2.193931 -2.193931
L 4.387862 0.000000 -4.387862
R 6.581793 -2.193931 -2.193931
G 4.387862 -4.387862 0.000000
L 2.193931 -2.193931 2.193931
G 0.000000 -4.387862 4.387862
R -2.193931 -6.581793 2.193931
K 0.000000 -8.775724 0.000000
I 2.193931 -6.581793 -2.193931
A 0.000000 -4.387862 -4.387862
L -2.193931 -2.193931 -2.193931
I -4.387862 -4.387862 0.000000
H -6.581793 -2.193931 2.193931
K -8.775724 -0.000000 0.000000
K -6.581793 2.193931 -2.193931
Y -4.387862 -0.000000 -4.387862
G -6.581793 -2.193931 -6.581793


-27.160000	10130103102101301	10001011001000111000011000101
18

I 0.000000 0.000000 0.000000
G 2.193931 2.193931 -2.193931
L 4.387862 0.000000 -4.387862
R 6.581793 -2.193931 -2.193931
G 4.387862 -4.387862 0.000000
L 2.193931 -2.193931 2.193931
G 0.000000 -4.387862 4.387862
R -2.193931 -6.581793 2.193931
K 0.000000 -8.775724 0.000000
I 2.193931 -6.581793 -2.193931
A 0.000000 -4.387862 -4.387862
L -2.193931 -2.193931 -2.193931
I -4.387862 -4.387862 0.000000
H -6.581793 -2.193931 2.193931
K -8.775724 -0.000000 0.000000
K -6.581793 2.193931 -2.193931
Y -4.387862 -0.000000 -4.387862
G -2.193931 2.193931 -6.581793


-27.160000	12132103102101301	10011011011000111000011000101
18

I 0.000000 0.000000 0.000000
G 2.193931 2.193931 -2.193931
L 4.387862 0.000000 -4.387862
R 6.581793 -2.193931 -2.193931
G 4.387862 -4.387862 0.000000
L 2.193931 -2.193931 2.193931
G 0.000000 -4.387862 4.387862
R -2.193931 -6.581793 2.193931
K 0.000000 -8.775724 0.000000
I 2.193931 -6.581793 -2.193931
A 0.000000 -4.387862 -4.387862
L -2.193931 -2.193931 -2.193931
I -4.387862 -4.387862 0.000000
H -6.581793 -6.581793 -2.193931
K -8.775724 -4.387862 -4.387862
K -6.581793 -2.193931 -6.581793
Y -4.387862 -0.000000 -4.387862
G -2.193931 2.193931 -6.581793


-27.160000	02132103102101301	00011011011000111000011000101
18

I 0.000000 0.000000 0.000000
G 2.193931 2.193931 -2.193931
L 4.387862 0.000000 -4.387862
R 6.581793 -2.193931 -2.193931
G 4.387862 -4.387862 0.000000
L 2.193931 -2.193931 2.193931
G 0.000000 -4.387862 4.387862
R -2.193931 -6.581793 2.193931
K 0.000000 -8.775724 0.000000
I 2.193931 -6.581793 -2.193931
A 0.000000 -4.387862 -4.387862
L -2.193931 -2.193931 -2.193931
I -4.387862 -4.387862 0.000000
H -6.581793 -6.581793 -2.193931
K -8.775724 -4.387862 -4.387862
K -6.581793 -2.193931 -6.581793
Y -4.387862 -0.000000 -4.387862
G -6.581793 2.193931 -2.193931


-27.040000	12102130132101301	10011000011011001011011000101
18

I 0.000000 0.000000 0.000000
G 2.193931 2.193931 -2.193931
L 4.387862 0.000000 -4.387862
R 6.581793 -2.193931 -2.193931
G 4.387862 -4.387862 0.000000
L 2.193931 -2.193931 2.193931
G 0.000000 -4.387862 4.387862
R -2.193931 -6.581793 2.193931
K -4.387862 -4.387862 0.000000
I -2.193931 -2.193931 -2.193931
A 0.000000 -4.387862 -4.387862
L 2.193931 -6.581793 -2.193931
I 0.000000 -8.775724 0.000000
H -2.193931 -10.969655 -2.193931
K 0.000000 -13.163586 -4.387862
K 2.193931 -10.969655 -6.581793
Y 4.387862 -8.775724 -4.387862
G 6.581793 -6.581793 -6.581793


-27.040000	23103130132101301	01111000111011001011011000101
18

I 0.000000 0.000000 0.000000
G 2.193931 2.193931 -2.193931
L 4.387862 0.000000 -4.387862
R 6.581793 -2.193931 -2.193931
G 4.387862 -4.387862 0.000000
L 2.193931 -2.193931 2.193931
G 0.000000 -4.387862 4.387862
R -2.193931 -6.581793 2.193931
K -4.387862 -4.387862 0.000000
I -2.193931 -2.193931 -2.193931
A 0.000000 -4.387862 -4.387862
L 2.193931 -6.581793 -2.193931
I 0.000000 -8.775724 0.000000
H 2.193931 -10.969655 2.193931
K 4.387862 -13.163586 0.000000
K 6.581793 -10.969655 -2.193931
Y 4.387862 -8.775724 -4.387862
G 2.193931 -10.969655 -6.581793


-27.040000	32102130132101301	11011000011011001011011000101
18

I 0.000000 0.000000 0.000000
G 2.193931 2.193931 -2.193931
L 4.387862 0.000000 -4.387862
R 6.581793 -2.193931 -2.193931
G 4.387862 -4.387862 0.000000
L 2.193931 -2.193931 2.193931
G 0.000000 -4.387862 4.387862
R -2.193931 -6.581793 2.193931
K -4.387862 -4.387862 0.000000
I -2.193931 -2.193931 -2.193931
A 0.000000 -4.387862 -4.387862
L 2.193931 -6.581793 -2.193931
I 0.000000 -8.775724 0.000000
H -2.193931 -10.969655 -2.193931
K 0.000000 -13.163586 -4.387862
K 2.193931 -10.969655 -6.581793
Y 4.387862 -8.775724 -4.387862
G 6.581793 -10.969655 -2.193931


-27.040000	13103130132101301	10111000111011001011011000101
18

I 0.000000 0.000000 0.000000
G 2.193931 2.193931 -2.193931
L 4.387862 0.000000 -4.387862
R 6.581793 -2.193931 -2.193931
G 4.387862 -4.387862 0.000000
L 2.193931 -2.193931 2.193931
G 0.000000 -4.387862 4.387862
R -2.193931 -6.581793 2.193931
K -4.387862 -4.387862 0.000000
I -2.193931 -2.193931 -2.193931
A 0.000000 -4.387862 -4.387862
L 2.193931 -6.581793 -2.193931
I 0.000000 -8.775724 0.000000
H 2.193931 -10.969655 2.193931
K 4.387862 -13.163586 0.000000
K 6.581793 -10.969655 -2.193931
Y 4.387862 -8.775724 -4.387862
G 6.581793 -6.581793 -6.581793


-26.770000	12312013132101301	10011110010010111011011000101
18

I 0.000000 0.000000 0.000000
G 2.193931 2.193931 -2.193931
L 4.387862 0.000000 -4.387862
R 6.581793 -2.193931 -2.193931
G 4.387862 -4.387862 0.000000
L 2.193931 -2.193931 2.193931
G 0.000000 -4.387862 4.387862
R -2.193931 -6.581793 2.193931
K -4.387862 -4.387862 0.000000
I -2.193931 -2.193931 -2.193931
A -4.387862 -0.000000 -4.387862
L -2.193931 2.193931 -6.581793
I 0.000000 -0.000000 -8.775724
H -2.193931 -2.193931 -10.969655
K -4.387862 -4.387862 -8.775724
K -2.193931 -6.581793 -6.581793
Y 0.000000 -4.387862 -4.387862
G 2.193931 -2.193931 -6.581793


-26.690000	20310303102101301	01001110001100111000011000101
18

I 0.000000 0.000000 0.000000
G 2.193931 2.193931 -2.193931
L 4.387862 0.000000 -4.387862
R 6.581793 -2.193931 -2.193931
G 4.387862 -4.387862 0.000000
L 2.193931 -2.193931 2.193931
G 0.000000 -4.387862 4.387862
R -2.193931 -6.581793 2.193931
K 0.000000 -8.775724 0.000000
I 2.193931 -6.581793 -2.193931
A 0.000000 -4.387862 -4.387862
L -2.193931 -2.193931 -2.193931
I -4.387862 -0.000000 -4.387862
H -6.581793 2.193931 -2.193931
K -8.775724 -0.000000 0.000000
K -6.581793 -2.193931 2.193931
Y -4.387862 -4.387862 0.000000
G -6.581793 -6.581793 -2.193931


-26.690000	02312303102101301	00011110011100111000011000101
18

I 0.000000 0.000000 0.000000
G 2.193931 2.193931 -2.193931
L 4.387862 0.000000 -4.387862
R 6.581793 -2.193931 -2.193931
G 4.387862 -4.387862 0.000000
L 2.193931 -2.193931 2.193931
G 0.000000 -4.387862 4.387862
R -2.193931 -6.581793 2.193931
K 0.000000 -8.775724 0.000000
I 2.193931 -6.581793 -2.193931
A 0.000000 -4.387862 -4.387862
L -2.193931 -2.193931 -2.193931
I -4.387862 -0.000000 -4.387862
H -6.581793 -2.193931 -6.581793
K -8.775724 -4.387862 -4.387862
K -6.581793 -6.581793 -2.193931
Y -4.387862 -4.387862 -0.000000
G -6.581793 -2.193931 2.193931


-26.690000	30320301203201301	11001101001100100100110100101
18

I 0.000000 0.000000 0.000000
G 2.193931 2.193931 -2.193931
L 4.387862 0.000000 -4.387862
R 6.581793 -2.193931 -2.193931
G 4.387862 -4.387862 0.000000
L 2.193931 -2.193931 2.193931
G 4.387862 0.000000 4.387862
R 6.581793 -2.193931 6.581793
K 8.775724 -4.387862 4.387862
I 6.581793 -6.581793 2.193931
A 4.387862 -8.775724 4.387862
L 2.193931 -6.581793 6.581793
I 0.000000 -4.387862 4.387862
H -2.193931 -2.193931 6.581793
K 0.000000 -0.000000 8.775724
K 2.193931 -2.193931 10.969655
Y 4.387862 -4.387862 8.775724
G 6.581793 -6.581793 10.969655


-26.690000	30310302103101301	11001110001100011000111000101
18

I 0.000000 0.000000 0.000000
G 2.193931 2.193931 -2.193931
L 4.387862 0.000000 -4.387862
R 6.581793 -2.193931 -2.193931
G 4.387862 -4.387862 0.000000
L 2.193931 -2.193931 2.193931
G 0.000000 -4.387862 4.387862
R 2.193931 -6.581793 6.581793
K 4.387862 -8.775724 4.387862
I 6.581793 -6.581793 2.193931
A 8.775724 -4.387862 4.387862
L 6.581793 -2.193931 6.581793
I 4.387862 -0.000000 4.387862
H 2.193931 2.193931 6.581793
K 0.000000 -0.000000 8.775724
K 2.193931 -2.193931 10.969655
Y 4.387862 -4.387862 8.775724
G 6.581793 -6.581793 10.969655


-26.620000	21031010132101301	01100011100010001011011000101
18

I 0.000000 0.000000 0.000000
G 2.193931 2.193931 -2.193931
L 4.387862 0.000000 -4.387862
R 6.581793 -2.193931 -2.193931
G 4.387862 -4.387862 0.000000
L 2.193931 -2.193931 2.193931
G 0.000000 -4.387862 4.387862
R -2.193931 -6.581793 2.193931
K -4.387862 -4.387862 0.000000
I -2.193931 -2.193931 -2.193931
A 0.000000 -4.387862 -4.387862
L 2.193931 -2.193931 -6.581793
I 4.387862 -4.387862 -8.775724
H 6.581793 -2.193931 -10.969655
K 4.387862 -0.000000 -13.163586
K 2.193931 2.193931 -10.969655
Y 0.000000 -0.000000 -8.775724
G -2.193931 -2.193931 -10.969655


-26.620000	02032010132101301	00010011010010001011011000101
18

I 0.000000 0.000000 0.000000
G 2.193931 2.193931 -2.193931
L 4.387862 0.000000 -4.387862
R 6.581793 -2.193931 -2.193931
G 4.387862 -4.387862 0.000000
L 2.193931 -2.193931 2.193931
G 0.000000 -4.387862 4.387862
R -2.193931 -6.581793 2.193931
K -4.387862 -4.387862 0.000000
I -2.193931 -2.193931 -2.193931
A 0.000000 -4.387862 -4.387862
L 2.193931 -2.193931 -6.581793
I 4.387862 -4.387862 -8.775724
H 2.193931 -6.581793 -10.969655
K 0.000000 -4.387862 -13.163586
K -2.193931 -2.193931 -10.969655
Y 0.000000 -0.000000 -8.775724
G -2.193931 2.193931 -6.581793


-26.620000	31301310132101301	11101100101110001011011000101
18

I 0.000000 0.000000 0.000000
G 2.193931 2.193931 -2.193931
L 4.387862 0.000000 -4.387862
R 6.581793 -2.193931 -2.193931
G 4.387862 -4.387862 0.000000
L 2.193931 -2.193931 2.193931
G 0.000000 -4.387862 4.387862
R -2.193931 -6.581793 2.193931
K -4.387862 -4.387862 0.000000
I -2.193931 -2.193931 -2.193931
A 0.000000 -4.387862 -4.387862
L 2.193931 -2.193931 -6.581793
I 0.000000 -0.000000 -8.775724
H 2.193931 2.193931 -10.969655
K 4.387862 -0.000000 -13.163586
K 6.581793 -2.193931 -10.969655
Y 4.387862 -4.387862 -8.775724
G 6.581793 -6.581793 -6.581793


-26.620000	12032010132101301	10010011010010001011011000101
18

I 0.000000 0.000000 0.000000
G 2.193931 2.193931 -2.193931
L 4.387862 0.000000 -4.387862
R 6.581793 -2.193931 -2.193931
G 4.387862 -4.387862 0.000000
L 2.193931 -2.193931 2.193931
G 0.000000 -4.387862 4.387862
R -2.193931 -6.581793 2.193931
K -4.387862 -4.387862 0.000000
I -2.193931 -2.193931 -2.193931
A 0.000000 -4.387862 -4.387862
L 2.193931 -2.193931 -6.581793
I 4.387862 -4.387862 -8.775724
H 2.193931 -6.581793 -10.969655
K 0.000000 -4.387862 -13.163586
K -2.193931 -2.193931 -10.969655
Y 0.000000 -0.000000 -8.775724
G 2.193931 2.193931 -10.969655


-26.620000	21301310132101301	01101100101110001011011000101
18

I 0.000000 0.000000 0.000000
G 2.193931 2.193931 -2.193931
L 4.387862 0.000000 -4.387862
R 6.581793 -2.193931 -2.193931
G 4.387862 -4.387862 0.000000
L 2.193931 -2.193931 2.193931
G 0.000000 -4.387862 4.387862
R -2.193931 -6.581793 2.193931
K -4.387862 -4.387862 0.000000
I -2.193931 -2.193931 -2.193931
A 0.000000 -4.387862 -4.387862
L 2.193931 -2.193931 -6.581793
I 0.000000 -0.000000 -8.775724
H 2.193931 2.193931 -10.969655
K 4.387862 -0.000000 -13.163586
K 6.581793 -2.193931 -10.969655
Y 4.387862 -4.387862 -8.775724
G 2.193931 -6.581793 -10.969655


-26.620000	12302310132101301	10011100011110001011011000101
18

I 0.000000 0.000000 0.000000
G 2.193931 2.193931 -2.193931
L 4.387862 0.000000 -4.387862
R 6.581793 -2.193931 -2.193931
G 4.387862 -4.387862 0.000000
L 2.193931 -2.193931 2.193931
G 0.000000 -4.387862 4.387862
R -2.193931 -6.581793 2.193931
K -4.387862 -4.387862 0.000000
I -2.193931 -2.193931 -2.193931
A 0.000000 -4.387862 -4.387862
L 2.193931 -2.193931 -6.581793
I 0.000000 -0.000000 -8.775724
H -2.193931 -2.193931 -10.969655
K 0.000000 -4.387862 -13.163586
K 2.193931 -6.581793 -10.969655
Y 4.387862 -4.387862 -8.775724
G 6.581793 -2.193931 -10.969655


