-84.860000	b038b6510b640
14

R 0.000000 0.000000 0.000000
G 2.687006 2.687006 0.000000
K 5.374012 2.687006 2.687006
W 2.687006 0.000000 2.687006
T 0.000000 0.000000 5.374012
Y 2.687006 2.687006 5.374012
N 0.000000 5.374012 5.374012
G 2.687006 5.374012 2.687006
I 0.000000 2.687006 2.687006
T -2.687006 2.687006 5.374012
Y -2.687006 0.000000 2.687006
E -2.687006 2.687006 0.000000
G 0.000000 5.374012 0.000000
R -2.687006 5.374012 2.687006


-84.520000	9a74351659640
14

R 0.000000 0.000000 0.000000
G 2.687006 2.687006 0.000000
K 5.374012 2.687006 2.687006
W 2.687006 0.000000 2.687006
T 2.687006 -2.687006 5.374012
Y 5.374012 -2.687006 2.687006
N 2.687006 -5.374012 2.687006
G 0.000000 -2.687006 2.687006
I 2.687006 -2.687006 0.000000
T 2.687006 0.000000 -2.687006
Y 5.374012 0.000000 0.000000
E 8.061017 -2.687006 0.000000
G 5.374012 -2.687006 -2.687006
R 5.374012 -5.374012 0.000000


-84.440000	3674351659640
14

R 0.000000 0.000000 0.000000
G 2.687006 2.687006 0.000000
K 5.374012 2.687006 2.687006
W 2.687006 0.000000 2.687006
T 2.687006 -2.687006 5.374012
Y 5.374012 -2.687006 2.687006
N 2.687006 -5.374012 2.687006
G 0.000000 -2.687006 2.687006
I 2.687006 -2.687006 0.000000
T 2.687006 0.000000 -2.687006
Y 5.374012 0.000000 0.000000
E 8.061017 -2.687006 0.000000
G 5.374012 -5.374012 0.000000
R 5.374012 -2.687006 -2.687006


-84.440000	729637ab32640
14

R 0.000000 0.000000 0.000000
G 2.687006 2.687006 0.000000
K 5.374012 2.687006 2.687006
W 2.687006 0.000000 2.687006
T 2.687006 2.687006 5.374012
Y 2.687006 5.374012 2.687006
N 0.000000 5.374012 5.374012
G -2.687006 5.374012 2.687006
I 0.000000 2.687006 2.687006
T 0.000000 5.374012 0.000000
Y -2.687006 2.687006 0.000000
E -2.687006 0.000000 2.687006
G -2.687006 2.687006 5.374012
R 0.000000 0.000000 5.374012


-84.360000	b038b1567b140
14

R 0.000000 0.000000 0.000000
G 2.687006 2.687006 0.000000
K 5.374012 2.687006 2.687006
W 2.687006 5.374012 2.687006
T 0.000000 5.374012 5.374012
Y 2.687006 2.687006 5.374012
N 0.000000 0.000000 5.374012
G 2.687006 0.000000 2.687006
I 0.000000 2.687006 2.687006
T -2.687006 2.687006 5.374012
Y -2.687006 0.000000 2.687006
E -2.687006 2.687006 0.000000
G 0.000000 5.374012 0.000000
R -2.687006 5.374012 2.687006


-84.340000	7a327415a7640
14

R 0.000000 0.000000 0.000000
G 2.687006 2.687006 0.000000
K 5.374012 2.687006 2.687006
W 2.687006 0.000000 2.687006
T 5.374012 -2.687006 2.687006
Y 2.687006 -2.687006 0.000000
N 5.374012 -2.687006 -2.687006
G 2.687006 0.000000 -2.687006
I 5.374012 0.000000 0.000000
T 8.061017 -2.687006 0.000000
Y 8.061017 0.000000 2.687006
E 8.061017 2.687006 0.000000
G 5.374012 2.687006 -2.687006
R 8.061017 0.000000 -2.687006


-84.300000	9a190903ab640
14

R 0.000000 0.000000 0.000000
G 2.687006 2.687006 0.000000
K 5.374012 2.687006 2.687006
W 2.687006 0.000000 2.687006
T 0.000000 0.000000 5.374012
Y -2.687006 0.000000 2.687006
N -2.687006 2.687006 0.000000
G 0.000000 5.374012 0.000000
I 0.000000 2.687006 2.687006
T 2.687006 5.374012 2.687006
Y 2.687006 2.687006 5.374012
E 0.000000 5.374012 5.374012
G -2.687006 5.374012 2.687006
R -2.687006 2.687006 5.374012


-84.290000	b038b3b87b140
14

R 0.000000 0.000000 0.000000
G 2.687006 2.687006 0.000000
K 5.374012 2.687006 2.687006
W 2.687006 5.374012 2.687006
T 0.000000 5.374012 5.374012
Y 2.687006 2.687006 5.374012
N 2.687006 0.000000 2.687006
G 0.000000 0.000000 5.374012
I 0.000000 2.687006 2.687006
T -2.687006 2.687006 5.374012
Y -2.687006 0.000000 2.687006
E -2.687006 2.687006 0.000000
G 0.000000 5.374012 0.000000
R -2.687006 5.374012 2.687006


-84.290000	0984351659640
14

R 0.000000 0.000000 0.000000
G 2.687006 2.687006 0.000000
K 5.374012 2.687006 2.687006
W 2.687006 0.000000 2.687006
T 2.687006 -2.687006 5.374012
Y 5.374012 -2.687006 2.687006
N 2.687006 -5.374012 2.687006
G 0.000000 -2.687006 2.687006
I 2.687006 -2.687006 0.000000
T 2.687006 0.000000 -2.687006
Y 5.374012 0.000000 0.000000
E 5.374012 -2.687006 -2.687006
G 5.374012 -5.374012 0.000000
R 8.061017 -2.687006 0.000000


-84.280000	5238b8b30b640
14

R 0.000000 0.000000 0.000000
G 2.687006 2.687006 0.000000
K 5.374012 2.687006 2.687006
W 2.687006 0.000000 2.687006
T 0.000000 0.000000 5.374012
Y 2.687006 2.687006 5.374012
N 2.687006 5.374012 2.687006
G 0.000000 5.374012 5.374012
I 0.000000 2.687006 2.687006
T -2.687006 2.687006 5.374012
Y -2.687006 0.000000 2.687006
E -2.687006 2.687006 0.000000
G -2.687006 5.374012 2.687006
R 0.000000 5.374012 0.000000


-84.260000	523a956b32640
14

R 0.000000 0.000000 0.000000
G 2.687006 2.687006 0.000000
K 5.374012 2.687006 2.687006
W 2.687006 0.000000 2.687006
T 2.687006 2.687006 5.374012
Y 2.687006 5.374012 2.687006
N 0.000000 5.374012 5.374012
G -2.687006 2.687006 5.374012
I 0.000000 2.687006 2.687006
T 0.000000 0.000000 5.374012
Y -2.687006 0.000000 2.687006
E -2.687006 2.687006 0.000000
G -2.687006 5.374012 2.687006
R 0.000000 5.374012 0.000000


-84.200000	b038b8b30b640
14

R 0.000000 0.000000 0.000000
G 2.687006 2.687006 0.000000
K 5.374012 2.687006 2.687006
W 2.687006 0.000000 2.687006
T 0.000000 0.000000 5.374012
Y 2.687006 2.687006 5.374012
N 2.687006 5.374012 2.687006
G 0.000000 5.374012 5.374012
I 0.000000 2.687006 2.687006
T -2.687006 2.687006 5.374012
Y -2.687006 0.000000 2.687006
E -2.687006 2.687006 0.000000
G 0.000000 5.374012 0.000000
R -2.687006 5.374012 2.687006


-84.200000	4329a9a30b640
14

R 0.000000 0.000000 0.000000
G 2.687006 2.687006 0.000000
K 5.374012 2.687006 2.687006
W 2.687006 0.000000 2.687006
T 0.000000 0.000000 5.374012
Y 2.687006 2.687006 5.374012
N 2.687006 5.374012 2.687006
G 0.000000 5.374012 0.000000
I 0.000000 2.687006 2.687006
T -2.687006 2.687006 0.000000
Y -2.687006 0.000000 2.687006
E -2.687006 2.687006 5.374012
G -2.687006 5.374012 2.687006
R 0.000000 5.374012 5.374012


-84.190000	5238b1567b140
14

R 0.000000 0.000000 0.000000
G 2.687006 2.687006 0.000000
K 5.374012 2.687006 2.687006
W 2.687006 5.374012 2.687006
T 0.000000 5.374012 5.374012
Y 2.687006 2.687006 5.374012
N 0.000000 0.000000 5.374012
G 2.687006 0.000000 2.687006
I 0.000000 2.687006 2.687006
T -2.687006 2.687006 5.374012
Y -2.687006 0.000000 2.687006
E -2.687006 2.687006 0.000000
G -2.687006 5.374012 2.687006
R 0.000000 5.374012 0.000000


-84.120000	5238b3b87b140
14

R 0.000000 0.000000 0.000000
G 2.687006 2.687006 0.000000
K 5.374012 2.687006 2.687006
W 2.687006 5.374012 2.687006
T 0.000000 5.374012 5.374012
Y 2.687006 2.687006 5.374012
N 2.687006 0.000000 2.687006
G 0.000000 0.000000 5.374012
I 0.000000 2.687006 2.687006
T -2.687006 2.687006 5.374012
Y -2.687006 0.000000 2.687006
E -2.687006 2.687006 0.000000
G -2.687006 5.374012 2.687006
R 0.000000 5.374012 0.000000


-84.100000	0ab9001819640
14

R 0.000000 0.000000 0.000000
G 2.687006 2.687006 0.000000
K 5.374012 2.687006 2.687006
W 2.687006 0.000000 2.687006
T 2.687006 -2.687006 5.374012
Y 0.000000 0.000000 5.374012
N 0.000000 -2.687006 2.687006
G -2.687006 0.000000 2.687006
I 0.000000 2.687006 2.687006
T 2.687006 5.374012 2.687006
Y 2.687006 2.687006 5.374012
E 0.000000 2.687006 8.061017
G -2.687006 2.687006 5.374012
R 0.000000 5.374012 5.374012


-84.100000	5238b6510b640
14

R 0.000000 0.000000 0.000000
G 2.687006 2.687006 0.000000
K 5.374012 2.687006 2.687006
W 2.687006 0.000000 2.687006
T 0.000000 0.000000 5.374012
Y 2.687006 2.687006 5.374012
N 0.000000 5.374012 5.374012
G 2.687006 5.374012 2.687006
I 0.000000 2.687006 2.687006
T -2.687006 2.687006 5.374012
Y -2.687006 0.000000 2.687006
E -2.687006 2.687006 0.000000
G -2.687006 5.374012 2.687006
R 0.000000 5.374012 0.000000


-84.050000	149811657b410
14

R 0.000000 0.000000 0.000000
G 2.687006 2.687006 0.000000
K 0.000000 5.374012 0.000000
W 2.687006 5.374012 2.687006
T 0.000000 5.374012 5.374012
Y 2.687006 2.687006 5.374012
N 5.374012 2.687006 2.687006
G 2.687006 0.000000 2.687006
I 0.000000 2.687006 2.687006
T -2.687006 5.374012 2.687006
Y -2.687006 2.687006 0.000000
E -2.687006 0.000000 2.687006
G 0.000000 0.000000 5.374012
R -2.687006 2.687006 5.374012


-84.050000	158911647a510
14

R 0.000000 0.000000 0.000000
G 2.687006 2.687006 0.000000
K 0.000000 5.374012 0.000000
W 2.687006 5.374012 -2.687006
T 0.000000 5.374012 -5.374012
Y 2.687006 2.687006 -5.374012
N 5.374012 2.687006 -2.687006
G 2.687006 0.000000 -2.687006
I 0.000000 2.687006 -2.687006
T -2.687006 5.374012 -2.687006
Y -2.687006 2.687006 0.000000
E -2.687006 0.000000 -2.687006
G 0.000000 0.000000 -5.374012
R -2.687006 2.687006 -5.374012


-84.040000	029819a30b640
14

R 0.000000 0.000000 0.000000
G 2.687006 2.687006 0.000000
K 5.374012 2.687006 2.687006
W 2.687006 0.000000 2.687006
T 0.000000 0.000000 5.374012
Y 2.687006 2.687006 5.374012
N 2.687006 5.374012 2.687006
G 0.000000 5.374012 0.000000
I 0.000000 2.687006 2.687006
T -2.687006 5.374012 2.687006
Y -2.687006 2.687006 0.000000
E -2.687006 0.000000 2.687006
G -2.687006 2.687006 5.374012
R 0.000000 5.374012 5.374012


-84.040000	729811657b410
14

R 0.000000 0.000000 0.000000
G 2.687006 2.687006 0.000000
K 0.000000 5.374012 0.000000
W 2.687006 5.374012 2.687006
T 0.000000 5.374012 5.374012
Y 2.687006 2.687006 5.374012
N 5.374012 2.687006 2.687006
G 2.687006 0.000000 2.687006
I 0.000000 2.687006 2.687006
T -2.687006 5.374012 2.687006
Y -2.687006 2.687006 0.000000
E -2.687006 0.000000 2.687006
G -2.687006 2.687006 5.374012
R 0.000000 0.000000 5.374012


-84.040000	738911647a510
14

R 0.000000 0.000000 0.000000
G 2.687006 2.687006 0.000000
K 0.000000 5.374012 0.000000
W 2.687006 5.374012 -2.687006
T 0.000000 5.374012 -5.374012
Y 2.687006 2.687006 -5.374012
N 5.374012 2.687006 -2.687006
G 2.687006 0.000000 -2.687006
I 0.000000 2.687006 -2.687006
T -2.687006 5.374012 -2.687006
Y -2.687006 2.687006 0.000000
E -2.687006 0.000000 -2.687006
G -2.687006 2.687006 -5.374012
R 0.000000 0.000000 -5.374012


-84.010000	149637ab32640
14

R 0.000000 0.000000 0.000000
G 2.687006 2.687006 0.000000
K 5.374012 2.687006 2.687006
W 2.687006 0.000000 2.687006
T 2.687006 2.687006 5.374012
Y 2.687006 5.374012 2.687006
N 0.000000 5.374012 5.374012
G -2.687006 5.374012 2.687006
I 0.000000 2.687006 2.687006
T 0.000000 5.374012 0.000000
Y -2.687006 2.687006 0.000000
E -2.687006 0.000000 2.687006
G 0.000000 0.000000 5.374012
R -2.687006 2.687006 5.374012


-84.010000	b03a956b32640
14

R 0.000000 0.000000 0.000000
G 2.687006 2.687006 0.000000
K 5.374012 2.687006 2.687006
W 2.687006 0.000000 2.687006
T 2.687006 2.687006 5.374012
Y 2.687006 5.374012 2.687006
N 0.000000 5.374012 5.374012
G -2.687006 2.687006 5.374012
I 0.000000 2.687006 2.687006
T 0.000000 0.000000 5.374012
Y -2.687006 0.000000 2.687006
E -2.687006 2.687006 0.000000
G 0.000000 5.374012 0.000000
R -2.687006 5.374012 2.687006


-83.980000	329636510b640
14

R 0.000000 0.000000 0.000000
G 2.687006 2.687006 0.000000
K 5.374012 2.687006 2.687006
W 2.687006 0.000000 2.687006
T 0.000000 0.000000 5.374012
Y 2.687006 2.687006 5.374012
N 0.000000 5.374012 5.374012
G 2.687006 5.374012 2.687006
I 0.000000 2.687006 2.687006
T 0.000000 5.374012 0.000000
Y -2.687006 2.687006 0.000000
E -2.687006 0.000000 2.687006
G -2.687006 2.687006 5.374012
R -2.687006 5.374012 2.687006


-83.950000	4619001819640
14

R 0.000000 0.000000 0.000000
G 2.687006 2.687006 0.000000
K 5.374012 2.687006 2.687006
W 2.687006 0.000000 2.687006
T 2.687006 -2.687006 5.374012
Y 0.000000 0.000000 5.374012
N 0.000000 -2.687006 2.687006
G -2.687006 0.000000 2.687006
I 0.000000 2.687006 2.687006
T 2.687006 5.374012 2.687006
Y 2.687006 2.687006 5.374012
E 0.000000 5.374012 5.374012
G -2.687006 2.687006 5.374012
R 0.000000 2.687006 8.061017


-83.940000	b8943b0738640
14

R 0.000000 0.000000 0.000000
G 2.687006 2.687006 0.000000
K 5.374012 2.687006 2.687006
W 2.687006 0.000000 2.687006
T 2.687006 -2.687006 0.000000
Y 2.687006 0.000000 -2.687006
N 5.374012 -2.687006 -2.687006
G 8.061017 0.000000 -2.687006
I 5.374012 0.000000 0.000000
T 5.374012 2.687006 -2.687006
Y 8.061017 2.687006 0.000000
E 8.061017 0.000000 2.687006
G 8.061017 -2.687006 0.000000
R 5.374012 -2.687006 2.687006


-83.930000	9a5590199a840
14

R 0.000000 0.000000 0.000000
G 2.687006 2.687006 0.000000
K 5.374012 2.687006 2.687006
W 5.374012 0.000000 0.000000
T 2.687006 0.000000 -2.687006
Y 2.687006 -2.687006 0.000000
N 2.687006 -5.374012 2.687006
G 0.000000 -2.687006 2.687006
I 2.687006 0.000000 2.687006
T 2.687006 -2.687006 5.374012
Y 5.374012 -2.687006 2.687006
E 8.061017 -2.687006 0.000000
G 5.374012 -2.687006 -2.687006
R 5.374012 -5.374012 0.000000


-83.920000	329638b30b640
14

R 0.000000 0.000000 0.000000
G 2.687006 2.687006 0.000000
K 5.374012 2.687006 2.687006
W 2.687006 0.000000 2.687006
T 0.000000 0.000000 5.374012
Y 2.687006 2.687006 5.374012
N 2.687006 5.374012 2.687006
G 0.000000 5.374012 5.374012
I 0.000000 2.687006 2.687006
T 0.000000 5.374012 0.000000
Y -2.687006 2.687006 0.000000
E -2.687006 0.000000 2.687006
G -2.687006 2.687006 5.374012
R -2.687006 5.374012 2.687006


-83.890000	810480188b840
14

R 0.000000 0.000000 0.000000
G 2.687006 2.687006 0.000000
K 5.374012 2.687006 2.687006
W 5.374012 0.000000 0.000000
T 2.687006 0.000000 2.687006
Y 2.687006 -2.687006 0.000000
N 2.687006 -5.374012 -2.687006
G 0.000000 -2.687006 -2.687006
I 2.687006 0.000000 -2.687006
T 2.687006 -2.687006 -5.374012
Y 5.374012 -2.687006 -2.687006
E 8.061017 0.000000 -2.687006
G 5.374012 2.687006 -2.687006
R 5.374012 0.000000 -5.374012


-83.890000	6484351659640
14

R 0.000000 0.000000 0.000000
G 2.687006 2.687006 0.000000
K 5.374012 2.687006 2.687006
W 2.687006 0.000000 2.687006
T 2.687006 -2.687006 5.374012
Y 5.374012 -2.687006 2.687006
N 2.687006 -5.374012 2.687006
G 0.000000 -2.687006 2.687006
I 2.687006 -2.687006 0.000000
T 2.687006 0.000000 -2.687006
Y 5.374012 0.000000 0.000000
E 5.374012 -2.687006 -2.687006
G 8.061017 -2.687006 0.000000
R 5.374012 -5.374012 0.000000


-83.880000	361273496a140
14

R 0.000000 0.000000 0.000000
G 2.687006 2.687006 0.000000
K 5.374012 2.687006 2.687006
W 2.687006 5.374012 2.687006
T 0.000000 5.374012 0.000000
Y -2.687006 2.687006 0.000000
N -2.687006 0.000000 2.687006
G 0.000000 0.000000 5.374012
I 0.000000 2.687006 2.687006
T 2.687006 0.000000 2.687006
Y 2.687006 2.687006 5.374012
E 0.000000 5.374012 5.374012
G -2.687006 2.687006 5.374012
R -2.687006 5.374012 2.687006


-83.860000	816278426a140
14

R 0.000000 0.000000 0.000000
G 2.687006 2.687006 0.000000
K 5.374012 2.687006 2.687006
W 2.687006 5.374012 2.687006
T 0.000000 5.374012 0.000000
Y -2.687006 2.687006 0.000000
N -2.687006 5.374012 2.687006
G 0.000000 5.374012 5.374012
I 0.000000 2.687006 2.687006
T 2.687006 0.000000 2.687006
Y 2.687006 2.687006 5.374012
E 0.000000 0.000000 5.374012
G -2.687006 2.687006 5.374012
R -2.687006 0.000000 2.687006


-83.850000	438590199a840
14

R 0.000000 0.000000 0.000000
G 2.687006 2.687006 0.000000
K 5.374012 2.687006 2.687006
W 5.374012 0.000000 0.000000
T 2.687006 0.000000 -2.687006
Y 2.687006 -2.687006 0.000000
N 2.687006 -5.374012 2.687006
G 0.000000 -2.687006 2.687006
I 2.687006 0.000000 2.687006
T 2.687006 -2.687006 5.374012
Y 5.374012 -2.687006 2.687006
E 5.374012 -5.374012 0.000000
G 5.374012 -2.687006 -2.687006
R 8.061017 -2.687006 0.000000


-83.850000	2548b6540b610
14

R 0.000000 0.000000 0.000000
G 2.687006 2.687006 0.000000
K 0.000000 5.374012 0.000000
W -2.687006 2.687006 0.000000
T -5.374012 2.687006 2.687006
Y -2.687006 5.374012 2.687006
N 0.000000 5.374012 5.374012
G 2.687006 5.374012 2.687006
I 0.000000 2.687006 2.687006
T -2.687006 2.687006 5.374012
Y -2.687006 0.000000 2.687006
E 0.000000 0.000000 5.374012
G 2.687006 0.000000 2.687006
R 2.687006 2.687006 5.374012


-83.850000	8452a1457a610
14

R 0.000000 0.000000 0.000000
G 2.687006 2.687006 0.000000
K 0.000000 5.374012 0.000000
W -2.687006 2.687006 0.000000
T -5.374012 2.687006 -2.687006
Y -2.687006 0.000000 -2.687006
N 0.000000 0.000000 -5.374012
G 2.687006 0.000000 -2.687006
I 0.000000 2.687006 -2.687006
T -2.687006 2.687006 -5.374012
Y -2.687006 5.374012 -2.687006
E 0.000000 5.374012 -5.374012
G 2.687006 5.374012 -2.687006
R 2.687006 2.687006 -5.374012


-83.850000	3459a6450a610
14

R 0.000000 0.000000 0.000000
G 2.687006 2.687006 0.000000
K 0.000000 5.374012 0.000000
W -2.687006 2.687006 0.000000
T -5.374012 2.687006 -2.687006
Y -2.687006 5.374012 -2.687006
N 0.000000 5.374012 -5.374012
G 2.687006 5.374012 -2.687006
I 0.000000 2.687006 -2.687006
T -2.687006 2.687006 -5.374012
Y -2.687006 0.000000 -2.687006
E 0.000000 0.000000 -5.374012
G 2.687006 0.000000 -2.687006
R 2.687006 2.687006 -5.374012


-83.850000	9543b1547b610
14

R 0.000000 0.000000 0.000000
G 2.687006 2.687006 0.000000
K 0.000000 5.374012 0.000000
W -2.687006 2.687006 0.000000
T -5.374012 2.687006 2.687006
Y -2.687006 0.000000 2.687006
N 0.000000 0.000000 5.374012
G 2.687006 0.000000 2.687006
I 0.000000 2.687006 2.687006
T -2.687006 2.687006 5.374012
Y -2.687006 5.374012 2.687006
E 0.000000 5.374012 5.374012
G 2.687006 5.374012 2.687006
R 2.687006 2.687006 5.374012


-83.840000	2679008126640
14

R 0.000000 0.000000 0.000000
G 2.687006 2.687006 0.000000
K 5.374012 2.687006 2.687006
W 2.687006 0.000000 2.687006
T 0.000000 -2.687006 2.687006
Y 0.000000 0.000000 5.374012
N -2.687006 2.687006 5.374012
G -2.687006 0.000000 2.687006
I 0.000000 2.687006 2.687006
T 2.687006 5.374012 2.687006
Y 2.687006 2.687006 5.374012
E 5.374012 0.000000 5.374012
G 2.687006 -2.687006 5.374012
R 2.687006 0.000000 8.061017


-83.840000	9059a9a307640
14

R 0.000000 0.000000 0.000000
G 2.687006 2.687006 0.000000
K 5.374012 2.687006 2.687006
W 2.687006 0.000000 2.687006
T 5.374012 -2.687006 2.687006
Y 8.061017 0.000000 2.687006
N 8.061017 2.687006 0.000000
G 5.374012 2.687006 -2.687006
I 5.374012 0.000000 0.000000
T 2.687006 0.000000 -2.687006
Y 2.687006 -2.687006 0.000000
E 5.374012 -2.687006 -2.687006
G 8.061017 0.000000 -2.687006
R 8.061017 -2.687006 0.000000


-83.830000	08326146a7510
14

R 0.000000 0.000000 0.000000
G 2.687006 2.687006 0.000000
K 0.000000 5.374012 0.000000
W 2.687006 5.374012 -2.687006
T 5.374012 2.687006 -2.687006
Y 2.687006 2.687006 -5.374012
N 0.000000 0.000000 -5.374012
G 2.687006 0.000000 -2.687006
I 0.000000 2.687006 -2.687006
T -2.687006 0.000000 -2.687006
Y -2.687006 2.687006 0.000000
E -2.687006 5.374012 -2.687006
G -2.687006 2.687006 -5.374012
R 0.000000 5.374012 -5.374012


-83.830000	09236156b7410
14

R 0.000000 0.000000 0.000000
G 2.687006 2.687006 0.000000
K 0.000000 5.374012 0.000000
W 2.687006 5.374012 2.687006
T 5.374012 2.687006 2.687006
Y 2.687006 2.687006 5.374012
N 0.000000 0.000000 5.374012
G 2.687006 0.000000 2.687006
I 0.000000 2.687006 2.687006
T -2.687006 0.000000 2.687006
Y -2.687006 2.687006 0.000000
E -2.687006 5.374012 2.687006
G -2.687006 2.687006 5.374012
R 0.000000 5.374012 5.374012


-83.830000	9ab34903ab640
14

R 0.000000 0.000000 0.000000
G 2.687006 2.687006 0.000000
K 5.374012 2.687006 2.687006
W 2.687006 0.000000 2.687006
T 0.000000 0.000000 5.374012
Y -2.687006 0.000000 2.687006
N -2.687006 2.687006 0.000000
G 0.000000 5.374012 0.000000
I 0.000000 2.687006 2.687006
T 2.687006 2.687006 5.374012
Y 2.687006 5.374012 2.687006
E 0.000000 5.374012 5.374012
G -2.687006 5.374012 2.687006
R -2.687006 2.687006 5.374012


-83.800000	14981187b42a0
14

R 0.000000 0.000000 0.000000
G 2.687006 2.687006 0.000000
K 0.000000 2.687006 -2.687006
W 0.000000 5.374012 0.000000
T 2.687006 5.374012 2.687006
Y 0.000000 5.374012 5.374012
N 2.687006 2.687006 5.374012
G 2.687006 0.000000 2.687006
I 0.000000 2.687006 2.687006
T -2.687006 5.374012 2.687006
Y -2.687006 2.687006 0.000000
E -2.687006 0.000000 2.687006
G 0.000000 0.000000 5.374012
R -2.687006 2.687006 5.374012


-83.790000	723480188b840
14

R 0.000000 0.000000 0.000000
G 2.687006 2.687006 0.000000
K 5.374012 2.687006 2.687006
W 5.374012 0.000000 0.000000
T 2.687006 0.000000 2.687006
Y 2.687006 -2.687006 0.000000
N 2.687006 -5.374012 -2.687006
G 0.000000 -2.687006 -2.687006
I 2.687006 0.000000 -2.687006
T 2.687006 -2.687006 -5.374012
Y 5.374012 -2.687006 -2.687006
E 5.374012 0.000000 -5.374012
G 5.374012 2.687006 -2.687006
R 8.061017 0.000000 -2.687006


-83.780000	923a91657b410
14

R 0.000000 0.000000 0.000000
G 2.687006 2.687006 0.000000
K 0.000000 5.374012 0.000000
W 2.687006 5.374012 2.687006
T 0.000000 5.374012 5.374012
Y 2.687006 2.687006 5.374012
N 5.374012 2.687006 2.687006
G 2.687006 0.000000 2.687006
I 0.000000 2.687006 2.687006
T 0.000000 0.000000 5.374012
Y -2.687006 0.000000 2.687006
E -2.687006 2.687006 0.000000
G -2.687006 5.374012 2.687006
R -2.687006 2.687006 5.374012


-83.780000	832b81647a510
14

R 0.000000 0.000000 0.000000
G 2.687006 2.687006 0.000000
K 0.000000 5.374012 0.000000
W 2.687006 5.374012 -2.687006
T 0.000000 5.374012 -5.374012
Y 2.687006 2.687006 -5.374012
N 5.374012 2.687006 -2.687006
G 2.687006 0.000000 -2.687006
I 0.000000 2.687006 -2.687006
T 0.000000 0.000000 -5.374012
Y -2.687006 0.000000 -2.687006
E -2.687006 2.687006 0.000000
G -2.687006 5.374012 -2.687006
R -2.687006 2.687006 -5.374012


-83.780000	9059a6450a610
14

R 0.000000 0.000000 0.000000
G 2.687006 2.687006 0.000000
K 0.000000 5.374012 0.000000
W -2.687006 2.687006 0.000000
T -5.374012 2.687006 -2.687006
Y -2.687006 5.374012 -2.687006
N 0.000000 5.374012 -5.374012
G 2.687006 5.374012 -2.687006
I 0.000000 2.687006 -2.687006
T -2.687006 2.687006 -5.374012
Y -2.687006 0.000000 -2.687006
E 0.000000 0.000000 -5.374012
G 2.687006 2.687006 -5.374012
R 2.687006 0.000000 -2.687006


-83.780000	8048b6540b610
14

R 0.000000 0.000000 0.000000
G 2.687006 2.687006 0.000000
K 0.000000 5.374012 0.000000
W -2.687006 2.687006 0.000000
T -5.374012 2.687006 2.687006
Y -2.687006 5.374012 2.687006
N 0.000000 5.374012 5.374012
G 2.687006 5.374012 2.687006
I 0.000000 2.687006 2.687006
T -2.687006 2.687006 5.374012
Y -2.687006 0.000000 2.687006
E 0.000000 0.000000 5.374012
G 2.687006 2.687006 5.374012
R 2.687006 0.000000 2.687006


-83.770000	5674152b9a840
14

R 0.000000 0.000000 0.000000
G 2.687006 2.687006 0.000000
K 5.374012 2.687006 2.687006
W 5.374012 0.000000 0.000000
T 2.687006 0.000000 -2.687006
Y 2.687006 -2.687006 0.000000
N 0.000000 -2.687006 2.687006
G 0.000000 0.000000 5.374012
I 2.687006 0.000000 2.687006
T 0.000000 2.687006 2.687006
Y 2.687006 2.687006 5.374012
E 5.374012 0.000000 5.374012
G 2.687006 -2.687006 5.374012
R 5.374012 -2.687006 2.687006


-83.760000	63b9001819640
14

R 0.000000 0.000000 0.000000
G 2.687006 2.687006 0.000000
K 5.374012 2.687006 2.687006
W 2.687006 0.000000 2.687006
T 2.687006 -2.687006 5.374012
Y 0.000000 0.000000 5.374012
N 0.000000 -2.687006 2.687006
G -2.687006 0.000000 2.687006
I 0.000000 2.687006 2.687006
T 2.687006 5.374012 2.687006
Y 2.687006 2.687006 5.374012
E 0.000000 2.687006 8.061017
G 0.000000 5.374012 5.374012
R -2.687006 2.687006 5.374012


-83.760000	1830914738640
14

R 0.000000 0.000000 0.000000
G 2.687006 2.687006 0.000000
K 5.374012 2.687006 2.687006
W 2.687006 0.000000 2.687006
T 2.687006 -2.687006 0.000000
Y 2.687006 0.000000 -2.687006
N 5.374012 -2.687006 -2.687006
G 8.061017 -2.687006 0.000000
I 5.374012 0.000000 0.000000
T 5.374012 -2.687006 2.687006
Y 8.061017 0.000000 2.687006
E 8.061017 2.687006 0.000000
G 8.061017 0.000000 -2.687006
R 5.374012 2.687006 -2.687006


-83.760000	9ab4343ab8b40
14

R 0.000000 0.000000 0.000000
G 2.687006 2.687006 0.000000
K 5.374012 2.687006 2.687006
W 2.687006 2.687006 5.374012
T 2.687006 0.000000 2.687006
Y 0.000000 0.000000 5.374012
N -2.687006 0.000000 2.687006
G -2.687006 2.687006 0.000000
I 0.000000 2.687006 2.687006
T 0.000000 5.374012 0.000000
Y 2.687006 5.374012 2.687006
E 0.000000 5.374012 5.374012
G -2.687006 5.374012 2.687006
R -2.687006 2.687006 5.374012


-83.750000	47651a7b14640
14

R 0.000000 0.000000 0.000000
G 2.687006 2.687006 0.000000
K 5.374012 2.687006 2.687006
W 2.687006 0.000000 2.687006
T 5.374012 0.000000 5.374012
Y 2.687006 2.687006 5.374012
N 0.000000 2.687006 8.061017
G 2.687006 0.000000 8.061017
I 0.000000 0.000000 5.374012
T -2.687006 2.687006 5.374012
Y 0.000000 2.687006 2.687006
E -2.687006 0.000000 2.687006
G 0.000000 -2.687006 2.687006
R 2.687006 -2.687006 5.374012


-83.750000	083262a9a7510
14

R 0.000000 0.000000 0.000000
G 2.687006 2.687006 0.000000
K 0.000000 5.374012 0.000000
W 2.687006 5.374012 -2.687006
T 5.374012 2.687006 -2.687006
Y 2.687006 2.687006 -5.374012
N 2.687006 0.000000 -2.687006
G 0.000000 0.000000 -5.374012
I 0.000000 2.687006 -2.687006
T -2.687006 0.000000 -2.687006
Y -2.687006 2.687006 0.000000
E -2.687006 5.374012 -2.687006
G -2.687006 2.687006 -5.374012
R 0.000000 5.374012 -5.374012


-83.750000	092363b8b7410
14

R 0.000000 0.000000 0.000000
G 2.687006 2.687006 0.000000
K 0.000000 5.374012 0.000000
W 2.687006 5.374012 2.687006
T 5.374012 2.687006 2.687006
Y 2.687006 2.687006 5.374012
N 2.687006 0.000000 2.687006
G 0.000000 0.000000 5.374012
I 0.000000 2.687006 2.687006
T -2.687006 0.000000 2.687006
Y -2.687006 2.687006 0.000000
E -2.687006 5.374012 2.687006
G -2.687006 2.687006 5.374012
R 0.000000 5.374012 5.374012


-83.720000	4238b9a30b640
14

R 0.000000 0.000000 0.000000
G 2.687006 2.687006 0.000000
K 5.374012 2.687006 2.687006
W 2.687006 0.000000 2.687006
T 0.000000 0.000000 5.374012
Y 2.687006 2.687006 5.374012
N 2.687006 5.374012 2.687006
G 0.000000 5.374012 0.000000
I 0.000000 2.687006 2.687006
T -2.687006 2.687006 5.374012
Y -2.687006 0.000000 2.687006
E -2.687006 2.687006 0.000000
G -2.687006 5.374012 2.687006
R 0.000000 5.374012 5.374012


-83.710000	18b2795a91140
14

R 0.000000 0.000000 0.000000
G 2.687006 2.687006 0.000000
K 5.374012 2.687006 2.687006
W 2.687006 5.374012 2.687006
T 0.000000 8.061017 2.687006
Y 0.000000 5.374012 5.374012
N -2.687006 5.374012 2.687006
G 0.000000 5.374012 0.000000
I 0.000000 2.687006 2.687006
T 2.687006 0.000000 2.687006
Y 2.687006 2.687006 5.374012
E 0.000000 2.687006 8.061017
G 0.000000 0.000000 5.374012
R -2.687006 2.687006 5.374012


-83.710000	9ab4343a62640
14

R 0.000000 0.000000 0.000000
G 2.687006 2.687006 0.000000
K 5.374012 2.687006 2.687006
W 2.687006 0.000000 2.687006
T 2.687006 2.687006 5.374012
Y 0.000000 0.000000 5.374012
N -2.687006 0.000000 2.687006
G -2.687006 2.687006 0.000000
I 0.000000 2.687006 2.687006
T 0.000000 5.374012 0.000000
Y 2.687006 5.374012 2.687006
E 0.000000 5.374012 5.374012
G -2.687006 5.374012 2.687006
R -2.687006 2.687006 5.374012


-83.710000	36190903ab640
14

R 0.000000 0.000000 0.000000
G 2.687006 2.687006 0.000000
K 5.374012 2.687006 2.687006
W 2.687006 0.000000 2.687006
T 0.000000 0.000000 5.374012
Y -2.687006 0.000000 2.687006
N -2.687006 2.687006 0.000000
G 0.000000 5.374012 0.000000
I 0.000000 2.687006 2.687006
T 2.687006 5.374012 2.687006
Y 2.687006 2.687006 5.374012
E 0.000000 5.374012 5.374012
G -2.687006 2.687006 5.374012
R -2.687006 5.374012 2.687006


-83.690000	84b9a23884640
14

R 0.000000 0.000000 0.000000
G 2.687006 2.687006 0.000000
K 5.374012 2.687006 2.687006
W 2.687006 0.000000 2.687006
T 5.374012 0.000000 5.374012
Y 5.374012 -2.687006 2.687006
N 5.374012 -5.374012 0.000000
G 5.374012 -2.687006 -2.687006
I 5.374012 0.000000 0.000000
T 2.687006 0.000000 -2.687006
Y 2.687006 -2.687006 0.000000
E 0.000000 -2.687006 2.687006
G 2.687006 -2.687006 5.374012
R 2.687006 -5.374012 2.687006


-83.690000	365590199a840
14

R 0.000000 0.000000 0.000000
G 2.687006 2.687006 0.000000
K 5.374012 2.687006 2.687006
W 5.374012 0.000000 0.000000
T 2.687006 0.000000 -2.687006
Y 2.687006 -2.687006 0.000000
N 2.687006 -5.374012 2.687006
G 0.000000 -2.687006 2.687006
I 2.687006 0.000000 2.687006
T 2.687006 -2.687006 5.374012
Y 5.374012 -2.687006 2.687006
E 8.061017 -2.687006 0.000000
G 5.374012 -5.374012 0.000000
R 5.374012 -2.687006 -2.687006


-83.690000	09b0a0ab89140
14

R 0.000000 0.000000 0.000000
G 2.687006 2.687006 0.000000
K 5.374012 2.687006 2.687006
W 2.687006 5.374012 2.687006
T 2.687006 2.687006 5.374012
Y 2.687006 0.000000 2.687006
N 0.000000 0.000000 5.374012
G -2.687006 0.000000 2.687006
I 0.000000 2.687006 2.687006
T -2.687006 2.687006 0.000000
Y 0.000000 5.374012 0.000000
E -2.687006 5.374012 2.687006
G -2.687006 2.687006 5.374012
R 0.000000 5.374012 5.374012


-83.680000	84b9aa2584640
14

R 0.000000 0.000000 0.000000
G 2.687006 2.687006 0.000000
K 5.374012 2.687006 2.687006
W 2.687006 0.000000 2.687006
T 5.374012 0.000000 5.374012
Y 5.374012 -2.687006 2.687006
N 8.061017 -2.687006 0.000000
G 8.061017 0.000000 2.687006
I 5.374012 0.000000 0.000000
T 2.687006 0.000000 -2.687006
Y 2.687006 -2.687006 0.000000
E 0.000000 -2.687006 2.687006
G 2.687006 -2.687006 5.374012
R 2.687006 -5.374012 2.687006


-83.680000	81b848426a140
14

R 0.000000 0.000000 0.000000
G 2.687006 2.687006 0.000000
K 5.374012 2.687006 2.687006
W 2.687006 5.374012 2.687006
T 0.000000 5.374012 0.000000
Y -2.687006 2.687006 0.000000
N -2.687006 5.374012 2.687006
G 0.000000 5.374012 5.374012
I 0.000000 2.687006 2.687006
T 2.687006 2.687006 5.374012
Y 2.687006 0.000000 2.687006
E 0.000000 0.000000 5.374012
G -2.687006 2.687006 5.374012
R -2.687006 0.000000 2.687006


-83.670000	a08590199a840
14

R 0.000000 0.000000 0.000000
G 2.687006 2.687006 0.000000
K 5.374012 2.687006 2.687006
W 5.374012 0.000000 0.000000
T 2.687006 0.000000 -2.687006
Y 2.687006 -2.687006 0.000000
N 2.687006 -5.374012 2.687006
G 0.000000 -2.687006 2.687006
I 2.687006 0.000000 2.687006
T 2.687006 -2.687006 5.374012
Y 5.374012 -2.687006 2.687006
E 5.374012 -5.374012 0.000000
G 8.061017 -2.687006 0.000000
R 5.374012 -2.687006 -2.687006


-83.670000	4765181914640
14

R 0.000000 0.000000 0.000000
G 2.687006 2.687006 0.000000
K 5.374012 2.687006 2.687006
W 2.687006 0.000000 2.687006
T 5.374012 0.000000 5.374012
Y 2.687006 2.687006 5.374012
N 2.687006 0.000000 8.061017
G 0.000000 2.687006 8.061017
I 0.000000 0.000000 5.374012
T -2.687006 2.687006 5.374012
Y 0.000000 2.687006 2.687006
E -2.687006 0.000000 2.687006
G 0.000000 -2.687006 2.687006
R 2.687006 -2.687006 5.374012


-83.660000	276141647a840
14

R 0.000000 0.000000 0.000000
G 2.687006 2.687006 0.000000
K 5.374012 2.687006 2.687006
W 5.374012 0.000000 0.000000
T 2.687006 0.000000 -2.687006
Y 5.374012 -2.687006 -2.687006
N 8.061017 -2.687006 0.000000
G 5.374012 -5.374012 0.000000
I 2.687006 -2.687006 0.000000
T 5.374012 -2.687006 2.687006
Y 2.687006 0.000000 2.687006
E 0.000000 -2.687006 2.687006
G 2.687006 -5.374012 2.687006
R 2.687006 -2.687006 5.374012


-83.650000	4983b1657b410
14

R 0.000000 0.000000 0.000000
G 2.687006 2.687006 0.000000
K 0.000000 5.374012 0.000000
W 2.687006 5.374012 2.687006
T 0.000000 5.374012 5.374012
Y 2.687006 2.687006 5.374012
N 5.374012 2.687006 2.687006
G 2.687006 0.000000 2.687006
I 0.000000 2.687006 2.687006
T -2.687006 2.687006 5.374012
Y -2.687006 5.374012 2.687006
E -2.687006 2.687006 0.000000
G -2.687006 0.000000 2.687006
R 0.000000 0.000000 5.374012


-83.650000	5892a1647a510
14

R 0.000000 0.000000 0.000000
G 2.687006 2.687006 0.000000
K 0.000000 5.374012 0.000000
W 2.687006 5.374012 -2.687006
T 0.000000 5.374012 -5.374012
Y 2.687006 2.687006 -5.374012
N 5.374012 2.687006 -2.687006
G 2.687006 0.000000 -2.687006
I 0.000000 2.687006 -2.687006
T -2.687006 2.687006 -5.374012
Y -2.687006 5.374012 -2.687006
E -2.687006 2.687006 0.000000
G -2.687006 0.000000 -2.687006
R 0.000000 0.000000 -5.374012


-83.640000	57b9a2a559640
14

R 0.000000 0.000000 0.000000
G 2.687006 2.687006 0.000000
K 5.374012 2.687006 2.687006
W 2.687006 0.000000 2.687006
T 2.687006 -2.687006 5.374012
Y 5.374012 -2.687006 2.687006
N 8.061017 -2.687006 0.000000
G 5.374012 -2.687006 -2.687006
I 5.374012 0.000000 0.000000
T 2.687006 0.000000 -2.687006
Y 2.687006 -2.687006 0.000000
E 0.000000 -2.687006 2.687006
G 2.687006 -5.374012 2.687006
R 5.374012 -5.374012 0.000000


-83.640000	a12595296a140
14

R 0.000000 0.000000 0.000000
G 2.687006 2.687006 0.000000
K 5.374012 2.687006 2.687006
W 2.687006 5.374012 2.687006
T 0.000000 5.374012 0.000000
Y -2.687006 2.687006 0.000000
N -2.687006 0.000000 2.687006
G -2.687006 2.687006 5.374012
I 0.000000 2.687006 2.687006
T 0.000000 0.000000 5.374012
Y 2.687006 0.000000 2.687006
E 2.687006 2.687006 5.374012
G 0.000000 5.374012 5.374012
R -2.687006 5.374012 2.687006


-83.640000	14518107a7640
14

R 0.000000 0.000000 0.000000
G 2.687006 2.687006 0.000000
K 5.374012 2.687006 2.687006
W 2.687006 0.000000 2.687006
T 5.374012 -2.687006 2.687006
Y 2.687006 -2.687006 0.000000
N 5.374012 -5.374012 0.000000
G 8.061017 -2.687006 0.000000
I 5.374012 0.000000 0.000000
T 5.374012 -2.687006 -2.687006
Y 2.687006 0.000000 -2.687006
E 5.374012 0.000000 -5.374012
G 8.061017 0.000000 -2.687006
R 5.374012 2.687006 -2.687006


-83.630000	7ab2795a91140
14

R 0.000000 0.000000 0.000000
G 2.687006 2.687006 0.000000
K 5.374012 2.687006 2.687006
W 2.687006 5.374012 2.687006
T 0.000000 8.061017 2.687006
Y 0.000000 5.374012 5.374012
N -2.687006 5.374012 2.687006
G 0.000000 5.374012 0.000000
I 0.000000 2.687006 2.687006
T 2.687006 0.000000 2.687006
Y 2.687006 2.687006 5.374012
E 0.000000 2.687006 8.061017
G -2.687006 2.687006 5.374012
R 0.000000 0.000000 5.374012


-83.630000	653266510b640
14

R 0.000000 0.000000 0.000000
G 2.687006 2.687006 0.000000
K 5.374012 2.687006 2.687006
W 2.687006 0.000000 2.687006
T 0.000000 0.000000 5.374012
Y 2.687006 2.687006 5.374012
N 0.000000 5.374012 5.374012
G 2.687006 5.374012 2.687006
I 0.000000 2.687006 2.687006
T -2.687006 0.000000 2.687006
Y -2.687006 2.687006 5.374012
E -2.687006 5.374012 2.687006
G 0.000000 5.374012 0.000000
R -2.687006 2.687006 0.000000


-83.630000	a079aa5259640
14

R 0.000000 0.000000 0.000000
G 2.687006 2.687006 0.000000
K 5.374012 2.687006 2.687006
W 2.687006 0.000000 2.687006
T 2.687006 -2.687006 5.374012
Y 5.374012 -2.687006 2.687006
N 5.374012 0.000000 5.374012
G 8.061017 0.000000 2.687006
I 5.374012 0.000000 0.000000
T 2.687006 0.000000 -2.687006
Y 2.687006 -2.687006 0.000000
E 5.374012 -5.374012 0.000000
G 8.061017 -2.687006 0.000000
R 5.374012 -2.687006 -2.687006


-83.620000	18327273a7640
14

R 0.000000 0.000000 0.000000
G 2.687006 2.687006 0.000000
K 5.374012 2.687006 2.687006
W 2.687006 0.000000 2.687006
T 5.374012 -2.687006 2.687006
Y 2.687006 -2.687006 0.000000
N 2.687006 0.000000 -2.687006
G 5.374012 -2.687006 -2.687006
I 5.374012 0.000000 0.000000
T 8.061017 -2.687006 0.000000
Y 8.061017 0.000000 2.687006
E 8.061017 2.687006 0.000000
G 8.061017 0.000000 -2.687006
R 5.374012 2.687006 -2.687006


-83.610000	64236a0b67410
14

R 0.000000 0.000000 0.000000
G 2.687006 2.687006 0.000000
K 0.000000 5.374012 0.000000
W 2.687006 5.374012 2.687006
T 5.374012 2.687006 2.687006
Y 2.687006 0.000000 2.687006
N 0.000000 0.000000 5.374012
G 2.687006 2.687006 5.374012
I 0.000000 2.687006 2.687006
T -2.687006 0.000000 2.687006
Y -2.687006 2.687006 0.000000
E -2.687006 5.374012 2.687006
G 0.000000 5.374012 5.374012
R -2.687006 2.687006 5.374012


-83.610000	65326b0a67510
14

R 0.000000 0.000000 0.000000
G 2.687006 2.687006 0.000000
K 0.000000 5.374012 0.000000
W 2.687006 5.374012 -2.687006
T 5.374012 2.687006 -2.687006
Y 2.687006 0.000000 -2.687006
N 0.000000 0.000000 -5.374012
G 2.687006 2.687006 -5.374012
I 0.000000 2.687006 -2.687006
T -2.687006 0.000000 -2.687006
Y -2.687006 2.687006 0.000000
E -2.687006 5.374012 -2.687006
G 0.000000 5.374012 -5.374012
R -2.687006 2.687006 -5.374012


-83.600000	62356632642a0
14

R 0.000000 0.000000 0.000000
G 2.687006 2.687006 0.000000
K 0.000000 2.687006 -2.687006
W 0.000000 5.374012 0.000000
T 2.687006 5.374012 2.687006
Y 0.000000 2.687006 2.687006
N 0.000000 5.374012 5.374012
G 0.000000 8.061017 2.687006
I -2.687006 5.374012 2.687006
T -5.374012 2.687006 2.687006
Y -2.687006 2.687006 0.000000
E -2.687006 5.374012 -2.687006
G -2.687006 8.061017 0.000000
R -5.374012 5.374012 0.000000


-83.600000	62336654622a0
14

R 0.000000 0.000000 0.000000
G 2.687006 2.687006 0.000000
K 0.000000 2.687006 -2.687006
W 0.000000 5.374012 0.000000
T 0.000000 8.061017 2.687006
Y -2.687006 5.374012 2.687006
N 0.000000 5.374012 5.374012
G 2.687006 5.374012 2.687006
I 0.000000 2.687006 2.687006
T -2.687006 0.000000 2.687006
Y -2.687006 2.687006 0.000000
E -2.687006 5.374012 -2.687006
G -2.687006 8.061017 0.000000
R -5.374012 5.374012 0.000000


-83.590000	ab8725926a140
14

R 0.000000 0.000000 0.000000
G 2.687006 2.687006 0.000000
K 5.374012 2.687006 2.687006
W 2.687006 5.374012 2.687006
T 0.000000 5.374012 0.000000
Y -2.687006 2.687006 0.000000
N -2.687006 5.374012 2.687006
G -2.687006 2.687006 5.374012
I 0.000000 2.687006 2.687006
T 0.000000 5.374012 5.374012
Y 2.687006 2.687006 5.374012
E 2.687006 0.000000 2.687006
G 0.000000 0.000000 5.374012
R -2.687006 0.000000 2.687006


-83.580000	18327415a7640
14

R 0.000000 0.000000 0.000000
G 2.687006 2.687006 0.000000
K 5.374012 2.687006 2.687006
W 2.687006 0.000000 2.687006
T 5.374012 -2.687006 2.687006
Y 2.687006 -2.687006 0.000000
N 5.374012 -2.687006 -2.687006
G 2.687006 0.000000 -2.687006
I 5.374012 0.000000 0.000000
T 8.061017 -2.687006 0.000000
Y 8.061017 0.000000 2.687006
E 8.061017 2.687006 0.000000
G 8.061017 0.000000 -2.687006
R 5.374012 2.687006 -2.687006


-83.570000	238629a30b640
14

R 0.000000 0.000000 0.000000
G 2.687006 2.687006 0.000000
K 5.374012 2.687006 2.687006
W 2.687006 0.000000 2.687006
T 0.000000 0.000000 5.374012
Y 2.687006 2.687006 5.374012
N 2.687006 5.374012 2.687006
G 0.000000 5.374012 0.000000
I 0.000000 2.687006 2.687006
T 0.000000 5.374012 5.374012
Y -2.687006 2.687006 5.374012
E -2.687006 0.000000 2.687006
G -2.687006 2.687006 0.000000
R -2.687006 5.374012 2.687006


-83.560000	8b40889263b40
14

R 0.000000 0.000000 0.000000
G 2.687006 2.687006 0.000000
K 5.374012 2.687006 2.687006
W 2.687006 2.687006 5.374012
T 2.687006 5.374012 2.687006
Y 0.000000 2.687006 2.687006
N 0.000000 5.374012 5.374012
G 0.000000 2.687006 8.061017
I 0.000000 0.000000 5.374012
T 0.000000 -2.687006 2.687006
Y 2.687006 0.000000 2.687006
E 5.374012 0.000000 5.374012
G 2.687006 0.000000 8.061017
R 2.687006 -2.687006 5.374012


-83.560000	2679052a26640
14

R 0.000000 0.000000 0.000000
G 2.687006 2.687006 0.000000
K 5.374012 2.687006 2.687006
W 2.687006 0.000000 2.687006
T 0.000000 -2.687006 2.687006
Y 0.000000 0.000000 5.374012
N -2.687006 0.000000 2.687006
G -2.687006 2.687006 5.374012
I 0.000000 2.687006 2.687006
T 2.687006 5.374012 2.687006
Y 2.687006 2.687006 5.374012
E 5.374012 0.000000 5.374012
G 2.687006 -2.687006 5.374012
R 2.687006 0.000000 8.061017


-83.560000	092369a30b640
14

R 0.000000 0.000000 0.000000
G 2.687006 2.687006 0.000000
K 5.374012 2.687006 2.687006
W 2.687006 0.000000 2.687006
T 0.000000 0.000000 5.374012
Y 2.687006 2.687006 5.374012
N 2.687006 5.374012 2.687006
G 0.000000 5.374012 0.000000
I 0.000000 2.687006 2.687006
T -2.687006 0.000000 2.687006
Y -2.687006 2.687006 0.000000
E -2.687006 5.374012 2.687006
G -2.687006 2.687006 5.374012
R 0.000000 5.374012 5.374012


-83.560000	298b36510b640
14

R 0.000000 0.000000 0.000000
G 2.687006 2.687006 0.000000
K 5.374012 2.687006 2.687006
W 2.687006 0.000000 2.687006
T 0.000000 0.000000 5.374012
Y 2.687006 2.687006 5.374012
N 0.000000 5.374012 5.374012
G 2.687006 5.374012 2.687006
I 0.000000 2.687006 2.687006
T 0.000000 5.374012 0.000000
Y -2.687006 5.374012 2.687006
E -2.687006 2.687006 0.000000
G -2.687006 0.000000 2.687006
R -2.687006 2.687006 5.374012


-83.550000	4314646a32640
14

R 0.000000 0.000000 0.000000
G 2.687006 2.687006 0.000000
K 5.374012 2.687006 2.687006
W 2.687006 0.000000 2.687006
T 2.687006 2.687006 5.374012
Y 2.687006 5.374012 2.687006
N 0.000000 5.374012 0.000000
G -2.687006 2.687006 0.000000
I 0.000000 2.687006 2.687006
T -2.687006 0.000000 2.687006
Y 0.000000 0.000000 5.374012
E -2.687006 2.687006 5.374012
G -2.687006 5.374012 2.687006
R 0.000000 5.374012 5.374012


-83.550000	64563107a7640
14

R 0.000000 0.000000 0.000000
G 2.687006 2.687006 0.000000
K 5.374012 2.687006 2.687006
W 2.687006 0.000000 2.687006
T 5.374012 -2.687006 2.687006
Y 2.687006 -2.687006 0.000000
N 5.374012 -5.374012 0.000000
G 8.061017 -2.687006 0.000000
I 5.374012 0.000000 0.000000
T 5.374012 2.687006 -2.687006
Y 2.687006 0.000000 -2.687006
E 5.374012 0.000000 -5.374012
G 8.061017 0.000000 -2.687006
R 5.374012 -2.687006 -2.687006


-83.540000	7a327273a7640
14

R 0.000000 0.000000 0.000000
G 2.687006 2.687006 0.000000
K 5.374012 2.687006 2.687006
W 2.687006 0.000000 2.687006
T 5.374012 -2.687006 2.687006
Y 2.687006 -2.687006 0.000000
N 2.687006 0.000000 -2.687006
G 5.374012 -2.687006 -2.687006
I 5.374012 0.000000 0.000000
T 8.061017 -2.687006 0.000000
Y 8.061017 0.000000 2.687006
E 8.061017 2.687006 0.000000
G 5.374012 2.687006 -2.687006
R 8.061017 0.000000 -2.687006


-83.540000	905a9a549ab40
14

R 0.000000 0.000000 0.000000
G 2.687006 2.687006 0.000000
K 5.374012 2.687006 2.687006
W 2.687006 2.687006 5.374012
T 0.000000 2.687006 2.687006
Y 0.000000 0.000000 5.374012
N 2.687006 0.000000 8.061017
G 5.374012 0.000000 5.374012
I 2.687006 0.000000 2.687006
T 2.687006 -2.687006 5.374012
Y 0.000000 -2.687006 2.687006
E 2.687006 -2.687006 0.000000
G 5.374012 0.000000 0.000000
R 5.374012 -2.687006 2.687006


-83.540000	84b9a18084640
14

R 0.000000 0.000000 0.000000
G 2.687006 2.687006 0.000000
K 5.374012 2.687006 2.687006
W 2.687006 0.000000 2.687006
T 5.374012 0.000000 5.374012
Y 5.374012 -2.687006 2.687006
N 8.061017 0.000000 2.687006
G 8.061017 -2.687006 0.000000
I 5.374012 0.000000 0.000000
T 2.687006 0.000000 -2.687006
Y 2.687006 -2.687006 0.000000
E 0.000000 -2.687006 2.687006
G 2.687006 -2.687006 5.374012
R 2.687006 -5.374012 2.687006


-83.510000	092630ab89140
14

R 0.000000 0.000000 0.000000
G 2.687006 2.687006 0.000000
K 5.374012 2.687006 2.687006
W 2.687006 5.374012 2.687006
T 2.687006 2.687006 5.374012
Y 2.687006 0.000000 2.687006
N 0.000000 0.000000 5.374012
G -2.687006 0.000000 2.687006
I 0.000000 2.687006 2.687006
T 0.000000 5.374012 0.000000
Y -2.687006 2.687006 0.000000
E -2.687006 5.374012 2.687006
G -2.687006 2.687006 5.374012
R 0.000000 5.374012 5.374012


-83.510000	7a30914738640
14

R 0.000000 0.000000 0.000000
G 2.687006 2.687006 0.000000
K 5.374012 2.687006 2.687006
W 2.687006 0.000000 2.687006
T 2.687006 -2.687006 0.000000
Y 2.687006 0.000000 -2.687006
N 5.374012 -2.687006 -2.687006
G 8.061017 -2.687006 0.000000
I 5.374012 0.000000 0.000000
T 5.374012 -2.687006 2.687006
Y 8.061017 0.000000 2.687006
E 8.061017 2.687006 0.000000
G 5.374012 2.687006 -2.687006
R 8.061017 0.000000 -2.687006


-83.510000	56943b0738640
14

R 0.000000 0.000000 0.000000
G 2.687006 2.687006 0.000000
K 5.374012 2.687006 2.687006
W 2.687006 0.000000 2.687006
T 2.687006 -2.687006 0.000000
Y 2.687006 0.000000 -2.687006
N 5.374012 -2.687006 -2.687006
G 8.061017 0.000000 -2.687006
I 5.374012 0.000000 0.000000
T 5.374012 2.687006 -2.687006
Y 8.061017 2.687006 0.000000
E 8.061017 0.000000 2.687006
G 5.374012 -2.687006 2.687006
R 8.061017 -2.687006 0.000000


-83.500000	8b79008126640
14

R 0.000000 0.000000 0.000000
G 2.687006 2.687006 0.000000
K 5.374012 2.687006 2.687006
W 2.687006 0.000000 2.687006
T 0.000000 -2.687006 2.687006
Y 0.000000 0.000000 5.374012
N -2.687006 2.687006 5.374012
G -2.687006 0.000000 2.687006
I 0.000000 2.687006 2.687006
T 2.687006 5.374012 2.687006
Y 2.687006 2.687006 5.374012
E 5.374012 0.000000 5.374012
G 2.687006 0.000000 8.061017
R 2.687006 -2.687006 5.374012


-83.480000	61943723ab640
14

R 0.000000 0.000000 0.000000
G 2.687006 2.687006 0.000000
K 5.374012 2.687006 2.687006
W 2.687006 0.000000 2.687006
T 0.000000 0.000000 5.374012
Y -2.687006 0.000000 2.687006
N -2.687006 2.687006 0.000000
G -2.687006 5.374012 2.687006
I 0.000000 2.687006 2.687006
T 0.000000 5.374012 0.000000
Y 2.687006 5.374012 2.687006
E 2.687006 2.687006 5.374012
G 0.000000 5.374012 5.374012
R -2.687006 2.687006 5.374012


-83.480000	4162795a91140
14

R 0.000000 0.000000 0.000000
G 2.687006 2.687006 0.000000
K 5.374012 2.687006 2.687006
W 2.687006 5.374012 2.687006
T 0.000000 8.061017 2.687006
Y 0.000000 5.374012 5.374012
N -2.687006 5.374012 2.687006
G 0.000000 5.374012 0.000000
I 0.000000 2.687006 2.687006
T 2.687006 0.000000 2.687006
Y 2.687006 2.687006 5.374012
E 0.000000 0.000000 5.374012
G -2.687006 2.687006 5.374012
R 0.000000 2.687006 8.061017


-83.480000	6459aa5259640
14

R 0.000000 0.000000 0.000000
G 2.687006 2.687006 0.000000
K 5.374012 2.687006 2.687006
W 2.687006 0.000000 2.687006
T 2.687006 -2.687006 5.374012
Y 5.374012 -2.687006 2.687006
N 5.374012 0.000000 5.374012
G 8.061017 0.000000 2.687006
I 5.374012 0.000000 0.000000
T 2.687006 0.000000 -2.687006
Y 2.687006 -2.687006 0.000000
E 5.374012 -2.687006 -2.687006
G 8.061017 -2.687006 0.000000
R 5.374012 -5.374012 0.000000


