-54.063871	536570630
10

Y 0.000000 0.000000 0.000000
Y 2.193931 2.193931 -2.193931
D 0.000000 0.000000 -4.387862
P 2.193931 -2.193931 -2.193931
E 4.387862 0.000000 -4.387862
T 6.581793 2.193931 -2.193931
G 4.387862 4.387862 0.000000
T 6.581793 2.193931 2.193931
W 4.387862 0.000000 0.000000
Y 2.193931 2.193931 2.193931


-54.063871	635670530
10

Y 0.000000 0.000000 0.000000
Y 2.193931 2.193931 -2.193931
D 0.000000 0.000000 -4.387862
P -2.193931 2.193931 -2.193931
E 0.000000 4.387862 -4.387862
T 2.193931 6.581793 -2.193931
G 4.387862 4.387862 0.000000
T 2.193931 6.581793 2.193931
W 0.000000 4.387862 0.000000
Y 2.193931 2.193931 2.193931


-53.985929	424670530
10

Y 0.000000 0.000000 0.000000
Y 2.193931 2.193931 -2.193931
D 0.000000 0.000000 -4.387862
P -2.193931 2.193931 -2.193931
E 0.000000 4.387862 -4.387862
T 2.193931 6.581793 -2.193931
G 4.387862 4.387862 0.000000
T 2.193931 2.193931 2.193931
W 0.000000 4.387862 0.000000
Y -2.193931 2.193931 2.193931


-53.985929	414570630
10

Y 0.000000 0.000000 0.000000
Y 2.193931 2.193931 -2.193931
D 0.000000 0.000000 -4.387862
P 2.193931 -2.193931 -2.193931
E 4.387862 0.000000 -4.387862
T 6.581793 2.193931 -2.193931
G 4.387862 4.387862 0.000000
T 2.193931 2.193931 2.193931
W 4.387862 0.000000 0.000000
Y 2.193931 -2.193931 2.193931


-53.781095	430675230
10

Y 0.000000 0.000000 0.000000
Y 2.193931 2.193931 -2.193931
D 0.000000 0.000000 -4.387862
P -2.193931 2.193931 -6.581793
E -4.387862 4.387862 -4.387862
T -2.193931 6.581793 -2.193931
G 0.000000 4.387862 -0.000000
T 2.193931 6.581793 -2.193931
W 0.000000 4.387862 -4.387862
Y -2.193931 2.193931 -2.193931


-53.781095	430576130
10

Y 0.000000 0.000000 0.000000
Y 2.193931 2.193931 -2.193931
D 0.000000 0.000000 -4.387862
P 2.193931 -2.193931 -6.581793
E 4.387862 -4.387862 -4.387862
T 6.581793 -2.193931 -2.193931
G 4.387862 0.000000 -0.000000
T 6.581793 2.193931 -2.193931
W 4.387862 0.000000 -4.387862
Y 2.193931 -2.193931 -2.193931


-53.781095	421467030
10

Y 0.000000 0.000000 0.000000
Y 2.193931 2.193931 -2.193931
D 0.000000 0.000000 -4.387862
P 2.193931 2.193931 -6.581793
E 4.387862 4.387862 -4.387862
T 6.581793 2.193931 -2.193931
G 4.387862 0.000000 -0.000000
T 6.581793 -2.193931 -2.193931
W 4.387862 0.000000 -4.387862
Y 2.193931 -2.193931 -2.193931


-53.781095	412457030
10

Y 0.000000 0.000000 0.000000
Y 2.193931 2.193931 -2.193931
D 0.000000 0.000000 -4.387862
P 2.193931 2.193931 -6.581793
E 4.387862 4.387862 -4.387862
T 2.193931 6.581793 -2.193931
G 0.000000 4.387862 -0.000000
T -2.193931 6.581793 -2.193931
W 0.000000 4.387862 -4.387862
Y -2.193931 2.193931 -2.193931


-53.316935	413257410
10

Y 0.000000 0.000000 0.000000
Y 2.193931 2.193931 -2.193931
D 4.387862 0.000000 -4.387862
P 2.193931 -2.193931 -2.193931
E 4.387862 0.000000 0.000000
T 2.193931 2.193931 2.193931
G 0.000000 4.387862 0.000000
T -2.193931 2.193931 -2.193931
W 0.000000 0.000000 -4.387862
Y -2.193931 -2.193931 -2.193931


-53.316935	416752410
10

Y 0.000000 0.000000 0.000000
Y 2.193931 2.193931 -2.193931
D 4.387862 0.000000 -4.387862
P 2.193931 -2.193931 -2.193931
E 0.000000 0.000000 -4.387862
T -2.193931 2.193931 -2.193931
G 0.000000 4.387862 0.000000
T 2.193931 2.193931 2.193931
W 4.387862 0.000000 0.000000
Y 2.193931 -2.193931 2.193931


-53.171865	412576410
10

Y 0.000000 0.000000 0.000000
Y 2.193931 2.193931 -2.193931
D 4.387862 0.000000 -4.387862
P 2.193931 -2.193931 -2.193931
E 4.387862 -4.387862 0.000000
T 6.581793 -2.193931 2.193931
G 4.387862 0.000000 4.387862
T 2.193931 2.193931 2.193931
W 4.387862 0.000000 0.000000
Y 2.193931 -2.193931 2.193931


-53.171865	417523410
10

Y 0.000000 0.000000 0.000000
Y 2.193931 2.193931 -2.193931
D 4.387862 0.000000 -4.387862
P 2.193931 -2.193931 -2.193931
E 0.000000 -4.387862 -4.387862
T -2.193931 -2.193931 -6.581793
G -4.387862 0.000000 -4.387862
T -2.193931 2.193931 -2.193931
W 0.000000 0.000000 -4.387862
Y -2.193931 -2.193931 -2.193931


-53.102583	421675530
10

Y 0.000000 0.000000 0.000000
Y 2.193931 2.193931 -2.193931
D 0.000000 0.000000 -4.387862
P -2.193931 2.193931 -2.193931
E -4.387862 4.387862 0.000000
T -2.193931 6.581793 2.193931
G 0.000000 4.387862 4.387862
T 2.193931 2.193931 2.193931
W 0.000000 4.387862 0.000000
Y -2.193931 2.193931 2.193931


-53.102583	412576630
10

Y 0.000000 0.000000 0.000000
Y 2.193931 2.193931 -2.193931
D 0.000000 0.000000 -4.387862
P 2.193931 -2.193931 -2.193931
E 4.387862 -4.387862 0.000000
T 6.581793 -2.193931 2.193931
G 4.387862 0.000000 4.387862
T 2.193931 2.193931 2.193931
W 4.387862 0.000000 0.000000
Y 2.193931 -2.193931 2.193931


-52.819807	617254310
10

Y 0.000000 0.000000 0.000000
Y 2.193931 2.193931 -2.193931
D 4.387862 0.000000 -4.387862
P 2.193931 -2.193931 -6.581793
E 0.000000 -4.387862 -4.387862
T -2.193931 -2.193931 -2.193931
G -4.387862 0.000000 -4.387862
T -2.193931 2.193931 -2.193931
W 0.000000 0.000000 -4.387862
Y 2.193931 -2.193931 -2.193931


-52.819807	606345210
10

Y 0.000000 0.000000 0.000000
Y 2.193931 2.193931 -2.193931
D 4.387862 0.000000 -4.387862
P 2.193931 2.193931 -6.581793
E 0.000000 4.387862 -4.387862
T -2.193931 2.193931 -2.193931
G -4.387862 0.000000 -4.387862
T -2.193931 -2.193931 -2.193931
W 0.000000 0.000000 -4.387862
Y 2.193931 -2.193931 -2.193931


-52.819807	312754610
10

Y 0.000000 0.000000 0.000000
Y 2.193931 2.193931 -2.193931
D 4.387862 0.000000 -4.387862
P 6.581793 -2.193931 -2.193931
E 4.387862 -4.387862 0.000000
T 2.193931 -2.193931 2.193931
G 4.387862 0.000000 4.387862
T 2.193931 2.193931 2.193931
W 4.387862 0.000000 0.000000
Y 2.193931 -2.193931 -2.193931


-52.819807	303645710
10

Y 0.000000 0.000000 0.000000
Y 2.193931 2.193931 -2.193931
D 4.387862 0.000000 -4.387862
P 6.581793 2.193931 -2.193931
E 4.387862 4.387862 0.000000
T 2.193931 2.193931 2.193931
G 4.387862 0.000000 4.387862
T 2.193931 -2.193931 2.193931
W 4.387862 0.000000 0.000000
Y 2.193931 -2.193931 -2.193931


-52.670044	724670530
10

Y 0.000000 0.000000 0.000000
Y 2.193931 2.193931 -2.193931
D 0.000000 0.000000 -4.387862
P -2.193931 2.193931 -2.193931
E 0.000000 4.387862 -4.387862
T 2.193931 6.581793 -2.193931
G 4.387862 4.387862 0.000000
T 2.193931 2.193931 2.193931
W 0.000000 4.387862 0.000000
Y 2.193931 6.581793 2.193931


-52.670044	714570630
10

Y 0.000000 0.000000 0.000000
Y 2.193931 2.193931 -2.193931
D 0.000000 0.000000 -4.387862
P 2.193931 -2.193931 -2.193931
E 4.387862 0.000000 -4.387862
T 6.581793 2.193931 -2.193931
G 4.387862 4.387862 0.000000
T 2.193931 2.193931 2.193931
W 4.387862 0.000000 0.000000
Y 6.581793 2.193931 2.193931


-52.659282	503465710
10

Y 0.000000 0.000000 0.000000
Y 2.193931 2.193931 -2.193931
D 4.387862 0.000000 -4.387862
P 6.581793 2.193931 -2.193931
E 4.387862 4.387862 0.000000
T 6.581793 2.193931 2.193931
G 4.387862 0.000000 4.387862
T 2.193931 -2.193931 2.193931
W 4.387862 0.000000 0.000000
Y 2.193931 2.193931 2.193931


-52.659282	506435210
10

Y 0.000000 0.000000 0.000000
Y 2.193931 2.193931 -2.193931
D 4.387862 0.000000 -4.387862
P 2.193931 2.193931 -6.581793
E 0.000000 4.387862 -4.387862
T -2.193931 2.193931 -6.581793
G -4.387862 0.000000 -4.387862
T -2.193931 -2.193931 -2.193931
W 0.000000 0.000000 -4.387862
Y -2.193931 2.193931 -2.193931


-52.647076	721764300
10

Y 0.000000 0.000000 0.000000
Y 2.193931 2.193931 -2.193931
D 4.387862 4.387862 -4.387862
P 2.193931 2.193931 -6.581793
E 0.000000 0.000000 -4.387862
T 2.193931 -2.193931 -2.193931
G 4.387862 0.000000 -0.000000
T 6.581793 -2.193931 -2.193931
W 4.387862 0.000000 -4.387862
Y 6.581793 2.193931 -2.193931


-52.647076	712754300
10

Y 0.000000 0.000000 0.000000
Y 2.193931 2.193931 -2.193931
D 4.387862 4.387862 -4.387862
P 2.193931 2.193931 -6.581793
E 0.000000 0.000000 -4.387862
T -2.193931 2.193931 -2.193931
G 0.000000 4.387862 -0.000000
T -2.193931 6.581793 -2.193931
W 0.000000 4.387862 -4.387862
Y 2.193931 6.581793 -2.193931


-52.647076	127164500
10

Y 0.000000 0.000000 0.000000
Y 2.193931 2.193931 -2.193931
D 4.387862 4.387862 -4.387862
P 2.193931 6.581793 -2.193931
E 0.000000 4.387862 0.000000
T 2.193931 2.193931 2.193931
G 4.387862 0.000000 0.000000
T 6.581793 2.193931 2.193931
W 4.387862 4.387862 0.000000
Y 6.581793 2.193931 -2.193931


-52.647076	217254600
10

Y 0.000000 0.000000 0.000000
Y 2.193931 2.193931 -2.193931
D 4.387862 4.387862 -4.387862
P 6.581793 2.193931 -2.193931
E 4.387862 0.000000 0.000000
T 2.193931 2.193931 2.193931
G 0.000000 4.387862 0.000000
T 2.193931 6.581793 2.193931
W 4.387862 4.387862 0.000000
Y 2.193931 6.581793 -2.193931


-52.647076	172134500
10

Y 0.000000 0.000000 0.000000
Y 2.193931 2.193931 -2.193931
D 4.387862 4.387862 -4.387862
P 2.193931 6.581793 -2.193931
E 0.000000 4.387862 0.000000
T -2.193931 2.193931 -2.193931
G 0.000000 0.000000 -4.387862
T -2.193931 2.193931 -6.581793
W 0.000000 4.387862 -4.387862
Y 2.193931 2.193931 -6.581793


-52.647076	271234600
10

Y 0.000000 0.000000 0.000000
Y 2.193931 2.193931 -2.193931
D 4.387862 4.387862 -4.387862
P 6.581793 2.193931 -2.193931
E 4.387862 0.000000 0.000000
T 2.193931 -2.193931 -2.193931
G 0.000000 0.000000 -4.387862
T 2.193931 -2.193931 -6.581793
W 4.387862 0.000000 -4.387862
Y 2.193931 2.193931 -6.581793


-52.610570	142107530
10

Y 0.000000 0.000000 0.000000
Y 2.193931 2.193931 -2.193931
D 0.000000 0.000000 -4.387862
P -2.193931 2.193931 -2.193931
E 0.000000 4.387862 0.000000
T 2.193931 6.581793 -2.193931
G 4.387862 4.387862 -4.387862
T 2.193931 6.581793 -6.581793
W 0.000000 4.387862 -4.387862
Y 2.193931 2.193931 -6.581793


-52.610570	241207630
10

Y 0.000000 0.000000 0.000000
Y 2.193931 2.193931 -2.193931
D 0.000000 0.000000 -4.387862
P 2.193931 -2.193931 -2.193931
E 4.387862 0.000000 0.000000
T 6.581793 2.193931 -2.193931
G 4.387862 4.387862 -4.387862
T 6.581793 2.193931 -6.581793
W 4.387862 0.000000 -4.387862
Y 2.193931 2.193931 -6.581793


-52.605929	114570630
10

Y 0.000000 0.000000 0.000000
Y 2.193931 2.193931 -2.193931
D 0.000000 0.000000 -4.387862
P 2.193931 -2.193931 -2.193931
E 4.387862 0.000000 -4.387862
T 6.581793 2.193931 -2.193931
G 4.387862 4.387862 0.000000
T 2.193931 2.193931 2.193931
W 4.387862 0.000000 0.000000
Y 6.581793 -2.193931 -2.193931


-52.605929	224670530
10

Y 0.000000 0.000000 0.000000
Y 2.193931 2.193931 -2.193931
D 0.000000 0.000000 -4.387862
P -2.193931 2.193931 -2.193931
E 0.000000 4.387862 -4.387862
T 2.193931 6.581793 -2.193931
G 4.387862 4.387862 0.000000
T 2.193931 2.193931 2.193931
W 0.000000 4.387862 0.000000
Y -2.193931 6.581793 -2.193931


-52.464737	610554310
10

Y 0.000000 0.000000 0.000000
Y 2.193931 2.193931 -2.193931
D 4.387862 0.000000 -4.387862
P 2.193931 -2.193931 -6.581793
E 0.000000 -4.387862 -4.387862
T -2.193931 -2.193931 -2.193931
G -4.387862 0.000000 -0.000000
T -2.193931 2.193931 -2.193931
W 0.000000 0.000000 -4.387862
Y 2.193931 -2.193931 -2.193931


-52.464737	310554610
10

Y 0.000000 0.000000 0.000000
Y 2.193931 2.193931 -2.193931
D 4.387862 0.000000 -4.387862
P 6.581793 -2.193931 -2.193931
E 4.387862 -4.387862 0.000000
T 2.193931 -2.193931 2.193931
G 0.000000 0.000000 4.387862
T 2.193931 2.193931 2.193931
W 4.387862 0.000000 0.000000
Y 2.193931 -2.193931 -2.193931


-52.464737	601445210
10

Y 0.000000 0.000000 0.000000
Y 2.193931 2.193931 -2.193931
D 4.387862 0.000000 -4.387862
P 2.193931 2.193931 -6.581793
E 0.000000 4.387862 -4.387862
T -2.193931 2.193931 -2.193931
G -4.387862 0.000000 -0.000000
T -2.193931 -2.193931 -2.193931
W 0.000000 0.000000 -4.387862
Y 2.193931 -2.193931 -2.193931


-52.464737	301445710
10

Y 0.000000 0.000000 0.000000
Y 2.193931 2.193931 -2.193931
D 4.387862 0.000000 -4.387862
P 6.581793 2.193931 -2.193931
E 4.387862 4.387862 0.000000
T 2.193931 2.193931 2.193931
G 0.000000 0.000000 4.387862
T 2.193931 -2.193931 2.193931
W 4.387862 0.000000 0.000000
Y 2.193931 -2.193931 -2.193931


-52.433589	410254410
10

Y 0.000000 0.000000 0.000000
Y 2.193931 2.193931 -2.193931
D 4.387862 0.000000 -4.387862
P 2.193931 -2.193931 -2.193931
E 0.000000 -4.387862 0.000000
T -2.193931 -2.193931 2.193931
G -4.387862 0.000000 0.000000
T -2.193931 2.193931 -2.193931
W 0.000000 0.000000 -4.387862
Y -2.193931 -2.193931 -2.193931


-52.433589	410754410
10

Y 0.000000 0.000000 0.000000
Y 2.193931 2.193931 -2.193931
D 4.387862 0.000000 -4.387862
P 2.193931 -2.193931 -2.193931
E 0.000000 -4.387862 0.000000
T -2.193931 -2.193931 2.193931
G 0.000000 0.000000 4.387862
T 2.193931 2.193931 2.193931
W 4.387862 0.000000 0.000000
Y 2.193931 -2.193931 2.193931


-52.364307	420764530
10

Y 0.000000 0.000000 0.000000
Y 2.193931 2.193931 -2.193931
D 0.000000 0.000000 -4.387862
P -2.193931 2.193931 -2.193931
E -4.387862 0.000000 0.000000
T -2.193931 -2.193931 2.193931
G 0.000000 0.000000 4.387862
T 2.193931 2.193931 2.193931
W 0.000000 4.387862 0.000000
Y -2.193931 2.193931 2.193931


-52.364307	410754630
10

Y 0.000000 0.000000 0.000000
Y 2.193931 2.193931 -2.193931
D 0.000000 0.000000 -4.387862
P 2.193931 -2.193931 -2.193931
E 0.000000 -4.387862 0.000000
T -2.193931 -2.193931 2.193931
G 0.000000 0.000000 4.387862
T 2.193931 2.193931 2.193931
W 4.387862 0.000000 0.000000
Y 2.193931 -2.193931 2.193931


-52.037320	321775430
10

Y 0.000000 0.000000 0.000000
Y 2.193931 2.193931 -2.193931
D 0.000000 0.000000 -4.387862
P -2.193931 -2.193931 -2.193931
E -4.387862 0.000000 0.000000
T -2.193931 2.193931 2.193931
G 0.000000 4.387862 4.387862
T 2.193931 2.193931 2.193931
W 0.000000 4.387862 0.000000
Y -2.193931 2.193931 -2.193931


-52.037320	312776430
10

Y 0.000000 0.000000 0.000000
Y 2.193931 2.193931 -2.193931
D 0.000000 0.000000 -4.387862
P -2.193931 -2.193931 -2.193931
E 0.000000 -4.387862 0.000000
T 2.193931 -2.193931 2.193931
G 4.387862 0.000000 4.387862
T 2.193931 2.193931 2.193931
W 4.387862 0.000000 0.000000
Y 2.193931 -2.193931 -2.193931


-52.037320	303667530
10

Y 0.000000 0.000000 0.000000
Y 2.193931 2.193931 -2.193931
D 0.000000 0.000000 -4.387862
P -2.193931 2.193931 -2.193931
E 0.000000 4.387862 0.000000
T 2.193931 2.193931 2.193931
G 4.387862 0.000000 4.387862
T 2.193931 -2.193931 2.193931
W 4.387862 0.000000 0.000000
Y 2.193931 -2.193931 -2.193931


-52.037320	303557630
10

Y 0.000000 0.000000 0.000000
Y 2.193931 2.193931 -2.193931
D 0.000000 0.000000 -4.387862
P 2.193931 -2.193931 -2.193931
E 4.387862 0.000000 0.000000
T 2.193931 2.193931 2.193931
G 0.000000 4.387862 4.387862
T -2.193931 2.193931 2.193931
W 0.000000 4.387862 0.000000
Y -2.193931 2.193931 -2.193931


-51.772057	505460630
10

Y 0.000000 0.000000 0.000000
Y 2.193931 2.193931 -2.193931
D 0.000000 0.000000 -4.387862
P 2.193931 -2.193931 -2.193931
E 4.387862 0.000000 -4.387862
T 6.581793 -2.193931 -2.193931
G 4.387862 -4.387862 0.000000
T 2.193931 -2.193931 2.193931
W 4.387862 0.000000 0.000000
Y 2.193931 2.193931 2.193931


-51.772057	606450530
10

Y 0.000000 0.000000 0.000000
Y 2.193931 2.193931 -2.193931
D 0.000000 0.000000 -4.387862
P -2.193931 2.193931 -2.193931
E 0.000000 4.387862 -4.387862
T -2.193931 6.581793 -2.193931
G -4.387862 4.387862 0.000000
T -2.193931 2.193931 2.193931
W 0.000000 4.387862 0.000000
Y 2.193931 2.193931 2.193931


-51.682250	320675430
10

Y 0.000000 0.000000 0.000000
Y 2.193931 2.193931 -2.193931
D 0.000000 0.000000 -4.387862
P -2.193931 -2.193931 -2.193931
E -4.387862 0.000000 0.000000
T -2.193931 2.193931 2.193931
G 0.000000 0.000000 4.387862
T 2.193931 2.193931 2.193931
W 0.000000 4.387862 0.000000
Y -2.193931 2.193931 -2.193931


-51.682250	310576430
10

Y 0.000000 0.000000 0.000000
Y 2.193931 2.193931 -2.193931
D 0.000000 0.000000 -4.387862
P -2.193931 -2.193931 -2.193931
E 0.000000 -4.387862 0.000000
T 2.193931 -2.193931 2.193931
G 0.000000 0.000000 4.387862
T 2.193931 2.193931 2.193931
W 4.387862 0.000000 0.000000
Y 2.193931 -2.193931 -2.193931


-51.682250	302457630
10

Y 0.000000 0.000000 0.000000
Y 2.193931 2.193931 -2.193931
D 0.000000 0.000000 -4.387862
P 2.193931 -2.193931 -2.193931
E 4.387862 0.000000 0.000000
T 2.193931 2.193931 2.193931
G 0.000000 0.000000 4.387862
T -2.193931 2.193931 2.193931
W 0.000000 4.387862 0.000000
Y -2.193931 2.193931 -2.193931


-51.682250	301467530
10

Y 0.000000 0.000000 0.000000
Y 2.193931 2.193931 -2.193931
D 0.000000 0.000000 -4.387862
P -2.193931 2.193931 -2.193931
E 0.000000 4.387862 0.000000
T 2.193931 2.193931 2.193931
G 0.000000 0.000000 4.387862
T 2.193931 -2.193931 2.193931
W 4.387862 0.000000 0.000000
Y 2.193931 -2.193931 -2.193931


